-5.730635592620441976e+00
1.109280160994123321e+01
-6.038002208255795367e+00
-2.126286489015998526e+01
-1.531957099207832407e+01
-3.652493551097379942e+00
1.568338788571944642e-01
-1.768195940335784400e+01
4.232618909311521627e+00
-2.536570265087702669e+00
1.362281161622576775e+01
1.808484646636887305e+01
-1.120152106789736424e+00
9.601934585471463279e+00
-7.582103455799924951e+00
-4.320060067035041307e+00
-8.125249637817708148e+00
-7.777216893129788033e-01
-1.762972549803807354e-01
-2.105704127037629902e+01
2.916885501917387558e+01
-2.069306502714864493e+00
2.026864680065567192e+00
5.666141139987141528e+00
-7.090778019343158434e+00
-4.109304148174562243e+00
4.911571706924550362e+00
-1.451842692483455188e+01
1.476091354549060775e+01
5.311363872715906265e-01
-1.521067566618888556e+01
-1.319373437869643695e+01
-1.009914714581368855e+01
-2.499020748721273222e+01
-8.451716789441277911e+00
2.076527463936317730e+01
-8.252869171674126036e+00
-1.411119468291092005e+01
1.401002114867874759e+01
9.967754833763553535e+00
-1.595119630989167092e+00
5.243626692534357758e+00
6.818407206048284763e+00
-1.410579285069997901e+01
-1.641454577380022073e+01
-5.602521322505861434e+00
-3.248144064513098339e+00
1.392420099578111703e+01
-1.182918317919332107e+00
5.148579604131338527e+00
4.260875034347948898e+00
-1.947194842680199756e+01
-1.192294061607897682e+01
4.473780390463319989e-01
5.701707805762400660e+00
1.723777158229782813e+01
-3.847604661081071242e+00
-1.192092820573360079e+01
1.882350579580416294e+01
-9.078379318299379719e+00
-1.293166234450712082e+01
1.970457101509987652e+01
-1.174237800981165591e+01
2.118848899116816753e+01
2.769225235371868266e-01
7.804104102520404318e+00
6.660926901215225904e+00
8.606319190835142408e+00
6.233281631230845221e+00
-7.139132440756871034e+00
2.493078139937738025e-01
-1.473531342695023483e+01
-7.705728523856848255e+00
-1.080247002322813010e+01
-2.820059023702201273e+01
8.901808012765725309e+00
-9.181266611897545005e+00
4.769160963899883754e+00
-4.566007672579775800e+00
1.143838733559148046e+01
-5.768703478677672081e+00
-4.805099804696308041e+00
1.017797552951769191e+01
-9.127394707494987713e+00
-2.587617622638325177e+00
2.167147364159902612e+00
1.375107193045475285e+01
-1.971218017830860703e+01
1.378214133641698780e+01
-8.441698005940857286e+00
4.945538078240000601e+01
1.186528260922232647e+01
2.984961058684731938e+01
-6.550138723319917311e+00
1.083355375943589038e+01
1.786822645443142843e+00
3.099857975128524679e+00
8.839864726910649395e+00
-1.888177291329343532e+01
1.553923264366761181e+01
1.522454140656542698e+01
1.533299039198589142e+01
-5.180290777286430171e+00
6.929766356441048991e+00
-2.385389378031816676e+01
6.595252165766427588e+00
-1.586642319576991156e+01
-1.870172642750310921e+00
-1.587769617000742040e+00
-1.249066126823879408e+00
1.683697026171223143e+01
1.390145455016951193e+00
-6.444607477820663455e+00
9.880079259426272742e+00
1.522952556666910873e+00
1.267439588122048733e+01
-7.026916512188330799e+00
1.003418873128538635e+01
2.436664603227454862e+01
-2.369172865504816983e+01
6.544174404598353867e+00
-7.036434714497604936e+00
3.574818351313674647e+00
-4.450046423575851229e+00
1.420009304978165332e+01
-1.360191199131439888e+01
-7.723235350051212755e+00
3.094635761111865779e-01
1.109038576046595637e+01
5.898493789539930532e+00
5.372829000744423489e+00
-1.992404011857385981e+01
1.158187654016450097e+01
1.646707900339294639e+01
3.450784406537245719e+00
-1.311724916254312845e+01
-2.409074630031061304e+01
1.635044452566011586e+01
-6.111546820147058412e+00
-1.467694157706256064e+01
-2.340299118832048997e+00
1.073645808295780313e+01
1.209651491888184083e+01
-3.499734696117995725e+01
-1.247527576151015394e+00
3.914735191557796590e-01
2.463813745501255781e+01
-1.734718522189371370e+01
2.031033150720265823e+01
1.903975101917215795e+01
-1.234955135358458911e+01
1.473120704433214856e+00
-1.226781709762670403e+01
-1.138248306573468227e+01
-1.574202696467802198e+01
2.035075114230722448e+01
2.407264042120616399e+00
7.391572502354033958e+00
1.854136184725413372e+01
-2.433724383005038128e-01
-4.345063750306188410e-04
-6.621287657375983571e+00
5.943375493470356652e+00
2.165703947851864442e+01
-1.907364080723863253e+01
-6.361819356987659546e+00
2.139804317439115167e+01
-1.058492400853998561e+01
-1.198037879564819441e+01
-7.927468415176519123e+00
-2.182802252184422898e+01
-1.923431376403653914e+01
-1.054462886318479420e+01
3.685991887109938858e+00
4.947615485141576563e+00
-1.567943482779392106e+01
6.385342270250340846e+00
2.220198744110869171e+01
-6.501205827191954612e+00
1.399375914813856037e+00
-5.753566977271913352e+00
-4.595506552380196341e-02
-5.895350885934377061e+00
3.279004319269596124e+00
-2.206775967946129846e+00
-4.794777163279752230e+00
-6.074936687755720932e+00
-2.637430011094301197e+00
-1.519965392824479977e+01
-4.554202140357011430e+00
1.513999079712118068e+01
-9.514804733745386045e+00
-1.851499099655507852e+00
9.757864930854363017e-01
2.245441263169646007e+01
9.854898417943262601e+00
4.950236598709917502e+00
8.959333960004769892e+00
1.152878746631031781e+01
2.564396802713904577e+00
-6.432008892956761592e+00
-3.326300641090513821e+00
7.225547071824450107e+00
2.297864976349784261e+00
-3.862327818355475451e+00
-1.686488800393333598e+00
-6.449761939605515693e+00
5.458102414385905377e+00
5.884414871535874170e+00
1.867049012904577054e+01
-4.446963422494401463e+00
2.312390835202374362e+01
-1.920876128789373283e+01
1.729475763795094778e+01
-1.754156133227821712e+01
1.794361859449600161e+01
3.192719564899190843e+00
1.598009213749980439e+01
1.526144554957420851e+01
-1.614533090572254892e+01
1.546183621259186225e+01
9.923674087825224976e-01
-1.445192390754036715e+01
3.916454872390045416e+00
-8.391627690483935975e-01
6.362506846116030346e+00
-1.962585008840044054e+01
-1.052176718038357883e-01
4.263092356932185467e+00
1.172426268027521346e+01
-6.666926113264353582e+00
-1.677448941913543123e+01
-9.662273326813366481e+00
1.342285301319408042e+01
-4.986184967209895014e+00
-9.098484805953159338e+00
3.499298095288998489e+00
-2.588126585045265493e+00
-7.693239035649779289e-02
9.673052126502261316e+00
1.088532026725909141e+01
1.578069083260517225e+01
1.020637572620941214e+01
-2.893027444569232287e+01
-1.225788595413524718e+01
5.725018579004403918e+00
-3.134511691808542500e-01
5.203966370681181175e+00
6.247218285113429026e+00
-1.328609099123888271e+01
-1.173349975087430330e+01
1.268035984305392283e+01
5.015003305817121060e+00
-2.251278248947191685e+01
-1.432531976698868448e+00
6.436178410247035409e+00
3.909418569714808278e+00
-1.157546997461232463e+00
2.296212256792362627e+00
8.447629903309545440e+00
5.370116043643070602e-01
1.820167250012095650e+01
3.102049992630671049e+00
6.689564449590874595e+00
-8.769143074490793666e+00
-2.456402380501577998e+00
2.610844727026224987e+01
1.489152090270219908e+01
2.015242844339272210e+01
-2.443380194367478353e+01
-1.167016633601819997e+01
-6.624014207847777946e+00
1.210901651118553879e+01
-2.951807514335692773e+00
1.284841914590700362e+01
-2.728678088641683264e+00
1.052171830326145674e+01
1.806550276091873997e+01
-1.738631014297011745e+01
-7.672399733120075282e+00
-2.618202430809551728e+00
9.193581154305086045e+00
-1.210970097910515442e+01
-3.375482288528736774e+00
3.558254583425374040e+00
1.607909464657395304e+01
8.384222244033331606e+00
3.708333460031961959e+00
1.003357700336671599e+01
-1.485814874520502826e+01
1.453008190898509433e+01
-1.759940867383805951e+01
-1.445634109127727385e+00
1.479239985580042926e+01
-3.454096960806617034e+01
2.160128894059510252e+00
-1.187787198987371440e+01
-6.792815908197196606e+00
-1.692902725113629003e+01
-3.674508121022359575e+00
4.356533295991007471e+00
-2.011854498898134835e+01
2.054736413424836883e+01
-1.292940416521825320e+01
-7.742281588396771497e+00
1.131817744183207175e+01
-1.165059408621642589e+01
-2.336709830871138482e+00
1.055720981055253205e+01
6.981445911243454816e+00
-3.814628902035316127e+00
-3.056002065286418556e+01
-1.120434277362259579e+01
7.681670484433769097e+00
-2.838757728992530360e+01
3.346169792706387369e+00
1.014592389547521023e+01
1.441078711377139854e+01
1.061878250130083412e+00
1.033867329695395965e+00
6.696846990360951324e+00
-1.213893257893764677e+01
1.466834956186118433e+01
7.666154871513636060e+00
4.841701968453345550e+00
-1.168828321200917131e+01
-8.012105516367515889e+00
1.735958796830741058e+00
-1.404753201100050575e+01
-1.857070894655072024e+01
4.420100003174134429e+00
-1.791804875153693466e+00
-4.828547508390135690e+00
-2.643852204922967353e-01
-1.924854913587935812e+01
8.907467044568946335e-01
1.020224885256555858e+01
-6.519385319733333795e+00
-1.089365713927527501e+01
2.039699545949175885e+01
1.243934610440159849e+00
1.455761911401235409e+01
9.882026808033680609e+00
1.814197782846225948e+01
4.719831798805519618e+00
8.709004689483035300e-02
2.211772951970845558e+00
-2.276761566293659111e+00
3.525927182263441928e+00
-2.805859994267448698e+00
-3.123662040682070540e+01
1.685091085258636312e+01
-3.955071358226666778e+00
5.001826576166681804e+00
-8.394955976472383341e+00
-3.730846204209572026e+00
-3.072290316686168410e+01
1.257779716570502160e+01
-1.592524818921484275e+01
-1.014976082463025975e+01
3.327751957070365307e+01
-2.479685674336175438e+01
-3.160492400817053404e+00
-7.159553305080112118e+00
-9.435665526800427472e+00
6.596471731902965985e+00
2.717788688925964280e+01
-1.143766155345334212e+01
1.748062962039459478e+01
-1.524259509623814068e+01
1.274056756486858966e+01
-7.755650690423754767e+00
7.543922216317425544e+00
1.340568771875452825e+01
-3.467065132685831941e+00
-8.018634278316779884e+00
-1.642560272450618797e+01
-9.208399942132221128e+00
1.067303273128144880e+01
-8.774394057459083740e+00
-1.473563250604127961e-01
1.681345632472700657e+01
-6.725763584436227127e+00
1.045756102345490657e+00
-4.290803453618906360e+00
4.955704722464655099e+00
4.298212492576380939e-01
1.449102591161630649e+01
5.689181957735443440e+00
-1.141222491253134308e+01
-3.108008158837879953e-01
1.691571823843381495e+01
-5.407296697750366476e+00
-1.219529226723363102e+01
-1.558198812756145379e+01
3.151903217454804507e-01
-2.039813322502187276e+01
1.429293493340848009e+01
-1.343033470537404384e+01
-8.550679295528533785e+00
9.989566149837116882e+00
4.786624267480325656e+00
1.480864429507181868e+01
6.334668355958263497e+00
-2.640606039237048819e+01
1.272542861652576462e+00
3.436589274067333122e+01
8.838008403006359259e+00
-1.800299703484577307e+01
-4.462216331646716938e+00
1.524922138731609245e+01
-4.250246581221892583e+00
-1.932744521659149939e+01
-5.276076441995925848e+00
1.651893058638484568e+00
-1.384450047863595046e+01
-2.861154276313551392e+01
4.675199330759084226e+00
1.010536750791919047e+01
-2.165549341839786734e+01
-5.401176290433837401e+00
4.146037694904589621e-01
-3.186313555152210153e+00
1.366053150969692531e+01
-9.715453105084744578e+00
2.524950328277004274e+01
4.664596416171769455e+00
-1.672338165063435511e+01
2.894780535315750303e+00
5.099219557371659217e-01
3.081294346078104152e+00
-2.294743487816031102e+00
-5.171555270878786637e+00
-1.229354174999902582e+01
-1.621542844614783974e+01
1.953706075534885400e+01
1.163368604608463386e+01
5.014404514775723243e+00
-9.658395374291776747e+00
-4.561691991995816764e+00
-1.390606545378166192e+00
-1.214087899559198291e+01
1.544032299712774048e+01
9.575568034141561213e+00
-6.230300615319835700e+00
2.169586273339877636e+01
-1.573895438311664918e+01
1.460935699022989276e+01
3.229022171970452604e+00
5.931742941123625101e+00
-5.935208561518300563e+00
-9.817092822123528961e+00
-1.936074952932975890e+01
7.066246811819964613e+00
1.621776759208112750e+01
-1.029577648620518815e+00
-4.896709738404700474e+00
-1.167365334152107259e+01
1.911603188637179329e+01
5.371242583139323123e+00
-7.877358546109189952e-01
7.651875521126347834e+00
4.129709490153329199e+01
3.693361794514752994e+00
2.460515945976542085e+01
1.039072297240405085e+01
9.154969053956165226e+00
-2.914009975034680977e+01
9.845204509666798387e+00
-5.467761749584044040e+00
9.144663505797632652e+00
-5.111786834845564176e-01
-3.080772785827663007e+00
-1.266360509253146027e+00
-2.316403319784641823e+01
1.022201665736223219e+01
9.389681769763580377e+00
4.989943655386820609e+00
1.443629472483668508e+01
9.422082946459415354e+00
2.024147361022364144e+00
1.370277462413818981e+01
-9.260292662179095302e+00
2.740094570250729333e+00
-1.103209482668300878e-01
-9.881371938806433164e+00
-1.789681664266303329e+01
7.736632969048404807e-01
9.327367214959883412e+00
-3.464104733096792188e+01
-2.452021051839618160e+00
-2.763637363351088005e-01
-1.629765812000539782e+01
-1.025014282440839253e+01
5.018217605884442101e+00
-6.443392183777721938e-01
-9.178759398232408273e+00
2.741936964749822891e+01
-2.258708432658045773e+00
2.261713085591240713e+01
