1.066823670940024726e+00
1.421432669247420932e+01
-1.364149494678016383e+00
-1.300574829807854016e+01
-2.820699287683389400e+01
9.277066046333271032e+00
4.201311290330370873e+00
6.198808216315235597e+00
1.602638090815227567e+00
-1.042553868783687143e+01
5.238209094284759892e+00
-3.714945436790812572e+00
1.112666202915771763e+01
-2.570241431718406133e+01
-1.012137561718278178e+01
2.682363764301435793e+01
-9.800219910727687278e+00
2.728854360296559811e+00
1.605989176472666369e-01
1.550280555892498313e+01
1.955198744251158516e+01
-6.615002610749522560e+00
4.371990049561276237e+01
5.739700626535482186e+00
-1.065972450788990855e+01
1.193942727776207846e+01
1.436534700967765410e+01
2.668486457684308810e+00
-1.395056977499759299e+01
2.179315109818607610e+01
2.391996583442053570e+00
9.876738228337828218e+00
-9.608347171978270040e+00
2.032234647339809186e+01
-8.071094304742985059e-01
-7.741463827939936149e-01
1.171865750799988071e+01
-2.506600712714694534e+00
-1.115421451345975257e+01
8.700582725675789497e-01
5.290752307694784662e+00
9.275467914426236860e+00
-3.090510671350986627e+01
3.653809187909108580e+00
-8.649872373305917961e+00
1.184491481217464148e+01
-8.976142219556603408e+00
-2.879538883429210117e+01
-1.337812864529230339e+01
-5.295229488027934472e+00
-8.770927477030259212e+00
5.267472969288650830e+00
9.981345293950123931e+00
-2.148105205724064248e+01
1.167524526659416750e+01
4.073571920742723229e+00
1.098715302899247126e+00
9.118785221682816911e+00
2.217389555000390899e+01
-8.815404442851171751e+00
-5.330815765164940156e-01
-1.288962126689402021e+00
3.073017637147593462e+00
-1.197937847915588705e+01
2.163646024374307419e+00
3.218776342929442791e+01
1.202303025016295379e+01
-1.017464518117913030e+01
-2.880510982323555957e+00
-1.506380730882810104e+00
3.310502153774674383e+01
7.728998023019202357e+00
3.368085279310872693e+01
-9.223930374608649174e+00
-2.125171622826663054e+00
-4.244377628369791822e+00
2.958367934597508242e+00
2.185616715183060776e+01
-3.540844139051934292e+00
1.194405748133200884e+00
-1.302231941441888363e+00
1.348638236735839513e+01
8.359137330871007521e+00
1.225090668213749900e+00
-2.211012910235404050e+01
-4.318727229808231094e+00
8.950306517068746359e+00
1.515909443801053413e+01
3.154631797947526550e+01
-1.073364228171361923e+01
3.095144174659093528e-01
-2.099465875946056670e+01
1.486687242077482551e+01
3.505576442072414700e+00
-5.092635975879307608e+00
1.062916555766438975e+01
-7.187550048156785554e-01
7.477193040387858369e-01
1.686747464928338491e+00
1.114075263359605472e+01
-1.110027156494719236e+01
1.625032293433078578e+01
2.091674563300298217e+00
-5.523280769982929606e+00
-4.289034920740515844e+00
-5.391977581032970868e+00
-3.419501827950562678e+00
-1.140172610527482888e+01
-8.691838976156653018e+00
-4.485532105484917764e+00
2.975206730813751754e+00
-2.830549394211709924e+00
3.752643151076387795e+01
-1.486852795694519180e+01
2.992890513819033771e+01
-8.500739309598076332e+00
8.162438182931884612e+00
-5.595464294435948949e-01
1.163835790054780261e+01
-2.292314873510907791e+00
7.913667659908682595e+00
-3.828438387611494242e+00
1.106893409189030031e+01
-1.058854759512118715e+00
4.720709873544306490e+00
-1.654050509599837326e+01
4.243418582005107353e+00
2.928744567545192190e+00
-2.270032101854515538e-01
3.257954020776105963e+00
3.597212756970323166e+00
2.375573748310949895e+01
1.675286551856201811e+01
4.827516673420964466e+00
3.876287913923579076e+00
-5.065210644459941847e+00
-1.251025872790518711e+01
8.681189709320051850e-01
-9.211299494740220695e+00
1.390904578908144273e+01
2.589673585197960648e+01
1.827945177166570545e+01
3.187217976552561538e+01
1.320661664453075090e+01
-5.089427153512715130e+00
1.227263108928533519e+01
1.885506608669983430e-01
1.581630506521200985e+01
-1.995623754175500153e+01
8.220566982065843575e+00
-1.911405675985473618e+00
-6.960049750078201924e+00
1.319148086463050440e+01
-1.673700942472354924e+01
-1.173311170272098458e+01
1.257003576626976127e+01
1.652187388385700340e+00
-1.287833020366683812e+01
1.517813897939458201e+01
-8.072657410339317607e+00
3.962496791950012032e+00
-1.952417318370707378e+01
-2.228120217049958285e+01
-6.286770867153086861e+00
2.064980049181447619e+00
4.879312893633560577e+00
1.003831914693485494e+01
4.378652390780306547e+00
-1.516349776506687519e+01
1.672933109469377300e+01
-2.368162731231386431e+01
-1.927611108678655594e+00
-1.300590818418202055e+01
-8.121188215223025253e+00
1.395012198289134275e+01
2.144427062456884858e+00
6.194386776466416222e+00
-8.602151719178268152e+00
6.985262156757547913e+00
3.026804804650678804e+01
2.565926083460949059e+01
-1.124199190742757182e+01
2.709736670521557311e+00
-1.395542218348012931e+01
4.871434038592091120e+00
-9.187933585550828397e+00
-6.004554891757825530e+00
1.996906743755987179e+01
1.971391909961199218e+01
-1.077526123079468157e+00
-1.603140171133660985e+01
-8.677203032289416029e+00
-7.048380372772633073e+00
1.075356032857717103e+01
1.142938015959242115e+01
2.710018770945410793e+01
-8.322805565270307682e+00
-1.687279706901814436e+01
3.236065675751347293e+00
-2.064591292285513191e+01
1.037990535915350243e+01
-1.004643092122825365e+01
1.935653951272677986e+01
-7.925669453623584992e-01
-1.096268536792354986e+01
4.298891213517968879e+00
-7.905182331315066868e+00
1.433116192170473013e+01
-1.136355548636029411e+01
-7.527724081375251064e-01
-1.409027303489596150e+01
1.145864293346396501e+01
-6.728727822221792110e+00
3.620481039082607655e+00
-6.941597837063931742e+00
-6.283028551054529842e+00
9.751607068172122084e+00
-9.379289660026227438e+00
-2.720771052131738088e+01
1.269058881497919700e+01
-6.541929967608277607e+00
-2.311311284217330808e+01
-2.411962597481487691e+01
-1.043349101016559821e+01
1.936883961749860816e+01
3.917262444712393687e+01
1.179507498197203930e+01
-1.391585936975662108e+01
-1.162701044129798333e+01
-4.366036022673009498e+00
-1.319109834937604653e+01
-1.761785434769612735e+01
4.661629431987119432e+00
-7.842454951086136106e+00
-2.369047345896198031e+00
-8.533903784556581273e-01
-2.018781831115823522e+01
-9.599340471815981601e+00
7.697892246070702882e+00
2.429737871002863159e+01
2.497870141650115627e+01
-2.019794877753625784e+01
-1.828508570847993653e+01
6.054353590255338702e+00
4.058722864586190582e+00
-3.255871888515862622e+01
-4.003260976189612741e+00
-4.030612514468645102e+00
1.727184844492105142e+01
-1.290288368206038605e+01
-4.295116734307709017e+00
1.020111312809945403e+01
-7.919330671160156321e+00
-1.253184820644230157e+01
-1.052417428909189567e+01
5.697149791346810765e+00
-5.289334043001774788e+00
-8.140062691633747960e+00
-4.633887616046779456e+00
7.110779975320061119e+00
-1.857451184836584801e+01
3.270727024556310703e+00
2.372944696547479637e+01
-1.254539207447570082e+00
1.472362237956078790e+00
5.407148786665028517e+00
-3.500791673654736869e+00
-1.960658746925714624e+01
-1.427053509718237301e+01
-7.627679198541770234e+00
-2.668490843383089839e+01
-2.000610323055753703e-01
-8.741386600971745580e+00
-7.002168937466613841e+00
-1.204048286235432030e+01
-6.575582123859633477e+00
1.691892996382619785e+01
-4.773823582231852214e+00
-5.473115889239305254e+00
-1.784515943638828261e+01
-6.946415191038872727e+00
6.421005002680941764e+00
1.565259669439566181e+01
2.074323323707575284e+01
-1.900073598449102974e+01
1.160258155189859153e+01
-8.250647444812964082e+00
9.957529079650401016e+00
-2.181352425580157295e+00
8.837263626808020689e+00
-1.620951153261836453e+01
2.262508778372055662e+00
-8.096040260901474994e+00
1.089575067061335112e+00
-3.458874587504105591e+00
-1.106084512919034246e+01
1.170503052025757817e+01
1.381917453621792902e+01
-8.191054802973852134e+00
1.857576939837730734e+01
1.409834080633919484e+01
-5.799575054879142044e+00
-1.477386268196676955e+00
-9.416969908474786877e+00
1.189901971539858039e+01
-1.883327927307737015e+00
-1.629283818319888510e+01
-1.163754846419956657e+01
1.030665225929153550e+01
-1.816740950711706759e+01
-6.961359466592994316e+00
6.803249640241458174e+00
1.541738565836911512e+01
-1.184946866170319524e+01
-4.262979071548001819e+00
1.774629300594484960e+01
-2.588488344670850339e+01
-4.237272249993221607e+00
2.569671518045237857e-01
-2.204239644111372698e+01
-7.585745562203062065e+00
-3.833445846289822434e+00
-2.745424479426254116e+00
-2.345549532329688880e+00
1.140704770220157016e+01
-1.011358267109042686e+01
2.505050293025563946e+01
2.497564051167054799e+01
7.799684875407134399e+00
-1.016607493964589537e+01
1.046462786176043913e+01
2.259006391846526185e+00
-8.209255541410724888e+00
3.854738211494705080e+00
-1.079514067877655314e+01
-1.345286969988596759e+00
6.684359256869102595e+00
-7.579591413624623186e+00
-2.423154226452264126e+01
1.085590691077273906e+00
5.502968475770302348e+00
-2.740260940375049081e+00
9.733401404140815671e-01
3.429884409743388929e+00
-8.118375989549326377e+00
-1.620599123058741853e+01
1.249595062167162318e+01
1.903331268581603553e+01
1.908370152015582732e+01
-6.929117129085923921e+00
2.386304502153192342e+00
-6.844521150654140129e+00
-1.908619891818183945e+01
6.914674940799215186e+00
-2.350235480282985456e+00
-1.259612355820677010e+01
-1.018548831620785577e+01
1.405759691179727788e+01
-1.399202336859817741e+01
-1.715863551951660515e+00
3.156190341320170289e-01
2.497891534257474078e+01
1.378869659889202204e+01
-3.154681935422140526e+01
-6.793560590590228543e+00
-1.363525961277459864e+01
1.171490829363021646e+01
-7.818461212677894068e+00
-1.905054733872411088e+00
-3.526323315594164676e+00
1.651234726209865755e+01
1.242673618092349486e+01
4.943069913249104275e+00
3.609406451579133535e-02
2.950258842200632614e+01
2.231782877773034635e+00
8.726662706076670162e+00
-7.745136691390361428e+00
2.848334151399105618e-01
6.144018567740136660e+00
1.997386126973792742e+01
-1.362118616704963614e+01
1.568334744644939605e+01
-1.323291409668248697e+01
-1.805700797104871524e+00
-7.080176411614173659e+00
-3.002948865988058991e+00
1.337470624547756870e+01
-2.293056759526452737e+01
-1.007600697745211882e+01
9.480177620696933261e+00
-5.539800145281716937e+00
-1.425965034663719422e+01
7.356996233511438277e+00
4.741482966304437774e+00
-7.573801318932505744e+00
2.397713167509887278e+00
-1.025128302460696439e+01
6.396496820011146056e+00
-1.048995451704164061e+01
-5.555710760309167107e+00
1.291023693079688606e+01
-9.011535160173309578e+00
-1.924939427874025100e+01
-1.505241963662318661e+00
-6.112694676598779964e+00
1.020826080522020973e+01
-1.988608298952182052e+00
-8.286111546748678336e+00
-1.265469551327841202e+01
-1.582523843784102446e+01
1.400406543638522194e+01
1.354866484694639794e+01
-1.356378055715014064e+01
2.666140646432119965e+01
-1.396505678335705625e+01
-3.178421132485712342e+00
-2.647664560654675725e+01
1.194964442580401531e+01
-1.944048910421382281e+00
7.937164178067986242e+00
2.800826365240002058e+00
-5.830997061808201209e+00
-1.971799352878879086e-01
-2.056384372727626975e+00
1.772000471803410360e+00
-1.227523913793102750e+01
-3.528446712457376400e+00
-4.818117749605099753e+00
6.661339535910910215e+00
-7.203085102539772855e+00
2.128457226273205549e+01
-1.157574265903154931e+01
-5.691381495882935404e+00
-1.265399233825484515e+01
-1.445923376303833408e+01
-5.739531638258668522e+00
3.097822834453411645e+01
1.155221564843925108e+01
-8.492954354167707720e+00
2.701802210354085076e-01
3.499022128912844032e+00
-3.248627676881374526e+01
7.491585854616694462e+00
1.299342879437308440e+01
2.140996058821372117e+01
-9.110440493200009371e-01
7.179524110962306693e+00
-9.270975641893034691e+00
-4.222322323754302609e+00
8.969098405443807209e+00
-7.374873599125859158e+00
1.862602724292867773e+00
1.939955356077060378e+00
1.254576796322204402e+01
2.170936550141516985e+00
5.572999346587104164e+00
-7.882113255216384395e+00
-3.056369110716809345e+01
-1.518754596029039838e+01
-8.395365818776271638e+00
-9.477548356811142938e+00
9.177521696354402181e+00
2.411277888345079390e+01
2.100603181282435283e+00
4.000396213105644527e+00
-5.392502772256582588e+00
-4.755928099414017396e+00
2.553622543310587645e+01
-4.399937328846375451e+00
-9.509724265194332560e-01
6.725596934950154093e+00
4.195653969564812513e+00
4.686677599193879828e+00
-5.393933880403539938e+00
8.413747834209373000e-02
5.780204607066705691e+00
1.905983514438492676e+01
-5.175883026436243206e+00
3.057039093250946138e+00
1.583308104871759348e+01
-1.448961328642757174e+01
-7.862528756988082179e+00
1.641699046302411702e+01
-7.083713599138954820e+00
2.206992735767665792e+01
-1.074059649391065108e+01
7.017828226321682905e+00
8.319199336501805320e+00
1.243375973366103393e+00
-2.230393130315265537e+01
4.323075659868571563e+00
-9.388076497648176755e+00
-2.629007900095223249e+01
-2.804481027315513408e+00
-1.737470411521843872e+01
-2.753666316937096070e+00
4.853671849045274378e+00
2.059905679052524086e+00
-1.962413116313945594e+01
