-9.180960339354343747e-01
-1.777862514470204047e+01
6.599551979215630304e+00
-1.338311094767063381e+01
1.190623329358673210e+01
4.829410198708405488e+00
-6.826579072344816979e+00
-8.035390166377764487e+00
-3.479458157927976636e+00
2.329686672504811895e+01
-1.236323298284295547e+00
3.539141095849197782e+00
5.829479838493799804e+00
-9.920180408040376818e+00
-3.687403551720005002e+00
1.429947113966940631e+00
5.350391864651061979e+00
-2.012649818112736799e+00
1.976895516470588987e+01
2.042831177738684545e+01
1.431400415524666414e+01
-3.200926278630146449e+00
-3.429432768440272561e+00
7.057662270424516215e+00
-1.631369877142105196e+01
5.363041962403405805e+00
-2.393790344261792313e+01
-1.505708620218911697e+01
-1.849753288737668555e+01
-1.628956330906198247e+01
-1.652536740623424194e+01
2.395870375014262521e+01
-1.053338352189249605e+01
-1.835946898850836950e+00
8.572662950934272885e+00
1.096506576814536871e+01
1.298390323869876184e+01
-1.016415367901268141e+01
4.990757436789958312e+00
3.697242647324827658e-02
-1.234490366484217638e+01
1.515824764384432921e+00
-1.612496786141823790e+01
-9.872458838113544743e+00
-1.696869089651186213e+00
1.952263012097942863e+01
1.494905830297255278e+01
-2.920420897336318156e+00
1.391858995800347998e+00
1.557329103795864178e+01
-5.071955911344269374e+00
-1.386754521499860360e+01
1.580461424002098170e+01
-1.077328552141073637e+01
1.625434978443460521e+00
-6.168636079503278857e+00
-9.380264717664585916e+00
-9.318354777024502766e+00
-9.695730127011689348e+00
1.589885057906763954e+01
-8.201883420009647985e-02
-9.969260039442222610e-01
-2.193603077801085988e+01
9.166763180473662231e+00
-6.492685943143693406e-01
-2.637739907778444248e+00
-1.973619442020896741e+01
-1.010243117809067392e+00
1.257757696071183950e+01
3.247879953740382852e+00
3.872185351572147827e+00
7.592083629045260018e+00
1.112369603580406974e+01
3.396044712608093263e+00
8.950985262056526892e+00
-8.649598552902208581e+00
1.591603089731114196e+00
1.331707834673081692e+01
-2.139781160192493559e+01
-1.166316816259153200e+01
-7.522465700047007431e+00
2.696943164617879773e+01
-1.459481133228992711e+01
-2.208373910189745715e+01
2.635881691962452145e+00
-1.371044342190885779e-02
-2.532763768858734110e+00
1.047973530012538035e+01
4.042834216501965727e+00
-2.911335111710554591e-01
-3.190697774855307145e+00
8.781499436186560592e-01
-1.119783606160966727e+01
2.083912479978273780e+01
8.956826954058847434e+00
8.335321234538636048e+00
3.464603322850990264e+00
1.347562635183912283e+00
-3.854899438346996554e+00
-1.649672885879031980e+01
1.794651801502632082e+01
-4.182741040733324311e+00
2.992041777440156647e+00
5.511063871409462855e+00
1.631465919755328642e+01
-5.968765282948703677e-01
-9.149371549260303382e+00
-1.206553177527483278e+01
-1.174021359236460071e+01
2.240747086555586165e+01
2.215263202403201070e+00
-4.592989425189198727e+00
1.013529249737556981e+01
3.232047131010618912e+00
-2.165339120720428312e+01
-1.340290559650068403e+01
8.284496128277782034e+00
-5.224679168708973975e+00
1.937854104545495915e+01
1.038529307037094895e+01
-4.465435130732378077e+00
-1.011089071089157976e+01
9.090246172415255899e+00
-6.215774219671142298e+00
1.495430795640194432e+00
2.738329059832844337e+01
-9.027123617459341887e+00
-3.999276324570167684e+00
-1.677961550462625073e+00
1.015489789236999840e+01
1.486598779837154893e+01
1.264794618920742586e+01
1.585084833314749453e+01
8.189206585448049580e+00
-1.510393615317103055e+01
-3.578358696780078674e+01
1.845853474779303838e+01
-1.517335624793068716e+00
-9.298024753724854818e+00
7.550195129965511676e+00
-2.032114242052164599e+01
1.248869518625036434e+01
5.064429272793834258e+00
5.583348226314651441e+00
8.622379249934192913e+00
-8.092825869416657270e+00
1.723844617727452899e+01
1.526346051724977926e+01
1.354654924420939821e+01
-2.846851334005501499e+00
8.063744490517068542e+00
-1.025631882278020601e+00
-1.750190242548724573e+00
9.724163441364096272e+00
6.959211606947768303e+00
1.347148633489438652e+01
-5.329972284310041886e+00
-2.267458525460131469e+01
4.920991777666989364e+00
-9.600314804975086602e+00
-1.563198174497341419e+01
7.959096177330036159e-01
-7.802260639602442538e+00
9.485645153441200961e+00
-8.157113222616851900e+00
2.325045282048631634e+01
4.042287033781404304e-01
-1.080186251605373116e+01
-1.943746576901149936e+00
-4.574888739243911928e+00
-2.970342154971887361e+00
-1.325842823422637196e+01
7.206310158001851818e+00
8.550230378500025097e+00
-1.818469485155950638e+00
3.228430687220026907e-01
-1.954785679381180685e+01
1.669092888754442683e+01
-1.461385466165124924e+01
1.488779682994888276e+00
7.632429635930617629e-01
1.147375348858293798e+01
1.608744437221294277e+01
1.838941467437139110e+01
1.943067057343252024e+00
-5.709282772293012620e+00
-4.566565868977633613e+00
-6.445170126067995220e+00
5.936224832880551361e+00
3.326227380261078448e+00
-1.667786846078165297e-01
-3.152850433934547070e+01
1.691830334383001677e+00
1.422578588462128835e+01
-1.744829990665332886e+01
-4.380480286893795316e+00
1.469187183785038542e+01
2.776093140170175388e+00
1.010226932324428617e+01
9.643826031670039711e+00
-1.076299182907411733e+01
5.338913681313369963e+00
1.224439574522730645e+01
-1.132915819693956472e+01
-2.805411362367603445e+01
1.455699677715628937e+01
-6.072148459825429612e+00
8.110570282976397039e+00
-1.700297150926922907e+00
-4.085760282463986925e+00
-1.394651068839556274e+01
-1.278216824570792198e+01
-1.319960406024713073e+01
5.671227550132153183e+00
-1.008001941751807706e+01
-1.546115223418801676e+01
1.105445891992815000e+01
-8.855694268022567428e+00
8.386162650376785876e+00
-8.479941482168888101e+00
-8.932529380426643684e+00
-5.563656676894321862e+00
-9.848281062673150288e+00
5.960938519164126426e+00
1.187281265826169729e+01
-8.925831191415950272e+00
1.007595671487511879e+01
-1.020925475206309407e+01
7.662623067665443877e-01
1.538071533109490296e+01
-3.263130003938706558e+00
1.893075433503742033e+01
1.691979732338080566e+01
1.595365451993782990e+01
1.968227238960085224e+00
-6.874920186165144997e+00
1.826119390744241500e+01
1.231233859237515382e+01
2.854368623329488486e+00
2.252993469219390477e+01
1.033182133826221705e+00
1.048317719325651787e+01
-1.196713817399701085e+01
-1.809821104223554400e+01
4.726962809590307124e+00
-1.713387845265523879e+01
-3.191383019812453536e+00
-4.307118569668621610e+00
-4.687815957569069880e+00
-6.580379213621483814e+00
-2.564786022873669413e+00
-1.104622344229742836e+01
1.291042358498465603e+01
1.013624724892320828e+01
3.296075162261068670e+00
6.342113615050759989e+00
1.019000307981329811e+01
2.042278046227906874e+00
1.012438541360931232e+01
-9.706612485016034020e-01
1.871450158110300910e+00
5.270679308400544549e+00
3.887648815498533583e+00
-2.485890210375880827e+01
2.325096702858161279e+01
-9.311526637615045843e+00
1.032701995037108134e+01
-5.273713939570925380e-01
2.462708752568449011e+00
3.202248757046430305e-01
-4.781994920653312775e+00
1.051127142140764548e+01
3.740379585596668832e+00
2.448013594265592729e+01
-1.306117081920048584e+01
-1.073651100940364955e+01
3.521058966215825592e+00
3.858434295173522433e+00
-1.473445254073506661e+01
7.437984911457310666e+00
-1.400475549562040456e+00
-2.390157069048262972e+00
1.336013923273432269e+01
1.652077274993813560e+01
-1.021969413732702492e+01
1.173045190489438561e+01
6.610170431511143363e+00
-6.222418104566780350e+00
1.384005552567453101e+01
-1.647855960272893228e+01
2.029174610200922935e+00
-5.889436263274825833e+00
3.390005132491885398e+00
9.319345058753551569e+00
-1.652668954686289027e+01
1.612715726070450728e+01
-1.478549721607141976e+01
-1.031413979974183803e+01
1.400005771454568482e+01
1.730774552428630209e+00
-3.597308774582934188e+00
-1.725883716372878851e+01
-7.649240551668541777e+00
-1.286807733584215185e+01
9.270571978452437634e+00
1.826219458977395149e+01
-1.560181765800125220e+01
1.291143161415351681e+00
-1.346104417884907356e+01
1.866381589648646866e-02
3.753721656474663604e+00
1.340941037691966287e+01
-7.532365866641248076e+00
-5.055998066405171798e+00
-9.877519235990444457e+00
-2.440871165940605714e+00
-2.394631796637346000e+01
-1.796766931167275150e+00
-5.576456101124938947e+00
-5.376879560467995312e+00
7.950293506438177005e+00
2.707132323982853528e+00
-5.808205632203539359e+00
1.012767159374531900e+01
1.217519104206614600e+01
1.374778044928262943e+01
-1.792604277080720010e+01
-6.196400624255213430e+00
2.134218375897653175e+01
1.892333060248996546e+01
8.504833696700104806e-01
-3.725399357753458762e+00
1.351558902535388640e+01
-6.251386143434877418e+00
3.373154791352471982e+00
-1.640910864125357094e+01
2.450890074267865515e+01
-1.584066665377056182e+01
-7.974579984125671039e+00
-7.592887005939338962e+00
1.925473290676600513e+01
1.597822341502855181e+01
4.153092822250885163e+00
-1.473617364903294025e+01
1.070165909184476627e+00
-4.972882028762876772e+00
6.805969197020635519e+00
-1.263260546432081632e+01
-1.823248517615020248e+01
6.271184779490854844e+00
9.763973522355186674e+00
7.152803416132869962e+00
1.274185835396121647e+01
8.249585093267449709e-01
2.562651179619334307e+00
1.240078805147661534e+01
6.563637157407500311e+00
-1.731536065187921736e+01
4.491559954642676544e+00
8.502073747834018036e-01
-1.513416252987723176e+01
1.510706981515503955e+01
-2.305376714103515212e+01
-1.080701789037535665e+00
-2.776545957189171787e+01
-5.148077989004564259e+00
-1.303935587499091575e+01
-8.014698245477459793e+00
9.648099731430393788e+00
-6.967905917006412819e-01
1.878183619802907600e+01
-1.261196324673299785e+01
-5.612419202430523058e+00
2.394686795684988212e+01
-6.279177862185820302e+00
-2.532652888878397235e+01
1.692052774608409749e+00
-6.954457054376149472e+00
7.685482760718378437e+00
-1.512454687487178440e+01
3.182574243289296945e+00
5.868060499562578691e+00
1.923463179651161425e+00
-8.790367304875690735e+00
3.383250991150860187e+01
-3.136118771347494949e+00
1.291118960940702109e+01
-1.280694899445168566e+01
1.715684873173637115e+01
-1.803041811277928286e+00
-1.082228727523162171e+01
1.422792151969381358e+01
-1.813885773758915576e+00
2.543233929414216377e+01
-6.659194447219290325e+00
-8.776155289383503089e+00
1.542487287295228349e+01
-1.214384758906329909e+00
-8.214563986692601461e+00
4.456859859501046017e+00
-2.771399509155553886e+00
-9.112896554060824883e+00
1.812026789268871241e+01
-2.110032613948443725e+01
1.491475251626566578e+00
-8.360526196598227600e+00
-1.739478255498386750e+00
1.165391714615624608e+01
6.387607302486245864e+00
7.646993163211273092e+00
1.074295979612462926e+00
-3.106564663851383745e+00
1.253445433242849560e+01
-1.889381572312093027e+01
-2.152190150344602593e+00
1.226362581196117141e+01
2.028722015847114868e+00
-6.416842183512305731e+00
4.379060971287519699e+00
2.851472335724498652e+00
-1.784384521748769359e+01
-1.173368206495768717e+01
-1.807336006285082775e+01
1.510952330638408547e+01
1.227446016401272644e+01
-2.326509617449118661e+00
1.920417434819416291e+00
-1.471299183090540907e+01
-1.894174616614206741e+01
3.560777992997379293e+00
2.755201262784186866e+00
4.693990879911237868e-01
-8.024871266919243240e+00
1.195424956431275731e+01
9.001659050430465214e+00
-5.069372419751637437e+00
-6.355588049275990414e+00
-1.672417702269782680e+01
1.161995524836400406e+01
1.438452017082255097e+01
1.096025233243651620e+01
1.657564867349015003e+01
-2.881533771392935428e+00
-1.283358296082494077e+00
-1.094653294565156898e+01
-2.777707201409441051e+00
5.167037841483314686e+00
1.085119172108936603e+01
3.130715249723166504e+00
-1.462570595522549688e+01
2.301016382577687835e+01
-6.947954625090646985e+00
-1.447988449392736499e+01
-5.678936877827114316e+00
-1.231118986303719520e+00
-1.111636436818409202e+01
-2.926439904745144815e+00
1.862257194157783147e+01
-2.677080825017207744e+01
-1.159772112291235935e+01
1.730292980922904889e+01
-1.450859034238799872e+01
-8.873816505433127944e+00
-9.862682793629657496e+00
1.395061730953283785e+01
-6.382344954431778739e+00
-1.804370764326722831e+00
-1.424560678511628264e+00
1.228478234065733687e+01
1.058338914155516264e+01
-5.218656421757505992e-03
2.409740124338981992e+00
1.534060581783150035e+01
2.081615654738447674e+01
-1.096296452133761434e+01
-2.006591998214314643e+01
6.733133911370506652e+00
1.483995704050968101e+01
1.490185263667370474e+00
1.265142960664325678e+01
1.531982533203122543e+01
-1.936464469650747233e+01
1.225602220347912885e+00
-1.959082397477759585e+01
3.181789625192369897e+01
1.014368922524421812e+01
7.178983707803880954e+00
8.028280551155047462e+00
1.630001893185314543e+01
-6.210751121673087738e+00
-9.689241162656601958e+00
1.689786000847434622e+01
-2.578030512622779824e+00
1.208139742447860154e-01
-2.497273910311054834e+00
1.153255041547680371e+01
-1.908441263962596679e+01
-6.542849650988810772e+00
-2.349375603225768661e+00
-9.416493104334325182e+00
