2.683603222453726289e+00
6.240578386251747212e+00
-2.812785990712562523e+01
-1.496925475931514882e+01
1.767014903534443571e+00
-1.025448680080066488e+01
9.909039453031605049e+00
-1.416814707754600278e+01
1.369325130024648374e+01
6.437762452610838793e+00
-4.141580230162062115e+00
3.133463889079693132e+01
-9.618951488740412614e+00
-8.771031109334149534e+00
-8.212747735849470487e+00
-1.447213244588653192e-01
8.945909785134187331e+00
1.288687661520463301e+01
4.700179129971575165e+00
-8.545503230263831185e+00
-2.455717974196234721e+00
1.864664042828775337e+01
8.876996011575522871e+00
-1.047219941777811592e+01
1.584887853027021620e+00
-3.539016028581329465e+00
-3.870350498612331602e+00
1.862662125223419807e+01
3.864892279510371065e+00
-4.098047392293201696e+00
2.427575626173889844e+01
2.738903032289353945e+00
-2.628247780621799023e+01
4.249276296228850391e+00
-9.096232211689557090e+00
-2.967143931680086943e+00
-1.987055482835648235e+01
9.967375183228547542e+00
-5.623818776185251167e+00
-2.191613920245724856e+01
-3.471554524305352718e+00
2.575503239679476408e+01
1.673701215607906789e+01
9.809361274265400610e+00
-1.043682421672081873e+01
1.199319122279686312e+01
1.119111428069444081e+00
6.911281537139181808e+00
-9.889754085348801738e+00
-1.486613744158407258e+01
2.466266117989860618e+00
4.535304154907033869e+00
-3.600607127716399791e+00
8.604815202395720064e+00
-1.296243944795027581e+01
-3.739145185790980719e+01
-8.683504384868092618e-01
8.001101158031950433e+00
-9.728134766866780581e+00
1.025429524738693843e+01
-1.041115649595284687e+01
-2.516371077158082414e+01
2.256209835478151859e+01
-1.459056750520868206e+01
-1.470675986650644695e+01
-9.129307185317577122e+00
-3.981848354234610809e+01
1.246470897603957617e+01
-4.520673604239045851e+00
-3.451184417694283191e+00
7.167040425230205569e-01
5.471417437254993743e+00
-3.683738078771015978e+01
9.024283982991454067e+00
-1.422574288305889212e+01
-1.251348550314888897e+00
1.271986623532927929e+01
4.467901493981573324e+00
-4.993191118221939062e-01
-5.951598483157309438e+00
-7.207355801409573104e+00
1.796846395690197440e+01
-1.263413760404334774e+01
-5.765751558272690147e+00
-3.374297838445286857e+00
5.297734887329825781e+00
6.099084829317316547e+00
6.224247798476824300e+00
5.956106888904908025e+00
1.015001920891787535e+00
1.486979375251876156e+01
2.333332023353111140e+01
-8.816567180576432960e+00
-2.492380253194725981e+01
-1.177136284238633301e+01
5.472362878686470644e+00
1.569369391767974875e+01
1.054471397012679645e+01
1.509614531334682574e+01
-3.393806522911645640e+00
1.190020072592768408e+01
3.616211641210648509e+01
6.857553833065217486e-01
1.214979537983541924e+01
-1.611805239207795637e+01
-2.457284308884291057e+00
3.361019770449314326e+00
-1.375658775476054352e+01
-2.080920372136750274e+01
1.711156891642868771e+01
-4.856032659574450072e+00
-1.986261465651402602e+01
-4.757281045630941563e+00
3.914293716274429347e+00
-2.668060751810372011e+01
2.116024797337188090e+01
-2.489724576310244331e+01
-4.314969256476065596e+01
-1.648101606483675496e+01
2.351552094726379938e+00
-1.469688263888298074e+01
-6.538426698825666072e+00
-1.957035466752542519e+01
4.220738744588688363e+00
-2.054074266049297748e+01
-1.444802505983822094e-01
-1.963216190344646250e+01
-1.199527693689675800e+01
2.801600129196216216e+01
1.199817763254986325e+01
-2.601271970396666244e+00
-1.034603500592992020e+01
-1.751820702620447090e+00
-2.456392276544185549e+01
1.367367066327534531e+01
-4.262222474367707292e+00
-2.072391440197460710e+01
-1.170394747773242550e+01
4.127742657002810844e+00
3.207117175210929094e+00
-3.938522069770369338e+00
-7.853031893546334352e+00
-3.053268484691554008e+01
-7.685518452183960569e+00
-1.573183436281784076e+01
2.157037689690249849e+01
1.613061986958879146e+01
1.721972935191067933e+01
4.555257115778934995e+00
1.366116225049935551e+01
2.287325982684780357e+01
-4.655615289948450197e+00
4.432021087495382261e+00
-4.880361903878289276e+00
-1.575738095912711856e+01
3.324971083549295514e+01
-1.206232962928695507e+01
1.476764596095338611e+00
1.427821358423104314e+01
4.981314046425006303e+00
6.586376861037565256e+00
4.177789031636741868e+00
7.692061434745968818e+00
-3.168521323490214670e+01
2.282516369492340047e+01
8.690431079473139420e+00
6.318822966638216521e+00
1.445103634910629431e+01
-1.638733471833210276e-01
-1.230043968472258697e+01
4.119837984621948834e+00
-7.830056889046634439e+00
7.422096317668540166e+00
-7.975824307470884555e+00
-8.045908333594912420e+00
7.545581741707658274e+00
1.923765057244948551e+01
-2.711130027886674121e+00
1.502075269026079773e+01
3.242077640376708203e+00
2.446970246717576458e+00
2.048505015040502286e+01
-2.306667958835606491e-02
-4.836362178877710249e+00
1.420838599054111206e+01
5.938906621131858188e+00
-2.058968709195826641e+00
-3.536358092048935475e+00
1.583535585594264461e+01
-9.914065415552460792e+00
-2.989678882045720343e+01
6.884554922571576085e+00
1.809327790962112203e+01
9.160458795219306172e-01
8.464075837299679606e+00
-1.610247662477771513e+01
3.036538203342013276e+01
8.161787181965834970e-01
8.361506587093060716e+00
-2.453269848574448631e+00
2.202146159985922935e+01
1.358157261764501200e+01
-1.921867613516806728e+01
7.144497410787674418e+00
-9.722819985433382328e+00
-4.398131530784155530e+00
1.479390613406993005e+01
-2.021656092323073040e+01
-9.704548682045922803e+00
3.685593853148585453e+01
-2.885965617903802460e+00
9.555788608579630861e+00
-3.189439591324818579e+00
-4.931976507095470197e+00
1.480679720809469124e+01
-4.599040685388484206e+00
7.577957961839113743e+00
7.195211765647385960e+00
1.401573568111597723e+01
2.695750103767180050e+00
5.429728832408384775e+00
5.105315035164859516e+00
1.374689320691144800e+01
2.714527580604911350e+01
-4.763794471365210281e-01
-1.335272302572278491e+01
-6.789661339270799623e+00
9.168761580941191980e+00
5.528658179352376578e+00
-1.398180035175299762e+00
1.743047840121262126e+01
-2.119394729499115826e+01
-1.305754763459677292e+01
3.092685396553485067e+00
1.844124671060671616e+01
-6.988454820765958253e+00
7.866284660734674361e+00
1.338148016897829962e+01
-1.736760519444541373e+01
-1.417369112718659707e+01
-9.891199237564002544e+00
-4.622707346993401245e+01
1.033827598041466622e+01
7.482325146957705897e+00
-7.881389530436955226e+00
-1.527269840500581388e+01
4.680437610760612266e+00
1.793728478532781878e+01
1.902021712630138595e+01
-1.558294206396768367e+01
-1.576004820568558351e+01
1.675582403756355987e+01
-5.910057780915291659e+00
-1.614046796447269827e+01
2.512540915205644376e-01
-1.368801933538242466e+01
5.438150154082119769e+00
-1.953892398313257317e+01
2.538422252931553214e+00
5.185691587601611197e+00
3.059565607889255023e+00
8.692834429739814794e+00
-1.506567110954694932e+01
-1.343491119110873200e+01
-1.572342467360472185e+01
2.053343502848866464e+01
1.953675060740296621e+00
-7.286175034032821074e+00
1.447564033503788483e+00
-7.407544545945039971e+00
1.443371780062762433e+01
-1.781224351576397424e+01
2.655265500444648552e+01
-1.028772415925715045e+01
1.635247139395886729e+00
-1.638237879178799261e+01
2.256384710041316133e+00
8.602655513131994169e+00
1.317645161288745204e+00
-5.191618810359817537e+00
-1.821252770027345136e+01
-5.033455960668479889e+00
6.879796709967328283e+00
1.212455606356747317e+01
-1.683173877537318930e+01
3.193297541592100330e+00
-1.090961563471461560e+01
-6.287116612598737220e+00
-1.326475270763433656e+01
-6.952140038745409090e-01
9.041808033850323056e+00
-3.964106979784472462e-01
7.953828047092721398e+00
8.535443637369169778e+00
-6.027345779654467606e+00
9.373011791837708273e+00
4.769907940065133189e+00
1.879681962349097901e+00
5.307312539198616008e+00
-2.920956550665978568e+01
-2.817599451306300296e+00
-4.336920237509183096e+01
-3.201928216135785377e-02
-1.082026348238950675e+01
-5.247107251253019911e+00
3.081635867285936747e-01
1.252432320452051773e+00
-4.508887181625940599e+00
-5.672877692661170812e+00
1.564739798314790065e+01
-2.126907256043508454e+01
9.696116413851507687e+00
1.783390648859366490e+00
4.935501818070559210e+00
1.121657659422221975e+01
-4.106722838529033304e+00
-3.260422379248947777e+01
9.638627964891808730e+00
9.761429314235586574e+00
1.377343592032992170e+00
-1.867570086831491949e+01
-7.680847341514434490e+00
1.386612836536450999e+01
-2.092978032214231021e+01
-7.836260946026162522e+00
1.096577986470460786e+01
-8.363341669780965049e+00
2.182831025059621766e+01
7.475942207706508746e+00
-1.211066182602088404e+01
6.464153381025310452e+00
-4.351051925810660137e+00
-2.519851296727942724e+01
-6.561202739678749118e+00
2.838670992424940032e+00
-1.642773131103299278e+01
-5.313817109786475257e+00
8.238862094058692520e+00
-2.498246050572627297e+01
-8.189926583710310792e-02
4.528321273940026259e+00
8.223338824546740256e+00
7.846239788392749048e+00
-1.734089931748438218e+01
6.861385313408841391e+00
1.451396735732296150e+01
1.903485852016197244e+00
1.162358250638997781e+00
6.370428661843751783e+00
-3.278235054442471430e+00
-1.665201237337740636e+01
1.170007461643074365e+01
1.598212977532612555e+01
4.491337973846563969e+00
-6.906776432710093339e+00
2.039319035647938705e+01
-2.401951414531653128e+01
-9.991729244311379432e+00
-9.049467869425638966e+00
3.885500513295195302e-01
1.662920726830455820e+01
6.595229306615875142e-01
7.703363040140492224e+00
1.075418177541456721e+01
6.230108589520376938e+00
8.186346428281002119e+00
-1.633091538225954054e+01
-9.289468996844405524e+00
1.092229600981762871e+01
8.435485629213166803e+00
1.522209991480940516e+01
-1.846010675939987422e+01
3.945264325218432511e+00
-1.628612146057809440e+01
2.827475099611317333e+01
1.394577041648884075e+00
-1.267738590236096385e+01
1.332396884359801170e+01
-2.880213478497977597e+00
1.915718687286272148e+00
1.006147405403029182e+01
1.934862367196464650e+00
-9.598106280598390327e+00
-1.341163695011355905e+01
2.612162758416982555e+01
8.175370324373981035e+00
1.335739164170143267e+00
1.132498982004772969e+01
1.052311692126479947e+01
1.028379344649216875e+01
-1.394429727846031142e+01
8.017571916516821773e+00
3.624685080181313168e+01
-7.338342235822546300e+00
-6.920890833908501349e+00
-1.397311997298480790e+01
-1.406332741159267030e+01
-1.623739409184081950e+01
2.415787006629706468e+00
-6.973648684558245492e+00
7.571016648588628772e-01
-1.480272023971781614e+01
-2.987960616451586304e+01
8.394724812058369068e+00
-5.635160121862005767e+00
-1.589916400747332403e+01
-2.413451645803707990e+01
7.964721246530169552e+00
1.594379784319983173e+00
-2.276752793379240103e+01
2.578904143984810915e+01
-1.420824046779875505e-01
1.123963467973756236e+00
1.052077973194237615e+01
1.344156583113404579e+01
1.029360460628462537e+00
-1.386543620240373897e+01
-5.643955324760285386e+00
-1.019635692516995462e+01
3.082457446201960494e+00
1.566057112879841506e+00
-1.561390125959916375e+01
4.151819640219477137e+00
-2.067017247447538963e+01
-9.850260001590921632e+00
1.245948582982149233e+01
-4.788459846693299937e+00
1.059043055620356100e+01
-1.982124036058298699e+01
-1.911961213561595940e+01
-7.120897488748365589e+00
-1.539999734818458421e+01
5.760967299459258228e+00
6.638565072850816762e+00
1.330342272082302912e+01
2.903760172476631318e+00
6.025837033047580782e+00
-8.572838486881749986e+00
5.928353981702488618e+00
-1.042015941072818208e+01
3.281695354873856729e+01
-6.641491015756090910e+00
-1.756226050998988342e+01
1.597681222621245345e+00
6.314649831270262581e+00
-9.557218040993880948e+00
2.446528608787396664e+01
1.159339501724998556e+01
1.243682093426452795e+01
5.819629199173275147e-01
-8.642912256606322785e+00
6.093340009534144563e+00
-6.761905789031690261e+00
-2.003972958039663155e+01
1.322909040732812436e+01
1.927416789553005882e+00
3.070150837563128832e+01
3.979393861467896087e+00
-4.199802077776020326e+00
1.731650993607973366e+00
-2.417347127903175075e+00
-9.208276468078125276e+00
-1.540288550589669292e+01
3.044226925774082826e+00
4.386419630833313654e+00
2.807541900544073599e+00
1.666160537342157966e+01
2.218082403336431252e+00
-1.614525096039824348e+01
-2.160621770855476598e+01
7.714255960327185413e+00
-3.051906205187995980e+01
5.184452945303490878e+00
9.711683972516094165e-01
6.067921290486657959e+00
-1.515755525891690780e+01
-8.591257996017311882e-01
7.846624794736972497e+00
-2.890811533818766677e+01
-1.507202313464639332e+01
-3.291057982394267611e+00
1.251664576042540666e+01
-1.802763528070738630e+01
-1.780952486014097857e+01
-1.169612440884455573e+01
5.335707083187502420e+00
3.705051166698144272e+01
3.415999164363137908e+01
4.658552333644270682e+00
8.253196996777056427e+00
2.638988386109451856e+00
-2.697176068707995000e+01
2.231752368515031115e+00
1.376808821320055110e+01
6.259447915836089393e-01
-1.148834969365547565e+01
-1.690727475717615746e+01
-7.027105247903894236e-01
-1.583426311678034182e+01
1.541087500889488382e+01
