9.422276174731507581e+00
1.827494751081127244e+00
1.253018583447213397e+00
1.984039256503151805e+01
-1.024400358440748349e+01
1.364553294450860044e+01
1.779631365777861518e+01
3.164836677730752257e+01
1.078552310222650945e+01
-1.809704922287529527e+01
6.125594464878354017e+00
-1.597092205534485609e+00
-1.254017985891887044e+01
3.453290366690948687e+00
2.373194061805484978e+00
-1.585814050464134617e+01
-1.641104380816117470e+01
-7.002829738560640394e+00
1.690766884238852796e+01
3.858991766101292242e+00
-3.359133740905583032e+00
-1.948253163549924238e+01
1.621125113582872146e+01
8.096315613706389414e+00
-3.156103976076778395e+00
2.771966351065306977e+00
8.204150376308806614e+00
2.267249428620569773e+01
1.209673637320231476e+00
-1.842128875133669297e+00
-8.811566868862232838e+00
-3.021519611705257624e+00
-1.026149943016020316e+01
-1.128859642287513054e+01
1.228648097272533590e+01
4.559190113863522242e+00
3.236189499290596405e+00
1.123707035375883834e+01
8.388600196928289066e+00
-1.136330747387902962e+00
8.142836276472639412e+00
-7.415976386426341715e-01
-2.652730957414824076e+01
1.833191827974784616e+01
3.797911832431079215e+00
4.197560254075602515e+00
-7.786769358311703471e+00
-2.390933397063257715e+01
1.036931790217168370e+01
-1.689762187731533061e+01
-3.901440554271079497e-01
1.421170262738214340e+01
8.041119483896565612e+00
-8.742220800376053091e+00
2.946275194894433458e+00
1.464701423157560001e+01
5.785595256401696140e+00
1.867583419681390566e+01
-1.427692001363102747e+01
-1.446835243511827507e+01
1.099358097888037911e+01
-2.836496050166667260e+01
2.830164291585705882e+01
-8.909388779706715056e-01
-1.053026770878476093e+01
-6.554358741896784579e+00
-1.787308907852937878e+01
3.133142994875261067e+01
-9.796626039025577271e+00
1.686391669875682453e+01
8.740022734840412255e+00
-2.948784009179347798e+00
-4.061521325604305233e+00
8.490174992496074324e+00
1.525513683984789814e+01
5.932603150461667418e+00
7.723357127009848000e+00
2.477351308504652128e+00
2.050965548193230958e+00
2.293741522002450495e+01
1.696640199226548873e+01
2.208343684631929316e-01
1.348591087535225164e+01
8.195393359131479372e+00
-2.058775098901362810e+01
3.291731384113446346e+00
-3.404971565486624385e+00
4.046135450301989067e+00
1.303755440832112988e+01
2.633583574569160479e+00
7.569805064329664379e-01
2.136380583717795822e+00
3.582487797668253648e+00
1.777583600368137695e+01
2.392325702605551108e-01
6.082898056499503880e+00
-3.095472444743869733e+00
-2.796588771286692143e+00
3.855922573213467430e+00
-2.552718554314592936e+00
-1.891839132058364736e+00
2.538721441082558172e+01
2.770655526627581011e+01
2.372677156606888715e+01
-1.451202319497422089e+01
-7.648346555651803769e+00
1.438902815048617612e+01
4.686786718875501023e+00
1.913506883268751579e+01
-1.894801089350283974e+01
-4.233720351313891683e+00
4.608549065503675379e+00
-1.273113979378051397e+01
1.715116952956479679e+01
-1.718346451807299502e+01
4.142335184143211890e+00
1.046734197524891030e+01
-2.472960469383565751e+01
2.507907408164504659e+01
-2.154758517861885991e+00
-5.491233774591564032e-01
-9.164535557585262282e+00
1.376488038054407781e+01
-1.630793907154820133e+01
6.615642965285008614e+00
-1.448560641758549572e+01
-1.026443695997445449e-01
-4.042203233717973632e+00
9.725523836181713122e+00
-2.069828882569295203e+01
8.313552270340151651e+00
-1.744723713667421805e+01
-1.542666203208048792e+01
-4.498497110664826160e+00
4.345844897100440107e+01
1.163543246689318522e+00
1.544866348226370256e+00
-6.247057827408125874e+00
7.160442840706022771e+00
9.954603284895410908e+00
-2.488719903923248822e+01
-7.583458882523447464e+00
6.230207094811358814e+00
9.024072761755740357e-01
3.072376794671427991e+00
1.579472795496174875e+01
2.195362709202962748e+01
-1.334264901564980832e+01
4.924033790970845814e+00
5.861593474528507208e+00
2.728134909019350118e+01
-3.652097802412449745e+00
-7.270419214042117773e+00
7.248305362316336264e+00
3.893830640416887645e-01
-4.572718584444416479e+00
-6.550608828664357119e+00
2.197899774610873180e+01
-4.192360395671497209e-01
-3.106999110523533947e+00
-1.136129654483997697e+01
-3.308699139855398874e-01
-1.906769950824229554e+01
-6.216047493454671447e+00
1.178144748732386660e+01
-2.345985733728349398e+00
8.343301793517115428e+00
2.319481374064566737e+01
-2.531194661829063008e+01
1.399430262173102513e+01
-1.841540881997940460e+01
-1.446662645911749934e+01
-7.731432608428083775e+00
6.120722623790267214e+00
-7.524822909415269656e+00
2.705703372761550440e+01
-1.888698362260744279e+00
3.738542534000854012e+00
-7.164421709971470875e+00
6.496431121866817371e+00
-1.968997458412111046e+00
-4.495483966755108085e+00
1.130712876820330504e+00
-1.168388665390712067e+00
-2.721174741073103220e+01
-2.334199718527327505e+01
-8.158328757784229168e+00
4.160724680495566652e+00
-1.481803684929838028e+01
-2.576392947243128617e+00
-7.060510317703444727e+00
-2.095425427428206078e+01
-9.985053059468628200e-01
-1.359316306686990750e+01
9.172013383343375903e-01
-6.591334654596907150e+00
9.331896904927163838e-01
-4.841689230156921653e+00
-2.436221645807236658e-01
1.008886198906123610e+01
9.047512810985724130e+00
1.465060685693747544e+01
6.719885245913250316e+00
9.873200797438247633e+00
-2.921466635920098920e+00
1.063737991776166325e+01
1.989088773105323504e+00
-9.980931615223282094e+00
-5.333338654307686610e+00
5.988351816116074033e+00
-1.067965745350557505e+01
-2.303995466242735546e+00
-1.649527568175191661e+01
4.599360259384100758e+00
-7.464732691719603075e+00
1.868406206091185240e+01
1.905280773588323484e+01
-1.100567740627790769e+01
1.786131882982267527e+01
1.614963773655689394e+01
1.109998866681483776e+01
8.239609333602613717e+00
6.746185577008357193e+00
7.460093315025294602e-01
-3.072754739811910163e+00
1.439586526217526474e+00
2.179427234435009453e+01
1.304739898508073370e+00
-5.978749787962168050e+00
-8.154460358553841104e+00
-6.703132882611392951e+00
-1.870601337194326064e+01
3.654033803883726783e+00
1.246543169673961238e+01
2.658869249967015591e+01
-3.097818302610264141e+00
-1.233309030230281600e+01
6.434361433011068776e-01
4.687723629536694858e+00
1.445264339208809012e+01
1.037734155996368202e+01
1.007084860179026720e+01
2.510707825944263227e+00
6.040323621236312057e+00
9.816110789398555525e+00
1.321936092123003803e+01
1.132521694340335827e+01
2.643007815693331430e+00
-2.550597268096339576e-01
-1.084244231939893233e+01
2.333326136908774373e+01
1.581224226326161286e+01
1.320261933733235615e+01
-8.289919020846978626e+00
-2.451973041124038843e+01
-8.462099655112053753e+00
-1.681442605361379350e+00
-1.123027017161579622e+01
8.791783744051317129e+00
4.781382270119024724e+00
-2.189272366794314095e+01
2.538828458455880677e-01
-1.997996313722847583e+00
1.749580999308061280e+01
4.190774009481225804e+00
1.145803808810347046e+00
2.142928730154281070e+01
7.806762095594521611e+00
-5.157331213823779237e+00
4.499638296839941098e+00
-4.156193935345429136e-01
2.272268084241365393e+00
2.060648764962472512e+01
-8.214578635876144119e-01
-1.272298261365091676e+01
4.262933353489388288e+00
-4.517235416465925635e-01
-1.710219745155195881e+01
1.314933771850478905e+01
-1.712193360639726603e-01
2.955163555080163817e+00
-1.153457517083821138e+01
-4.253014922925884456e+00
1.288784460647510599e+01
7.041005579062142417e+00
-1.562715382619472848e+00
1.646316107589512967e+01
1.455658884560656396e+01
-4.232283018853964407e+00
1.905890199587011002e+00
2.416858369593584133e-01
-1.151853575518056516e+01
1.197988033204330982e+01
2.524646990257909351e+01
-1.815032627711736524e+01
2.182110968965113074e+01
-9.001512572494904774e+00
-4.466675136472701979e+00
-3.243918070185599412e+00
-1.082925377585149285e+01
7.569040612820160163e+00
5.106055905615890289e+00
-6.494083034195465842e+00
6.559082534612712401e+00
-1.635755207736814754e+01
2.674890373574697833e+00
2.660753648781265213e+01
-1.901409296960767392e+01
2.117783524806108986e+00
-4.357313175568747532e+00
-4.984881861243480650e+00
8.684644686100574162e+00
4.739868162317353750e+00
5.528362150007541054e+00
9.480637086510224520e+00
1.277763024756410459e+01
-2.537813669211598011e+00
-1.453797659157442546e+01
-5.262078097513877006e-01
-6.039450646373229148e+00
8.346908617242405626e+00
-9.931569998620920714e+00
4.609201926584855613e+00
-3.164302495396748682e+00
-4.944231278608105518e-01
-1.556447361295563070e+01
1.662001129762865759e+01
-1.088230013767322291e+01
8.726102122224908442e+00
-2.169907398815594135e+00
1.366317044910237755e+01
-2.090769381569026475e+00
-1.812582479596740237e+00
5.388944090519633967e+00
2.753336109462768633e+00
-1.115863331878866660e+01
-8.956739900274245159e+00
-8.822469479963766403e+00
9.308474348938315046e+00
-4.185106893958416840e+00
-1.948084158171261748e+01
-1.130202177690850363e+01
-1.915843638658360959e+01
8.276083598921339046e+00
-1.657132024057897013e+01
1.728849367896132350e+01
-4.920409059361311677e+00
-2.461620906608301240e+00
1.293026597523357779e+01
-7.247887552707144465e+00
-1.681990188435525369e+01
-8.336932100236669640e+00
-6.612950343146374976e+00
4.287956597306846085e+00
-2.205555883222294611e+01
-1.664344789975653427e+01
-1.672391971761970453e+01
1.408671013304039299e+01
1.636217649414100639e-01
1.688445108378640569e+01
-2.901582723641630501e+00
1.418335252536330593e+01
1.922911275950819388e+01
2.197828824139996584e+01
2.307232166087122494e+01
1.552348031148349961e+01
9.313990557930056369e+00
-1.270372068950359079e+01
1.585339204563849913e+00
2.784361015219982249e+00
-3.390223899117547290e+00
-2.466882819648229130e+01
1.100822933047184193e+01
-6.280879585942273913e+00
-1.223161147752896527e+00
-4.821999776259354498e+00
-7.198588265778237627e+00
-9.720595750853306072e+00
1.044898520242151463e+01
9.054179798986464078e+00
1.142728306765563318e+01
8.612865041827619805e-01
1.544236027547529844e+01
-3.154253498993292659e+00
-9.447888230467274440e+00
8.504057566805064639e+00
-1.620105235882749994e+01
8.349418680149476302e+00
6.489436304021269031e+00
1.987424756488266908e+01
1.653616419088776013e+01
-5.712079316188381384e+00
2.183335916258874221e+01
4.995664943269414238e+00
1.155844038202064006e+01
-6.124512529727954568e-01
-1.324807445070562295e+01
-1.016019051687065833e+01
-4.252548229058672469e+00
4.049664843851773277e+00
7.764078055002908485e+00
-8.567185734660140994e-01
3.688040339449452087e-01
-6.320556413744449209e+00
3.397300885038707641e+00
1.093005029492656544e+00
2.287341115560479476e-01
-1.083121163947063925e-01
-1.568207327622657665e+01
-8.495793750069861261e+00
-1.225093724887751989e+01
-1.212697914694327583e-01
-1.714186384241665451e+01
-1.121407974338573510e+01
4.350738784626761557e+00
2.445825114263692868e+01
-4.359979268222617943e-01
4.012741376293994300e+00
-1.948413712912817175e+00
-1.035400548711779756e+01
-1.061828468786809232e+01
-1.117966731362503374e+01
1.329909355570000073e+01
-7.692171612278411175e-01
-7.595218696352349141e+00
6.519145554110657770e+00
5.818107088406463845e+00
-2.821796578992130655e-01
1.438583137992502969e+01
7.756030152903599983e+00
-1.372419384561259648e+01
2.078517044498973831e+01
-2.641928340419837262e+00
1.737586966818725998e+01
-8.760769354916055462e+00
1.593823407023066130e+00
1.323599880357822833e+01
1.266068891882705927e+01
1.142378780152499473e+01
-1.648496818830445676e+01
-2.146771031431346177e+00
-1.412111349160042773e+00
1.489626073498958014e+01
-8.894920351553366800e+00
1.122139634065841385e+01
3.639842333461446700e+00
-3.368915429048490395e+00
2.796413987276093138e+00
-2.141476604900329761e+00
-5.656581582963966071e+00
-2.233222279660358467e+01
-3.533418337694456679e-01
-6.215760401806146085e+00
-6.638767920243413556e-01
-1.329465849971224856e+01
-3.548923017532427338e+00
-1.429855400272789723e+01
1.439968088885630992e+00
-2.078874737330965772e+01
4.273448712530182547e+00
1.844364806917044186e+00
6.856644001689216950e+00
8.614629156559836076e+00
-4.889682094655583455e+00
-3.309214445135929772e+00
-1.170443129045479047e+01
-3.863263481058802018e+00
-6.079801785936822967e+00
9.929453020429120258e+00
-1.496743824101776532e+01
1.390910136261200059e+01
-8.062053912623555973e+00
2.573554736602310378e+00
-1.558057089604192313e+00
1.977370781678216893e+00
-2.494231424315913515e+01
4.672757991525243959e+00
3.738422271547001241e+00
1.454246360815717676e+00
1.800113311917305836e+01
-1.980368753968607010e+01
1.321094159036036331e+01
-1.667585621511066263e+00
1.993404682368874248e+00
-9.666828825551203153e+00
-1.086490553853026775e+01
-2.240418302937032369e+00
-4.206785670128933674e+00
5.561305319592890761e+00
-1.003493030460426461e+01
5.159876188854404688e+00
7.058583104011903586e+00
1.768486897105384426e+00
6.125010162413117243e+00
1.635807502303971006e+01
6.854750424787141583e+00
-3.682532403495529572e+00
-2.074316251606971662e+01
-1.615753599189092782e+01
-3.322245359816916022e+01
