1.591848990199594205e+01
-7.154846806294342443e+00
8.947345761471838799e+00
5.303660048766400958e-01
-2.315661620541412891e+00
-4.104221649658016702e+01
4.450221015192565410e+00
-1.123028016607232971e+01
5.146498518682281365e+00
3.941296218210429636e+00
1.641037840077194687e+01
1.267620771709018435e+01
-7.807924110668464479e+00
-1.649946458739630417e+00
-1.184040134959068524e+01
-1.672592307862900185e+01
1.330775076570220783e+01
5.625878606504715052e+00
-3.274954468888895409e+00
-1.358470885916813664e+01
1.667098444879540731e+00
5.348446873893209386e+00
-3.970977441634808702e+00
3.785779452356969443e+00
-2.480305100210846270e+00
-8.094533473534280432e+00
-8.844120093987797304e+00
9.601776384546663934e+00
-8.127406420072228244e+00
-1.817421772094906851e+00
1.523226867204367529e+01
1.497532866074693381e+01
2.682100529657274279e+01
1.829181872023616595e+00
-1.139913374918673838e+01
-1.709501138048555546e+01
-3.357595154088639511e+00
-3.279052668868246201e+01
1.384588347375757600e+01
-2.153682692033444201e+00
2.730588390225396900e+00
1.163015330008332882e+01
-6.295003499516952594e+00
3.562988490751057835e+00
1.108941030360095681e+01
-3.425545356789262286e+01
4.338105029733070772e+00
-9.055674204591186438e-01
-1.417331460832612500e+01
-7.709927025042361493e+00
-4.448991105817625691e-01
-2.967052509437957841e+00
-1.193415632866135212e+01
1.600272482120633555e+01
-4.376704314414542552e+00
6.042778904503907533e+00
-6.604870214991048982e+00
1.012457170221003544e+01
-3.189349547608111290e-01
-9.942420302206105731e+00
8.231789559811958368e-01
-7.342424183373116087e+00
-7.635312376414351121e+00
-1.330042381474310531e+01
1.587329403984361775e+01
-9.944298929237705309e+00
-2.685359766595108866e+01
7.644440518125312778e+00
-2.913514096285748423e+01
-9.384254744191673492e-01
-3.839364991202919519e+00
-7.828963511073716575e+00
-9.508840973212635106e+00
2.023751951238535085e+01
5.092045284857033005e-01
6.810451855421163714e+00
-3.024125589756147203e+00
2.631302836845776127e+01
-1.481572344071228997e+01
-1.042761283668267325e+01
-4.001797086708263507e+00
2.108982703796864300e+01
-1.340183086760534614e+01
5.306094188397876721e+00
-6.402707345327018018e+00
5.495780479993443990e+00
-4.530700801881242690e+00
6.054356083606072580e+00
-2.017219798331183611e+01
2.106035940228586867e+01
-2.622488500795079780e+00
-7.526967373548727025e+00
-1.170258629230262315e+01
-1.763585250806627869e+01
-1.834328343883147028e+01
1.002872119008898188e+01
-5.500724557132676829e-01
1.601831561201326792e+01
-1.978204612751975588e+01
-1.769052612224361098e+01
-2.010356521961613652e+01
-8.547163474846765752e+00
2.307902996857149169e+00
9.571368355992381893e+00
8.512629787916779378e+00
9.804813920114897385e+00
-1.098056447831491056e+01
-1.156017692733047042e+01
-1.172699888221680808e+00
3.163825952872078684e+00
-1.855015402158029403e+01
6.605966204988079404e+00
3.861564079230759283e+00
5.971482370419385788e+00
1.416333978841468610e+00
-1.904658980733984919e+01
-6.002234274537867620e+00
8.054544402981722584e+00
5.948987339505807270e+00
-1.225266713070016245e+01
-1.378706191115395008e+01
-6.694222990429786080e+00
1.328775804497422541e+01
-6.087293697844551765e+00
-1.594189637932963599e+01
-3.886863034703667452e+00
1.069229357946921199e+00
8.184863632971994818e+00
3.112172805367337869e+00
-2.799383418939519697e+00
4.719381126982070462e+00
1.052393189748637425e+01
-1.172879468955434312e+01
1.219645116454299405e+01
6.722584856545299026e+00
-5.897156365941886413e+00
1.530576726275198318e+01
1.701753875863110110e+01
1.838491423685484349e+00
-1.239554870279961030e+01
-3.646038520278636064e+00
-1.223939716625164031e+01
1.600921418650679939e+01
-7.936397373095338104e+00
1.433945132930038646e+01
-3.964751883032043178e+00
-3.671434388566255702e+00
-4.134261477951346464e+00
1.465739610901105294e+01
1.022370296024729086e+01
1.108359825235095997e+01
6.808554339732910243e+00
8.638774945357200252e+00
1.284670053202032491e+01
3.720794316537472390e+00
6.092385089011746580e+00
-4.634847488670237325e+00
-2.840970836656663501e+00
-1.293817654207436441e+01
-1.333692390153968255e+01
2.789233250581351342e+01
1.153523949938293391e+01
-7.064458536459951254e+00
4.410560068651611765e+00
1.203607380387139081e+01
7.591356520220196025e+00
-7.037720443818588301e+00
-4.400135745219532879e+00
-3.104900010565710389e+01
8.677093433652890653e+00
1.926710307545540601e+01
-9.896511878950418506e+00
-2.794397097385138973e-01
6.736190975899859268e+00
7.478688508755279685e+00
4.259171160755279573e+00
2.336841830095276684e+00
-1.574743010004437060e+01
1.588198165649426130e+01
3.322935796512894502e+00
-7.152804131828327527e+00
1.799732101392790051e+00
-1.694809839185946387e+01
-2.381339055743443733e+00
-2.612492395923204924e+00
-5.975402365916984593e+00
2.237296360309549570e+01
-5.783187338235768138e+00
-2.076727641990490625e+01
1.235799267581276695e+01
1.635755997950657559e+01
3.538754314594669825e+00
5.510546438623451060e+00
5.340716907960107562e+00
2.129431129196543537e+01
-2.910238731494580833e+01
-1.267655381216229671e+01
1.254445577350146301e+01
-9.234167198871616744e-01
2.232883169399949708e+01
9.149431408066546201e-01
2.588559219579337878e+00
1.152180850150468849e+01
1.812355484611383716e+01
-9.683924953181525908e+00
-3.818940933135462679e+00
1.304302390537713574e+00
1.317574341894974799e+00
4.290972380890229587e+00
2.455835876382788641e+01
7.244055376973369320e+00
1.420543852896976844e+01
4.724876963814545583e+00
-8.580128840936602330e+00
3.839480425075994852e+00
1.458154470876395514e+01
6.056858872274695216e+00
-2.503155229962873562e+01
2.905528843959514163e+00
1.391298521622742435e+01
1.057560854895297275e+01
1.677834897421071503e+01
1.831677879099459449e+00
-1.185586427039723922e+01
6.216266354235209235e+00
-2.370723336835563799e+01
1.764847904196438577e+01
-1.192120764687185286e+01
8.661094685763801593e-01
-3.064393927797975792e+01
-5.807814799612364354e+00
-4.562708669400193706e+00
-1.222216190927199975e+01
1.464059660652318939e+01
1.870908762423858818e+01
9.055198514335597082e+00
5.808570425375013002e+00
2.192972514336324252e+01
3.353122738390188484e+00
8.319520214847813122e+00
-3.395259026769852539e+01
1.716439591719504421e+01
1.267239048020785575e+01
-2.299735066843521525e-01
8.875092199830413975e+00
6.289915315250450334e+00
-5.736030806856597053e+00
-2.922790739088884315e+00
-1.137383625829800904e+00
6.188549084287389146e-01
1.253460298345824508e+00
3.158741818164393678e+01
2.551705733994506620e+00
-5.483311566001282777e+00
-5.398544093234266761e+00
1.807188448127131863e+01
6.161168160073201783e+00
-6.147030884373013926e+00
1.076482473102319659e+01
-2.282444150099695257e+00
-1.644467016074497678e+01
-1.121412228459637994e+01
1.992995641348418800e+01
-2.413333023833580393e-01
-9.005272026256413653e+00
2.215617851541043848e+01
3.426136348563381340e+00
1.785466859045269317e+01
-2.332191933913841719e+00
2.343487364796434491e+01
-5.083716096655863659e+00
1.163019478744339352e+01
-1.088426657371729078e+01
-6.562228709920514547e+00
-6.539625434939783766e+00
1.135958854070817026e+01
3.882829639646076636e+00
1.349237805849091254e+00
8.105382903797677230e+00
8.298948344165914648e+00
-1.249110160817434689e+01
-6.639059391872599303e-01
2.904157091912599409e+00
3.183188360249636695e+00
5.952189435331456391e-02
3.624824165731621584e-01
1.186592633201352243e+01
-1.214655353062194187e+01
-4.367615974466955819e+00
-4.346235176140556433e+00
2.219799506227341013e+01
1.173299790372519169e+01
3.885633049851428655e+00
-2.810816878789871609e+01
-5.580283842641420300e+00
6.278732020349467646e+00
-8.069855600648317306e+00
-4.063288213494526957e+01
-5.954118289405690767e+00
8.562162501903774370e+00
-1.682812301955410916e+01
-1.359060676293798053e+01
-1.211151861442066746e+01
1.337951501612564975e+01
-2.261718550287016782e+01
3.878127398754124489e+00
-1.179535968190605999e+01
-2.969342075531938185e+00
8.605256744256895018e-02
-4.217849536432103363e+00
-7.428387692374258222e+00
1.234277631012167831e+01
6.495600253548739822e+00
-8.885827586520468557e+00
4.364998661701037896e+00
1.325521234567271112e+00
1.566257045901087386e+00
-2.344303175359474078e+00
-1.078644088949341118e+01
-4.869577324400248486e+00
8.327169785209064257e-01
-8.229628866325295888e-01
4.097292403531771043e+00
2.759173857358978665e+01
2.951834717248893369e+01
-2.823684389755119994e+01
-6.002797822836992481e+00
-2.297608434435498381e+01
-2.174379491274540399e+01
-2.492737273355896122e+00
1.844484347241375222e+00
7.473198991134366587e-01
-9.925236800791850555e+00
5.048734721765593569e+00
8.462233001492229789e+00
6.630369428014406097e+00
9.878687103159013105e+00
3.503184190077819893e-01
-1.546828419044827996e+01
-2.182191398390946446e+01
3.125577846145913163e+00
2.718152248601579046e+01
4.055478015523966917e+00
3.479867617282700110e+01
4.409385669118401907e+00
1.292843007316989201e+01
-1.560827499486408243e+01
2.612580822979748696e-02
5.414127652205117158e+00
-2.027701849567853642e+01
-1.793052972761574893e+01
-1.121321056172012653e+01
-2.071566851444268309e+01
1.881646341273809142e+01
-4.441831156308767348e+00
-2.614510995671129123e+01
-2.358998467034976798e+01
-2.938378214426063284e+00
9.114840139212294190e+00
1.785832557188422243e+01
-5.243850879418263666e+00
-9.744996850308884628e-01
-1.547201839466071327e+01
-7.754035473056386962e+00
4.751381355315929866e+00
2.045451960267134606e+00
-1.995939060324774417e+00
-1.546513530965116523e+01
2.667649690288414810e+00
2.540010000662064726e+01
4.333337017976202077e+00
9.265648446603723443e+00
-3.120741561511945150e+00
-5.431612006036214524e+00
9.665504890491151357e+00
4.656841422695125132e+00
2.945831991058417643e+00
1.862567472031096116e+01
1.042826510784947303e+01
1.908712443762714761e+00
8.514928177936756271e+00
3.596507701567862370e+00
-1.248963440485081833e+01
-1.333939951303191407e+01
-1.081461744578572315e+01
-1.546990081538548267e+01
3.508487282381939565e+01
6.942281824654152445e+00
-9.255383803152941180e-01
1.030235541337315652e+00
-7.772539248883661323e+00
1.736594080129149731e+00
1.658562934033491487e+01
-3.338753180513052854e+01
-1.050653933167588150e+01
1.332436785983047045e+01
1.148347472811479619e+01
3.435285779788134874e+00
4.585918803544004163e+00
9.476508713282025820e-01
-5.582996087823481446e+00
-1.290802697979033464e+00
9.957152124183384245e+00
1.803206321118215172e+01
-5.316352303825727432e+00
2.400391240662905545e+00
-2.668904902813027746e+01
5.388015427262550006e+00
1.724851825544219608e+01
-2.179495860241236649e+00
2.186378398989378269e+01
-1.659214947042250898e+01
1.521610632432498811e+01
-6.571005778045377888e+00
-1.028897244738606531e+01
-2.336663443233682003e+01
8.263842969487864565e+00
1.387870213149453313e+01
-1.242044241633337975e+01
-2.139170341124712138e+01
2.067208475999905204e+00
5.097558052193040368e+00
-1.473547894249969836e+01
-5.350234518030039688e+00
-1.347043511740007560e+01
-2.377070616280739657e+01
-2.495790872405975591e+01
4.112647948880183257e+00
-1.008046252499850048e+01
9.751040001739774254e+00
3.439767130859792132e+00
1.939299262433268112e+01
3.665551136789446218e+00
-2.647652442674958451e+01
-3.906140507553670371e-01
-2.761109683879760190e+00
3.486605580715973485e-01
3.539897935606859392e+00
1.550609393258309154e+01
1.233124092859319987e+01
2.453020509912522584e+01
7.237138794887379767e+00
2.003881220163955845e+01
6.897997578299476906e+00
4.590195528652430745e+00
-5.509054912333725795e+00
1.428313196954913167e+01
-1.247056282735299071e+01
-8.122643582428956677e-01
-8.398860653517580488e+00
6.038615636426500899e+00
-2.113257103090838029e+01
-9.156124761642127297e+00
-1.718821243583751723e+01
-2.435788965084423552e+01
-7.547628760826261995e+00
-2.747426062563332216e+00
7.894706511011437833e+00
2.507739039136981063e+01
1.970323645578922367e+01
-1.285282821996238489e+01
-1.055757351314541737e+01
3.266341861614686426e+00
3.429422881226669162e+00
-2.264602513657154148e+01
4.062353692383443571e-01
-2.042914661105949659e+00
7.545293495605180922e+00
-1.495414044639872486e+01
3.794135355104344853e+00
2.233259784056547126e+00
-7.615176516600231871e+00
-1.621585050818424278e+01
-1.801251793085157971e+01
-1.173969327137825935e+01
1.248298810166311412e+01
-4.205392724685899530e+00
1.127158811781432668e+01
-2.596715035936700033e+01
9.716394879638688309e+00
-1.140304308144078860e+01
-3.713230350243069910e+00
-4.669339646348583450e+00
4.273880353674721633e+00
-4.536942641474086102e+00
1.386611819688610403e+01
-1.957209770461709297e+00
7.625122154177141454e+00
3.332747437738897478e+00
5.714372208727615643e+00
7.935187804784037624e+00
2.615278859831801839e+01
-1.183030188855313547e+01
-2.174141143107363661e+01
-4.054390665587339626e+00
-5.320421398069645313e+00
1.414235114893458434e+00
-2.664097955668764683e+01
1.120513763834703980e+01
-5.662628685224289526e+00
