3.630662178146415187e+01
1.021869574333374828e+02
-5.965332655127746619e+01
1.773293587663208086e+02
8.866575681857725044e+01
-6.620910990375033123e+01
7.789289264741016439e+01
-4.032885507525032409e+01
4.564960974321694209e+01
4.908472276151514535e+01
-2.573652845096082231e+01
3.201016118720579584e+01
-9.971792644577456954e+00
-1.780838468736629920e+02
-5.236084186497159010e+01
1.473701841644674744e+02
5.909980814021984941e+01
2.721622852695131556e+01
6.940042245478729832e+00
4.256321954173230893e+01
1.308284855510100044e+02
-8.464689919250243122e+01
-7.802503382102067064e+00
-1.064048092685027029e+02
1.134943676184597905e+02
1.093028682666725615e+02
1.187247397816088181e+02
-1.409968324633317422e+02
5.094173624241511078e+01
-1.303651102554927661e+02
4.049370782938471791e+01
6.143627392562409284e+01
2.061404613163039912e+01
1.989334118601876469e+02
4.278551196570516169e+01
1.053015057294421268e+02
1.791755820300404025e+02
1.828015385927260184e+02
-1.280532033691491165e+02
1.168488710996275159e+01
6.222253230460709261e+01
-1.993576414764047300e+01
4.573615318280324260e+01
-1.159015401562888314e+02
1.781206113186681605e+01
9.473800218368815251e+00
-1.308014457317426782e+01
-5.603690553151244558e+01
2.582909887659062775e+01
-1.083103708652339208e+02
8.548381038702774504e+01
8.643884891957289085e+01
3.271528348950689491e+01
7.732558318102600481e+01
6.360132307404879448e+00
4.424235923234235912e+01
4.584304340383192056e+01
-5.438506176105506285e+01
9.376055232099584202e+01
-5.041122316187842500e+01
1.491741763114220554e+01
-5.783615415853444119e+01
5.307297883842161212e+01
-4.771081719026246049e+01
3.244543352127031710e+01
3.586595077792406983e+01
4.294677551815561145e+01
6.558980205303664945e+01
-1.746172595879754397e+02
4.704068085507137909e+01
-3.379103484885545328e+01
2.499951725613088982e+01
-8.894133226903002765e+01
-7.649184670511604622e+01
-3.313000286442539633e+00
-9.360188432856695329e+00
1.186419868725330673e+02
-4.605462675459256161e+01
7.280515324061106242e+01
-2.560917152649808060e+01
-2.093544583678975073e+02
-5.522065124065967012e+01
-4.757373459505179625e+01
1.494242782800759350e+01
7.059766421504865264e+01
7.684780374196890307e+01
1.383048519468339634e+02
2.987338270718206346e+01
-1.698456286815025607e+01
6.241177896277166326e+01
-3.902331490373169487e+01
-4.511223578491152519e-02
1.484151945488930657e+01
-5.984866697816664072e+01
1.494264123144286494e+01
-1.078376146481366220e+02
-7.596914075332848881e+01
-1.111106873158045545e+02
2.395022042793842942e+01
-7.763542092263102745e+01
-6.015747562953987426e+01
3.814004250862911505e+01
-2.749174018419588705e+01
3.393657897551077696e+01
-1.675242927572409002e+01
-1.402588471958280714e+01
1.516454663086264247e+02
5.802692872078092279e+01
4.293720978573867342e+01
3.077633319178096016e+00
-1.252234876053303623e+02
-1.647479623174434096e+02
8.938023201707551380e+01
3.364759849834504735e+01
1.122481528192133453e+02
-5.183193926187640699e+01
4.114716160092626041e+01
6.896636229999588252e+00
-2.398917349864215964e+01
8.339253309713367202e+00
4.782387830401706452e+01
-7.783171299953651534e+00
-2.613652326444205869e+02
2.210569892390195719e+02
1.489850870299100682e+00
-1.304065598383576514e+02
2.324544362517625018e+01
-2.157873172377432525e+01
7.073421822504755596e+01
-1.899828889118563779e+01
1.517366857542348555e+02
-1.803830934428693666e+01
2.303170449046717039e+01
1.034736492805731345e+01
-3.296767653476306492e+01
-6.945930108246328416e+01
1.030475022500393294e+02
-7.194556728444518967e+01
-4.626521333052285456e+01
-4.456011395195184122e+01
-8.729006423450579177e+01
-7.402788367069801723e+01
-4.744033991551317442e+00
-1.546828329277413161e+02
-3.387403582012574788e+01
-1.582068945835581530e+02
-9.287944694806093082e+01
-1.177973528176507330e+02
-9.998194392615260995e+01
-3.949433690883215320e+01
-1.257619272244215836e+02
8.061394565151813651e+01
-8.407130155629573665e+01
-1.812296240914214707e+02
-4.807280583493781023e+01
7.226556325569447381e+01
-1.108127643272156320e+02
-1.088673248045159738e+02
-1.278186177866144249e+02
4.761214166901738309e+01
1.178363169238644659e+01
-1.639215343721442508e+01
2.295389089613486178e+01
-2.728162147556092521e+01
-1.212304160633449754e+02
3.369009229630275826e+01
8.001498198835666642e+01
-4.473350992124803582e+00
1.915707587481383101e+01
-5.294236495328818393e+01
1.662585524410515063e+02
-9.064704610321133060e+00
7.556251564820547628e+01
-5.633846363719838024e+01
9.551892839128571211e+01
1.492186255152348053e+02
-2.383557275485825500e+01
1.135670590731255558e+01
-5.534402201893220763e+01
-3.576248551031608258e+01
9.093277848713006506e+01
1.492375483156359550e+01
1.065987756277668552e+02
1.016218024058578067e+02
-1.110333443780923943e+02
7.543023609161053855e+01
1.456037212499592215e+02
3.946473732706244242e+00
-3.089791504119776988e+01
-9.221622360662095730e+00
2.991306620309918340e+00
-9.938362695379562695e+01
-7.500138302073978025e+01
-7.347518333016090253e+01
-5.161748141633616171e+00
4.733969650934552931e+01
4.069365621230555519e+01
1.153856273596589688e+02
-3.861370264326279766e+01
-2.232350051402222491e+01
3.748441846844291092e+01
6.391160401976620875e+01
-1.799135800273162999e+01
-1.312376074536279020e+02
1.090566182107185966e+02
5.358706148625120846e+00
1.331250575151267697e+02
7.274346191409453866e+01
9.044795444697798814e+01
-5.458907124454722037e+01
-2.017677329659513816e+02
7.778329583233693256e+01
1.645513143232535924e+01
-8.890059235694890560e+01
-3.990574084622446804e+01
-1.316766858038141947e+02
7.127162578895450906e+01
1.713060446057316994e+02
-7.576719252217841927e+01
7.969007835049731625e+01
-3.095794975835039509e+02
-9.541390744782533773e+01
-4.852684330151433301e+01
1.285225376747194161e+02
-3.650175969405901810e+01
1.346876049734752883e+02
-7.993044546234641246e+01
-6.150206734302726375e+01
-6.056051900741341143e+00
1.064881981683359946e+01
1.345687816290935643e+02
-1.344846104216985907e+02
-6.597309663448010042e+01
-9.800266875308455639e+00
5.657892392106920632e+00
9.527557776079265750e+01
-1.540648513309201562e+01
6.447443728857314227e+01
2.030638798964581682e+01
-8.608579444418987592e+00
-1.966839918203658613e+02
-8.078815634872188411e+01
3.067980511924371356e+01
-6.918311270909980237e+01
2.287654807002456536e+01
6.755549003795181306e+01
4.054837015418106461e+01
1.452203384585393131e+01
-1.016780355850629860e+02
5.971446457478880632e+01
-9.323548495798858937e+01
-1.206779654490020590e+02
1.361865177701539267e+02
8.450112049480291887e+01
8.806302870503881053e+00
-1.391545186684486879e+01
7.947606073566043960e+01
8.862528505364564069e+01
3.087969991693269023e+01
8.878754756166607365e+01
3.166801123150663599e+01
7.885717148378664376e+01
9.012987190027244822e+01
-8.200023918964556913e+01
4.541344427404222017e+01
-9.695289754558544359e+00
2.453089412040912620e+01
3.556319104117468211e+00
-1.289509721129640525e+02
-1.597114587234008987e+01
-4.940487708354930874e+01
-1.104973714116008523e+02
-7.656998609785810572e+01
-1.662105201373451848e+02
9.837349212782892494e+01
-4.440808959605810458e+01
-2.389617758982871720e+01
-3.427990528935794146e+01
-1.693384518914272974e+02
1.278722519118880712e+02
1.308979504423681988e+02
-1.617381978561237759e+02
1.023164931586605775e+02
-1.189400198669329285e+02
7.695295182256495536e+01
9.510758335294607235e+00
6.957225860183633870e+01
1.215355377415459941e+02
-1.153694328812716741e+01
-6.687685010815077646e+01
2.207220760739713938e+01
7.173158959042652327e+01
-3.390149442248951317e+01
5.011889787559923803e+01
-6.181461260853365758e+01
8.061466023772125311e+01
5.923266248134194001e+01
-6.932741485575806450e+01
-1.316774465380333936e+02
-1.037845779977257337e+02
-3.851277555348541171e+01
-7.425226335022011881e+01
-1.659607088797742946e+01
5.112368937545997483e+01
9.425513642401510239e+00
-6.876964797209154767e+01
2.407862495769051847e+01
1.220203088375082388e+02
-1.060692953433270418e+02
-4.410422915192237525e+01
-7.413499125432880810e+00
1.600581139096515670e+01
-4.564037920649541746e+01
-8.008927028477538101e+01
1.404943917027341627e+02
-1.195660493061823786e+02
-1.064278248870814849e+02
-1.234841428210053209e+02
4.953972409745718863e+01
-6.240320705196052131e+01
5.143741076611690488e+01
-2.470127199178709887e+01
-9.504517319983789037e+01
4.902081155610120078e+01
1.590998023011146074e+02
9.448235577471132629e+00
-3.995460110865077752e+01
3.732128608840439909e+01
1.410605810111598544e+02
4.691136407506419914e+01
6.612087085714750856e+01
1.382605570649225157e+01
2.860783156581714337e+00
1.553342354831954140e+02
-3.894268226037785752e+01
1.276548146074865109e+01
9.977850328291796700e+01
-1.036236648674665020e+02
-6.169794106376392051e+01
2.876827010978089305e+01
1.155881087623907320e+02
-1.185366020123318975e+02
-1.603933657761184861e+02
1.633241454250971287e+02
-1.674846539418144431e+01
-3.483074585329985950e+01
1.861715701792055455e+01
5.680793452348542161e+01
1.053948843696784765e-01
-1.370157095794579334e+02
1.451174459351235555e+02
5.331838141988813362e+01
1.699787622341208078e+02
-1.704024480919883544e+01
-1.630250312558015082e+02
1.216138574125681373e+02
2.162410178886143797e+01
-1.245603819309537386e+02
-7.510970190010242220e+01
-1.985789327575256280e+00
-1.873065884902451828e+01
1.045352370866646936e+02
1.220691948495988655e+01
-2.377785037362111709e+01
-5.749553716750469334e+00
1.529646043614443940e+01
-1.069006065399184990e+02
6.093216559900172058e+01
3.907049305918864235e+01
1.734029348167621620e+01
5.948412523681368924e+01
-2.125153691599096248e+02
7.092893908739125663e+01
8.742342468964346835e+01
1.026727335140817843e+02
-5.793530241679428627e+01
1.884522637304507597e+01
-2.342512547784019006e+01
8.774476361485473319e+01
2.165867099671522737e+02
1.519993884430699609e+02
5.684966411349770965e+01
-2.515571858723560581e+02
-3.399700253794799920e+01
-5.528047185833091959e+01
-1.691980364060999307e+02
1.670506956655699327e+01
5.562056906661882749e+01
2.367419033443245553e+02
-8.497589701651766347e+01
6.992151179303150776e+00
-2.514795001900642291e+01
4.495689528611006835e+01
-5.754312334490646919e+01
-3.225153515547800254e+01
1.553168016863076559e+02
1.073053251781613326e+01
1.274659307417262433e+01
9.793080813294120901e+01
1.047784595357467197e+01
7.761468771649497000e+01
8.506648960960154682e+01
2.629225937953128067e+01
-3.412056376572000005e+01
-5.460433301735384504e+01
6.341727816768334236e+01
-5.691698621727400109e+01
-5.039747297868498777e+01
1.758303307095560797e+01
-1.318562335798710095e+01
3.389650693572469287e+00
-1.969513908773777899e+01
-3.945012734056026460e+01
1.630272626194989982e+01
-2.326044375374093676e+01
1.137552002771156765e+02
9.390401939340516435e+01
-9.993962696680146962e+01
1.249393957048333448e+02
-1.597413796998926117e+01
1.240899725390998185e+02
2.399751244676668449e+01
-2.219337338049164288e+01
-5.793582247867497159e+01
1.116192489726890500e+02
4.174259807439882053e+01
8.121501808917274445e+01
-3.945942837350160204e+01
1.213518482785012367e+02
-8.667187867312378557e+01
-2.005387848225723246e+01
-1.166197893507848846e+02
-4.312546153646938052e+01
-1.411918742365822368e+02
3.557760285472393491e+01
9.438892657150641696e+01
-2.226446047594206163e+02
1.134965237804275517e+02
-5.038245670007175825e+00
1.549776234833047965e+02
-1.257329232286797520e+02
-6.180911713745722125e+01
7.252192208558556175e+00
-6.812369468469508149e+01
1.371287655104171108e+02
-8.959584985653523859e+01
-1.525851371528956690e+02
-5.359221248804640680e+01
6.669167884221286613e+01
-8.978590171941289100e+01
-2.992898175635933100e+01
6.681218258389939990e+00
-1.416058422617492738e+02
6.149243311611981255e+01
4.497852999426332588e+01
2.978041848042364492e+01
-5.096671579593371249e+00
1.267863362464949120e+02
2.915841493194147915e+01
7.510443557768996925e+01
7.107739050813658821e+01
1.722760316882299492e+02
2.788560194500493239e+01
7.286686505707982064e+01
-4.471744185997741994e+01
-1.090238618150227268e+02
-3.416471154636159469e+01
-3.915406821023668726e+01
-9.899834136772581417e+01
1.554179325198216475e+02
-6.667752579340273655e+01
-2.402425805886094778e+01
5.347758361022940221e+01
1.086075191100501058e+02
-1.361437465236895719e+02
1.310999946472541637e+02
8.201755616339889343e+01
1.507127582205945657e+02
-1.111417589533698873e+02
-1.388634973996895638e+01
4.940574278700061228e+01
3.778847130517455355e+01
1.134988382824923150e+02
1.499880748559263850e+02
-9.905377903121872407e+01
1.837331837106895307e+02
1.680837237138644014e+02
1.360237982603710982e+01
2.213830680518699978e+02
-1.425518474788627898e+01
1.026710354156306124e+02
1.264126134953088041e+02
3.722639768869543531e+01
-7.839873497852637740e+01
9.644754403552902033e+01
-2.886914361572985754e+01
-4.374237877946541886e+01
-1.534754690544595412e+01
-2.240260843318262474e+01
3.966126580528185741e+01
-6.794240310626442181e+01
-3.163404073160311469e+01
-8.381200998447506834e+01
-6.047999130058595796e+01
-1.587709566958281471e+01
3.788889985425956297e+01
2.585592919354685648e+01
1.572023183202587973e+02
4.724061502555932179e+01
1.753544944893390607e+02
1.120197528412458752e+02
-2.871274854964664502e+00
-8.016994632726927250e+01
-5.689961757239444040e+01
1.149378737913451545e+02
1.513659971556353980e+02
7.372660161212280627e+01
8.362219819726139747e+01
-1.311286446003231276e+02
-1.364495108766827514e+02
-1.259648456466702697e+02
5.551212316679894343e+00
1.118988824208094570e+02
9.716321908582713718e+01
-1.034097351142878196e+01
1.782676196981802832e+02
-9.505971202980954615e+01
1.084804348339028905e+02
-3.213056170059383021e+01
7.152548866156949714e+01
2.419917197329801439e+01
9.274102372832760466e+01
1.599573301318207719e+01
-9.544583559221177893e+01
7.636627139468357139e-01
-6.428881273012331121e+01
1.072965113907879271e+02
1.008489614383180850e+02
-1.258366641841017497e+02
2.921564344197366836e+01
-9.647115220812287362e+01
-1.159675634893235241e+01
8.246900847024701875e+01
-1.072921035400439536e+02
5.964131755595771978e+01
2.083058192323408164e+01
3.049509454615521875e+01
-8.219509962419111915e+00
-5.231450761149119444e+01
4.864590271766340379e+01
8.432719951212324361e+01
-3.484424512503041882e+01
1.853943151547193224e+02
-3.271541268337425379e+01
-8.318512850349664234e+01
9.998265207284322287e+01
-1.626995700206020601e+01
-8.106232336695750007e+01
-2.029728144789761046e+01
9.799408977282947575e+00
-6.669184228648548185e+01
8.189911201141296004e+00
-1.396646718087625345e+02
-8.877854958080510528e+01
1.072833479322893311e+02
1.128205718520028285e+02
-4.453385247944520842e+01
-8.658135432848587243e+01
4.225301847827813617e+01
3.025931014070646796e+01
-1.189803824257931666e+02
9.773259865693370330e+01
2.592954300905766019e+01
4.724689149303753766e+01
2.423666962545748049e+01
1.337228578841244939e+02
-1.048732804942320342e+02
6.949306707902081826e+01
-1.031114319334128879e+02
9.723519625241406672e+00
-1.608028471806098869e-01
-6.224469932703788544e+01
-9.828239019873028326e+01
-5.695751291535218996e+01
-1.110078692576935140e+02
-2.732557070844006830e+01
2.424398710556431524e+00
1.348506112234852026e+02
7.018961441356503883e+01
3.022403769412677121e+01
-6.799612143422399413e+01
1.886547455362263577e+02
-5.282671132536562197e+01
7.426413032345813292e+01
1.663852192372030174e+02
2.196348735141832975e+01
5.857981232337562005e+01
6.584958844494479990e+01
2.858001525952585666e+02
-1.055233055223734766e+02
4.532624872641671487e+01
1.471839859168537679e+01
-1.021591915685383967e+01
-6.030268181259473437e+01
-9.322471466031035447e+01
1.896224238316129345e+02
5.435002000671003231e+01
-5.938952420712120528e+01
1.485424925598114214e+02
-2.144152910758972297e+01
-2.021202714925732380e+02
1.047328891044563948e+00
-1.108100615490410092e+02
-7.237878198124697349e+01
1.651611382000695016e+01
-5.012595878028108842e+01
1.169790463090412374e+02
-1.991185218360427314e+02
-7.699167800500381986e+01
-6.963211286291978297e+01
4.131829068966643703e+00
-1.566903248899017242e+01
-1.290733724475810718e+01
1.241593740398510226e+00
3.774443336573932584e+01
-1.802070679095024630e+01
1.379750954610553038e+02
-7.732810803306112746e+01
1.796713620039797732e+01
-2.028749016031519048e+01
1.333845118675173183e+02
1.047452302396674497e+02
-2.415823480148108260e+01
4.075112536440371969e+01
2.066555763666441123e+02
5.743353613606856101e+01
2.422143721814861905e+01
-1.035935803923530329e+01
-1.535118884706227789e+02
6.691299778297156386e+00
1.140691932616817610e+02
-3.838949314381478928e+01
1.166714015170207563e+00
4.402596055992399471e+01
2.275232762007105975e+02
8.899641297739778523e+00
-1.771106356807749762e+02
-4.002733693833695128e+01
-1.044676806868962160e+02
-3.727595962632167925e+01
-7.367494518032943063e+01
-5.126376622234296576e+01
-1.117562052220665834e+02
-1.067425064256502765e+02
7.440292440921945172e+01
-3.467709098798384559e+01
-2.268012131076746840e+01
-3.156787557443297842e+01
1.713413056736021289e+01
-1.731570728018349214e+01
7.665308266200963061e+00
1.651055931107835590e+02
2.428353067799087839e+01
4.109255719123567019e+01
1.030884397509846373e+01
5.142459918014373699e+01
-1.794379578011318870e+02
-5.472388522626438601e+01
-6.267706242633425262e+01
1.451021787481984120e+02
1.239624159244476971e+02
-7.799050560756711548e+01
6.351015000228827034e+01
-1.699008564385764828e+02
1.822575096693136842e+01
9.206548980978675445e+01
2.331200559653258040e+02
-6.646242547834691550e+01
7.026983636832589752e+01
9.217844035328546681e+01
1.393085857121893412e+01
-3.192041027980181056e+01
-2.810339214847313016e+01
-7.389558271452315807e+01
-1.288951086239845836e+02
2.802617300234984654e+01
-1.669023575860848609e+02
7.621041530871293901e+01
1.219856724898786524e+02
-4.356623920386787319e+01
-1.181855756803797703e+02
-7.314429125673389365e+01
-6.665986894645392624e+01
8.874011306542553257e+01
-9.580979773833789181e+00
-2.023278299811127567e+02
4.974288425162109206e+01
-1.231270593430643743e+02
5.107584713092354889e+01
-8.757936044982942292e+01
-7.104559829385698855e+00
8.998074115349287183e+01
-1.214602629999888705e+02
1.533275765052902386e+02
9.971221736590990758e+01
1.518683734802387342e+01
-6.160084891602887325e+01
4.495304470515019091e+01
1.211566037816867407e+02
-2.464337055759106221e+01
3.479454990032249562e+00
9.276930464500276230e+01
5.682964420023115792e+01
-6.897136992211687634e+00
1.426411397672876014e+01
8.106470986001545498e+01
-8.667085053949888618e+01
1.931863575485230626e+02
-2.371950394161146392e+01
3.378187538907000231e+01
4.876410120514936608e+00
8.908505258404877836e+00
1.204832883171800688e+02
1.204041114770906802e+02
-3.083065517731255056e+01
6.347033664717076817e+01
2.745151695133121450e+01
8.827280295386658793e+01
2.348781102563592071e+02
-6.928342899636389518e+01
5.280513652855684370e+01
-1.187550685240008086e+01
5.388059847936123248e+01
-2.319888465574553038e+02
-4.795943797476838633e+00
-3.545650602071455637e+01
3.330239971345238246e+02
7.026837423636264646e+01
1.641385190143863895e+02
-1.207141342442389345e+02
7.457956104554405385e+01
-1.424082994117542853e+02
-8.967727307973248685e+01
3.325933881932091651e+01
2.402576857240622985e+02
-8.662509527069545356e+01
-6.080998292485191747e+00
3.264617817860638382e+01
-1.200352842157403188e+02
-9.345473981770457783e+01
1.157768205642708210e+02
-1.115838393123210892e+02
-1.654950691345964344e+02
1.366664610089833047e+02
3.292730933246603087e+01
9.428317091645567416e+01
-2.364986099459579094e+01
-5.317003250315709550e+01
3.362580257312342980e+01
-4.987703349184732105e+01
-6.842514967823170480e+01
1.737029941953174443e+02
4.530442657228994641e+00
-8.870266882218408000e+01
-8.926326537862384214e+01
-5.553663736651161642e+00
7.214288087986744813e+01
-8.644398020038221375e+01
3.244935816779331361e+01
8.151126812919441988e+01
1.918664654317014850e+01
3.495149929580978210e+01
7.654051798325561151e+01
1.305281050858572200e+02
-9.622864258155289008e+01
-3.472274863487953667e+01
2.016048306216617902e+01
-5.976491372299273053e+01
1.924997445426355114e+01
1.371231910488012318e+02
1.387322760524708087e+02
5.807895466004769958e+01
-6.311957238606219533e+01
5.012810750103365365e+01
4.683541396779016708e+01
2.971341376353074892e+01
-6.036801839154256299e+01
8.293141368421940740e+01
5.403062689782744599e+01
3.143059365910144365e+01
-1.366752257429352255e+02
-1.208570974833668998e+02
-4.866596657424905459e+01
-1.488624911065695073e+02
1.517743185973868094e+02
5.855902199764468907e-01
-6.807273507055755601e+01
8.066857976359952431e+01
-5.861704332350669233e+01
7.074644156372993109e+01
-3.114781763277568771e+01
2.303211866007313091e+01
1.943188259984083643e+01
-5.904417532457163986e+01
-1.339593205872953661e+02
-5.673250003073059844e+01
9.015395430831685530e+01
1.562047889070634881e+02
-6.972335615058979386e+01
-2.897218888466747444e+02
-5.501471582917265835e+01
8.595697516102614344e+00
1.799702544265322501e+02
-5.053043285795996553e+01
-4.412750343387508423e+01
-1.258784697848182645e+02
-1.301240282754498878e+02
1.204955364573103083e+02
-6.470664582936601050e+01
6.902154647294410950e+01
1.443474125674058541e+02
7.337104496022126909e+01
7.213164759806443271e+01
-3.767841152166253238e+01
1.407478671712407348e+01
-6.709602150495824446e+01
1.569236597760443352e+01
2.874633033838759033e+01
5.325605379376446535e+01
1.242044329337804101e+02
-8.341279195262174539e-01
4.280964598762261630e+01
4.415916708502513899e+01
-7.904511162149862002e+01
-1.043844608770636881e+02
1.442309832019554108e+02
1.115508727399453051e+02
-1.210920725602256454e+02
7.184879213339219461e+01
2.405839152924772506e+01
-9.457516977282111270e+01
-9.440343564261749520e+01
4.861004884565662110e+01
-7.199003808517586833e+01
1.338680572134618707e+01
1.317034456718716440e-01
8.149922063861623656e+01
3.473574269777592605e+01
-4.330194412983419738e+01
1.051565618293165905e+01
1.370466653120357137e+02
-1.393329077263374813e+02
2.464757440754423712e+01
-7.075202792689228204e+01
2.887156818269559366e+01
-1.327729526463429455e+00
-1.305692377616647661e+02
1.106495192721279608e+01
-3.978604842281468734e+01
1.490233871525938412e+02
-1.187431304614976568e+01
-2.180962435927455445e+01
-1.248968935474588093e+01
-1.920995247685877132e+02
1.107504568239927352e+02
6.521297578284145402e+01
4.036290481254149398e+01
7.552720526145006374e+01
-1.101193274460855953e+01
-4.862184454603494999e+01
-1.584357226319978906e+02
-4.516898204622895463e+01
-1.618322384632181468e+02
-2.070761562072900119e+01
-1.431074347995320863e+02
4.481430357319840141e+01
2.533158605496333138e+01
-1.030401956388618743e+02
7.161225297544825708e+01
3.164336315138524114e+01
5.427592474398585409e+01
-1.505584731353016537e+01
-1.847300040936607246e+01
-1.668486477173475180e+01
7.543383783601552750e+01
-1.336087288345710817e+02
-1.160270674473206896e+02
1.905306029090865039e+01
6.342111846415421184e+01
-3.170673875552192555e+01
-4.619597213774377487e+00
1.328987687915756624e+02
1.447140674976985224e+02
7.409500093978482482e+01
2.432085841267557669e+01
-2.409984389506457774e+02
7.176156333058047210e+01
-1.634916143778479025e+01
-7.102414428925108325e+01
6.474440982375831766e+01
-1.370416246644653029e+02
1.469295385976246280e+02
-8.906037421408993282e+01
-5.532186694510382807e+01
1.441903476664379298e+02
-2.703994633143629045e+01
-1.768643783668265712e+01
2.241714875911237570e+01
2.354104955389408360e+01
3.074223128227308699e+00
4.010424657753879529e+01
-2.403351015337920060e+01
-3.345281710381620144e-01
-2.982725154818937341e+01
3.936255978440550507e+01
-1.301810218298844291e+01
1.068584459003271263e+02
8.731280250992462300e+01
-2.035743023994057666e+01
4.579828708428301098e+01
-9.262547512225168589e+01
3.066313192985299096e+01
-6.643756842055263512e+00
1.080220735662166902e+02
-3.341733378071868543e+01
6.315895690070492208e+01
-1.420699567724628025e+02
8.111117208364453290e+01
-7.696042826056417141e+01
1.913305736319374262e+01
1.207593880118666441e+01
-6.633244265479028456e+01
-5.029329617234434124e+01
8.116136603949233574e+01
4.532596578157779277e+01
2.654898660329343230e+01
-2.826493290179120521e+01
-1.401200207309228745e+02
9.716919423644564802e+01
-1.383380191451073316e+01
-7.937376623006463205e+01
-9.139847928173811908e+01
8.717162567122502992e+01
1.055217500369277843e+02
-2.038798185063340895e+01
-5.428168588437078057e+01
6.005812200398725054e+01
7.689601574587729260e+01
-3.332071904076120461e+01
-1.285860553828086097e+02
2.451135485159028704e+01
-1.286715256049882896e+02
-1.219279954505409052e+02
3.892269377164006983e+01
1.095751124441256685e+01
-3.625105464429599778e+01
-1.382354183697072258e+01
1.762768544367532400e+02
1.845098504009135922e+02
1.812335255154821709e+02
-7.595045486021096792e+01
8.011091862552500231e+01
-6.479836344919876012e+01
2.928032015341343808e+01
-6.328202974509940049e+01
-1.227587109801951328e+02
7.051015952532424080e+01
-1.683994956383991592e+01
-1.792503798086435722e+02
1.310668948402406500e+02
1.730179621150874425e+02
1.150695224367149052e+02
-6.104914194649067838e+01
1.431817178343208354e+02
5.658140128798371649e+01
4.773401786228303934e+01
4.900825831833385138e+01
5.826994499226638169e+01
6.151035111076920003e+01
1.338468055682153768e+01
-2.455191432559497144e+01
-1.513934267536896527e+02
-9.184228997783169035e+00
-1.467827264435913293e+01
4.516514954992044473e+00
-8.892926209512870628e+01
-1.319252214242989680e+02
-1.405513506408584057e+01
5.345329780298919076e+01
1.002804164028863099e+01
6.594501110771028607e+01
-2.265669262856735244e+01
1.165500249402420394e+02
1.108360123198525997e+02
-7.952793081931970676e+01
-1.839707172338551402e+02
-4.900650824894993463e+01
-4.439279521579948806e+01
-6.656948166323979343e+00
-2.022618974748311516e+01
