8.563373165567850265e+01
1.822424751243585828e+00
-7.997770238373438367e+00
-7.272092665671333123e+01
4.026611526233169513e+01
4.909511879238829124e+01
-1.058554264091269914e+02
-5.288424649112271680e+01
-1.423562104054810504e+02
1.925421109903196282e+02
2.580357616891697248e+01
2.238647343523995801e+02
7.218718919162779457e+01
-5.683950237149386453e+01
-2.807003322334043816e+01
9.551728081184531760e+00
3.729959995667326922e+01
1.131557611110402490e+02
1.176266603145652709e+02
-7.966971832281807053e+01
1.090665092210848997e+02
-1.179847369963239032e+02
2.410548714445910434e+02
7.301551007118300163e+01
-3.729380411096192205e+01
1.329201814479895916e+02
5.799991003473228091e+01
-1.285949130320816103e+01
-7.161398237545955681e+01
-3.690573485538061504e+01
1.424935201291118005e+02
2.750872069629771772e+02
7.627976871965843486e+01
1.217613308012978450e+02
-2.471788738869219459e-01
8.353221495272745756e+01
7.903148924439244638e+01
-1.130055007363550743e+02
1.073544319027929674e+02
8.939588228365212785e+01
-1.937585751830179603e+01
-3.725386571275803504e+01
-9.297719183277719424e+01
-2.841398446487092855e+01
-3.860945947462914063e+01
-6.637868255112324789e+01
-7.420556095335263080e+01
1.597840304716338835e+02
-1.010877410144433242e+01
-6.008192308396367309e+01
2.553699541093430270e+01
5.904752338037739889e+01
1.055751119347740428e+02
7.863649474888531188e+01
-2.427829926682702144e+00
-5.164300758367764033e+00
9.795005259759729199e+01
1.450625199755473886e+02
9.722145047241754412e+01
2.331248680085140990e+01
6.129926690975343462e+01
-1.280067510532610697e+02
-6.026020880326402818e+00
3.424294627084176312e+01
-2.790022042777229316e+01
4.970747496879424432e+01
7.470186038154298380e+00
2.479558351057933052e+01
1.874761187953948749e+01
7.561216049684034601e+01
3.816266330537147411e+01
-2.578144588388335023e+01
-7.187167166202735302e+01
-2.310030604146104452e+02
6.322210319401088441e+01
8.796862342773428622e+01
1.175597486618465979e+02
2.186719052084901094e+01
9.928656241150660833e+01
-1.096855041982686707e+01
-1.971698082400218155e+01
-8.899150364474773767e+01
9.113608136335984966e+01
5.036633851588037203e+01
5.218504731369548288e+00
-1.527784387933684762e+01
9.894119854141133885e+01
8.927990698379791468e+01
1.048150577962556440e+02
-7.458369099878194675e+01
-4.356710537762258184e+01
-1.161626823468812404e+02
-1.791470148998796574e+01
8.163353408737748396e+01
5.174385599838818450e+01
-7.434815214210763656e+01
-1.345948193004836071e+02
1.645655692965690164e+01
1.121380435865148826e+02
-1.306121548944979622e+02
-7.918097641916703822e+01
-1.977565549840092629e+01
5.629400142867420698e+01
1.348142829734936186e+02
-5.768853426308301380e+01
-6.616773376744893653e+01
-5.630166842937262572e+01
7.384448947275483022e+01
-3.122070903760242899e+01
1.643718696666139181e+02
-2.552063392244834361e+01
5.866036120484276495e+01
-9.081839698160987950e+01
-5.093403790410530974e+01
-5.933729297701437133e+01
-3.432412295786918577e+01
-1.530644062011033952e+02
-5.425343123551716218e+01
-2.355686129856231616e+02
-1.525047151746570648e+02
-6.220975015182907697e+01
-7.520195134061944486e+01
2.760156230993041149e+01
7.696868682797341421e+01
4.423132603783002992e+01
3.816079143834935650e+01
1.486871433760069294e+02
7.506799524197276696e+01
-1.017984486300946827e+02
-9.610777190253422475e+01
-9.258055424026895253e+01
1.370554444384261785e+02
-4.807754647044426122e+01
-5.734483809310251701e+01
-3.095339467878327611e+01
9.701656426799860355e+01
7.574088108377867457e+01
-1.991873961370393431e+01
1.190207975509303111e+02
-1.023942963112443607e+02
4.633086786258749612e+01
-9.635919372716317355e+01
-1.983585963227756110e+02
-2.726517101340778293e+00
1.399801920333691498e+02
8.289053523594179751e+01
-1.342670592540723078e+02
-2.667736692716648506e+01
-7.528755237447316517e+01
-4.553005557123567826e+01
-1.257545593842370124e+02
7.581229253743450158e+01
9.822716428428211088e+01
1.930464941955785889e+02
-1.255174772479111311e+02
6.107006063125031403e+01
2.566385901038150763e+01
1.993082754180373728e+00
3.930256361885243166e+01
-1.133610759573983131e+02
-8.608225950641384827e+01
-4.586128089994713442e+00
-4.911830746050826946e+01
5.897220923832949779e+01
-2.121285708088059607e+02
-4.986782234705713535e+01
3.388054833238771124e+01
9.882301274999220198e+01
2.229042438176151109e+01
-7.721401449371109038e+01
-2.518555802803600230e+01
-1.045246092107591664e+02
6.915585670938909857e+01
6.729383407645052273e+01
1.576065213326866221e+01
4.219199535830215808e+01
5.126697468951056891e+01
3.018794118457859099e+01
2.934317897791045482e+01
6.034445961955589866e+01
-6.678540545503739168e+01
-3.177262891358230590e+00
-2.298939262410803508e+01
6.269417814999708582e+01
2.019808325457325893e+01
-3.704590808210720354e+01
-2.230706768997647771e+01
5.082297891536384782e+01
-1.913476885945980541e+02
3.206439107009457246e+01
4.282701479768773467e+00
1.384242620142322266e+02
2.553462236020087595e-02
4.335825652822678222e+01
6.773280252303892723e+01
3.248499718625946553e+00
4.559100539152748155e+01
-2.635749280924030700e+02
2.292528281910219690e+01
1.587991254415562459e+01
9.350023806300526985e+01
5.711168014668916726e+01
-1.567153415663770311e+01
-1.543531773732721604e+02
-9.120502417869252554e+01
-5.323175959979351290e+01
-1.133000953906261969e+02
3.932423724026733680e+01
1.677204301933785757e+01
1.715966459462663636e+02
9.520750076877586565e+00
-1.440877330218933707e+02
7.672243853773970557e+01
1.260672413182849994e+01
-4.924910970937587962e+01
-1.305659231064421988e+02
-6.898155043593682478e+01
-6.143707684854180684e+01
4.445948314541896984e+00
5.341829331964875749e+00
3.961480950755096586e+01
1.432138169980119358e+02
-2.010198931082541662e+01
1.516699155128750078e+02
-5.362620766303582798e+01
4.567862508976994462e+01
-1.935935996882620813e+01
1.132959109645667439e+02
6.682485024942702978e+01
-9.440669894347961133e+01
-5.396594844013248604e+01
-5.458964979505529413e+01
-6.866024792219076289e+01
1.033269037276130398e+01
1.806391440737969845e+02
-1.490852270520659033e+02
-7.820748546073785690e+01
-8.905987411430349709e+01
-1.206827789629328720e+02
-1.392812648687781802e+02
6.010214447404739246e+01
1.608186801311258023e+02
-9.595484094964754718e+01
-6.167477154253996474e+01
4.224356828005905129e+01
1.897750852414037226e+01
6.079734125985658544e-01
-4.811072223511106927e+01
-3.511323260545719194e+01
4.421491191824997458e+01
-6.737199540005840959e+01
-9.160264129477528172e+01
-1.756687114395079732e+02
1.869548722896576578e+02
-2.115035931923910084e+01
1.486225505722428579e+02
6.019867654070292673e+01
1.484118056279366442e+02
1.063956132897869367e+01
-7.924429377706807998e+01
-7.769790081503705537e+00
6.569486987261100808e+01
1.070872443218807604e+02
-8.624626864593610165e+00
4.178027528357684162e+01
-5.911706867276608435e+00
3.088441293818064093e+00
1.350990101950447979e+02
2.921506965440665837e+01
8.360300295931145342e+01
-1.868513541787004044e+02
4.918951962355041507e-01
-2.367690670865436786e+01
-6.411271612490049954e+00
1.449663676828713221e+01
6.943554362605863162e+01
1.380685205567089042e+02
4.476503019289694407e+01
-1.351979515269683532e+02
4.388570938366125773e+01
-4.041563368675871715e+01
4.822480407165961935e+01
6.939846420020464279e+01
-1.541220075208270828e+02
-1.423371309665647289e+02
1.328050766442462418e+02
-2.942937497756253151e+01
-7.296250948735786324e+01
-5.404612397646545219e+01
9.447163745542086133e+01
5.005474525054293622e+01
-1.022435312073116052e+02
8.968813842535737990e+00
7.529589328537896620e+01
9.955908552194181027e+01
1.759993858697565940e+02
-7.333837413140940953e+01
-5.898586129267012979e+00
2.131423457930829102e+02
2.613008561093283788e+01
9.829846236113695568e+01
1.982146531572405479e+02
4.911898871877685480e+01
7.191842116712534505e+01
3.158040592294581472e+01
-8.893790154347372834e+01
-1.372444256557217273e+02
-6.942861678890049859e+01
7.184239476876807373e+01
-7.582267783410948425e+01
-1.520924677091378214e+02
-2.690675867712344171e+01
-7.484156181350969916e+01
-2.631936246134651114e+01
7.592492760662877060e+01
1.531111678663486373e+02
-2.446747484547648455e+01
7.899032484272686361e+01
-1.097190021285795893e+02
2.287779714314129080e+02
1.149775699026360769e+02
-1.048244944421742986e+02
2.647448160048599561e+02
-1.032887167393318073e+01
-7.253176938651247951e+01
-1.769529118861705541e+01
-2.531915551733958658e-01
1.078662607363066996e+02
6.361825564533548416e+00
1.518296671175797385e+01
-4.700119750641266592e+01
-4.971320489715343172e+01
1.057010853093677127e+02
-6.345810173730363601e+01
-9.240891655534550608e+00
1.443719543514551447e+02
6.633776839170558048e+01
-2.228558467418858413e+01
-9.497477687154167825e+01
6.554345927970707919e+01
-1.442694025048672302e+01
8.666684822021383638e+01
3.576339905605512293e+00
1.380017811763029734e+00
9.209842430934017443e+01
9.014756863924355912e+01
-4.789088252383163535e+01
-5.141813454619292401e+01
-9.185935632831345288e+00
-7.562384799285327119e+01
-1.208175429499152074e+02
-1.408747835967010644e+02
1.357874545373793467e+02
-2.777717362870988538e+01
6.030362760719665260e+01
1.119672861301513933e+02
-2.065183104281649307e+01
1.183533118270062943e+02
-1.189179655524030643e+01
-8.755097503707825979e+01
-8.432442015740430463e+01
-5.159732884310472656e+01
4.777262713707191466e+00
3.052866227182592596e+01
-2.956335155465963993e+01
2.827142244730391951e+01
1.394865305003052072e+02
1.553611524237418280e+02
-5.729440022689461642e+01
-6.311512380436435876e+01
-5.181700556307630734e+01
-7.759242739115011389e+00
6.326655058223581563e+01
-4.838349680029690347e+01
2.825969509711341843e+01
-3.796960119736497319e+01
-7.022386248977133505e+01
-6.962337245865775515e+01
9.006227906669916194e+01
6.072102719170003837e+01
-1.118731121377855260e+02
-2.354160182229881926e+01
9.532129456007351109e+01
-2.993942185054834226e+01
-2.107837986560624017e+02
-1.151598414984511987e+00
-4.773868320166707235e+01
-2.446755940278055874e+01
8.101362861478131094e+01
-1.603616627279502609e+02
5.602551008559230894e+01
-1.230039425271348961e+02
1.525670329082719867e+01
7.373941669229433060e+00
-8.922559479180651465e+01
2.893559465304014111e+01
1.787188892596507799e+02
1.133024801549302794e+02
-1.474075286607586293e+02
1.583415519918501104e+02
6.285137316585012712e+01
1.797875005022187338e+02
-2.512539755079302850e+01
4.791566738833345340e+01
9.375929908576563321e+01
-1.105364580530426935e+02
-2.257992395067361713e+01
-6.294480164406598988e+01
-9.523944068202958135e+01
1.010345093013556408e+02
-3.641641724703031713e+01
-1.352337467969060469e+02
1.162061146396456479e+02
-3.283058492500198611e+01
-1.907835037114133456e+02
-7.016650567300141006e+01
-1.275485559157953901e+02
5.122595629354804458e+01
2.893236665911982897e+01
-1.069868223859082121e+02
2.536292207452828862e+01
-2.494527397997426874e+02
-2.021866585776331959e+01
-8.434692466984981252e+01
3.881573263229736881e+01
1.590777129022429293e+00
-1.750308710173399263e+01
6.653525473320992489e+01
6.091084945234938886e+01
-4.815614272977555288e+01
9.538701504318220614e+00
-5.880900208658008665e+01
1.338334916012293618e+01
1.414753517961863167e+02
-1.507818061647342001e+00
1.091765961257971753e+02
-4.656883760394843819e+01
1.301342854752150124e+01
6.835305461782429859e+01
-1.184028454234103549e+02
5.331865195019771519e+00
7.116413375626473581e-01
1.710506197182636186e+02
7.897677801780092466e+01
4.221250194572809278e+01
5.467091499354721407e+01
-8.635823633632901419e+01
7.366473483988164617e+01
-1.021868897161766796e+02
-8.206530191724421286e+01
1.298494750255410963e+02
-7.558992666547612771e+01
3.737001981980044008e+01
1.308745475387223109e+02
5.941236339131540234e+01
-2.711966703308247872e+01
1.461764681052302706e+02
-4.959361666613765607e+01
-1.846800286068046830e+02
2.318478309815329652e+01
-5.566624425412236832e+01
5.738333869930684017e+01
1.346109665434004228e+02
4.442639248323951051e+01
4.578143147015410364e+01
-4.363870639927542072e+01
-4.438475033280008120e+01
4.585341757582037303e+01
1.436807164783186579e+02
3.632383292196956148e+01
9.871092070886386693e+01
2.553911175973130909e+01
-5.840408087112868429e+01
5.224410492328247102e+01
1.413481322214727811e+02
-6.959922363329866357e+01
-2.026144301568392905e+02
1.599180353981736147e+01
-7.964041932493631748e+01
4.080569783905888670e+01
1.394210761099848241e+02
-2.790862851068420802e+00
-3.624902882027276263e+01
1.148503920219137342e+02
1.144886338819851517e+02
1.589657143531404699e+02
-1.642904714378011111e+00
-1.153175530863011318e+02
5.092038836510694466e+01
-8.158079618895501994e+01
-9.357688314416024866e+01
-2.712481730490346798e+00
-3.571487479841055546e+01
-5.346502993829084005e+01
5.696304149343715295e+01
-1.444696464416146497e+01
-3.165350834828585036e+01
-2.297120155136908437e+01
-9.255474648129624882e+01
-1.008841241834348779e+01
-1.347435345035878527e+02
2.096029207178748166e+01
-2.075266510768087613e+01
2.447899091751129674e+01
-1.332405417260041602e+01
-1.848416321631654213e+01
-1.120671572661863991e+02
-7.054838811217400973e+01
3.626866655776420600e+01
4.043674298135635503e+00
7.079287667835784248e+01
-1.020968897400635740e+02
4.663922613380892557e+01
-1.533420065497687901e+01
6.832447287833750771e+00
-9.895096716659109859e+01
5.706731645386880558e+01
6.835616926001610238e+01
3.291441347434602704e+01
-3.977028508624564296e+01
-7.434964225483554401e+01
4.470766305895648429e+01
8.058375086798059783e+01
-1.580931049736537091e+02
-1.813670368230408485e+02
-1.609440928169410654e+02
-5.745329260733499588e+00
-5.774805429423048508e+01
-3.725846630257407099e+01
-3.387669860008290357e+01
3.277770459035290074e+00
1.233270112820190434e+02
-5.468112948668201767e+01
4.667819960075579644e+01
2.333077870716131130e+01
1.158659910510726263e+02
1.685861936582503873e+01
5.776967264767921506e+01
3.169287170426298417e+01
2.176853745154479469e+01
8.930485046423329720e+01
9.070878097347610947e+01
-2.146276754079331965e+02
-2.096846261483250018e+01
-2.093242556831286194e+01
-9.747273722364437276e+01
-1.265212558953734572e+02
5.146218384229324272e+01
-7.354339908293817984e+01
1.019865269423672771e+02
-1.000255403696089331e+02
2.770401150737200879e+01
8.703845068129999163e+01
-1.772259437296075077e+02
-5.184270104120921019e+01
7.959320894599088092e+01
-5.849734587497370342e+01
7.019428833691638658e+01
-8.907710391358331492e+01
3.683080834585098984e+01
-1.475409305875096067e+01
1.205830405559631657e+02
-8.622842337046023431e+01
-7.179935720090006157e+01
-6.360148753017018919e+01
1.111250950745652943e+02
4.897075131529118153e+01
1.189921581901277392e+02
1.255963748519209275e+02
3.196121995849565423e+01
2.873963287880669668e+02
3.241697796356724837e+01
-8.702896101945385965e+01
-1.101536025833011223e+02
-9.653762858472421726e+01
-1.817147665632003566e+02
-7.300779202382464916e+01
-2.839903862568087334e+02
7.528406780880460758e+01
8.304161692297415698e+01
3.533602588480496820e+01
-1.289067902868623605e+02
5.551441580566132217e+01
-7.055312606946591814e+01
1.425387095906084198e+02
1.226506414598250103e+02
-2.784451931888553489e+01
9.600564242229633294e+01
-1.028023765450595874e+02
-7.887573571424356444e+00
1.016646453270253829e+02
-1.815400678498826608e+02
8.274945119256051385e+01
8.764191939481668214e+01
8.094576768182133719e+01
7.598603781867431906e+01
1.094279774888113792e+02
1.516800208651083040e+02
-2.951204610490772211e+02
-2.548255637313324229e+01
-9.757022390163252457e-01
-3.171902603188351577e+01
7.455166784542132064e+01
5.471686075719712505e+01
1.094335975316231782e+02
-7.190830026042641521e+01
1.512490943951125359e+02
-2.088370370224511419e+02
6.917430497456793148e+01
-1.170321336786627313e+02
9.414878880424436147e+01
1.972734068376271566e+01
-2.755863176265790315e+01
-1.912457266876284052e+02
5.253932794959463592e+01
-8.239530056571780392e+01
-1.780852776349332487e+02
-2.139488751071893944e+02
-1.146652367302404940e+02
-1.536035157141714365e+02
-1.942009515163787512e+02
2.028553733664408831e+00
-1.301159328442192304e+02
-1.203568817260071313e+02
8.239717668485918978e+01
-2.999769388408667936e+01
1.118591007164514366e+02
8.901229502746831201e+01
4.453028882869747740e+00
1.080746053130720519e+01
5.411242617713556058e+01
-8.934421675509931049e+00
-1.313486151546551071e+02
-2.335563171477399180e+02
2.361097048657322617e+01
-7.249522646673759141e+01
3.678542950566139780e+01
-1.888031972043610551e+02
-4.876559031904701413e+01
-1.984257884154123701e+02
-3.719196597645206737e+01
3.198415626944138168e+01
6.021413673675267830e+01
-1.568683628249177957e+02
-5.712968173552226148e+01
-4.494234528370866855e+01
-3.075590623048161021e+01
7.266268188545529583e+00
-9.853665483732925168e+00
-1.575282648899083142e+02
-3.115207181290066529e+01
-9.802826959379942195e+01
-7.464432940493793467e+01
-1.630623355977451538e+01
-1.922403504200864006e+02
-2.203190558638530661e+01
-4.817966571442353541e+01
-1.428591178312050261e+02
-1.673073799491049556e+02
2.731943858728525498e+01
-5.916928054785661750e+00
-1.375968038225113510e+01
3.481423926556751525e+01
-1.176137201953365974e+02
-5.908618613502243733e+01
3.931596208762329780e+01
5.701106324912343837e+01
-4.976619136354803885e+01
8.784234465436023598e+00
-9.189698950952681855e+01
-5.819733370874351408e+01
1.132645669469027894e+02
3.837007489342020250e+01
-2.319354954066315955e+01
1.628533033783154167e+02
4.652590596765780795e+00
-8.627933258642910630e+01
-5.272775646115239567e+01
-2.843292934866105526e+01
8.193139760276181960e+01
-7.864209002594316189e+01
7.178247782703449431e+00
1.691097928454222199e+02
-1.590016823120569143e+02
9.413356271777240636e+01
3.883823610309685392e+01
9.528435852732771139e+01
-5.198994837006637226e+00
-1.902333059771045853e+01
-1.335835025804748355e+01
-1.530739242220560925e+02
-9.294906485379738115e+01
4.701966846702339353e+01
-1.294314985876245032e+02
8.443050797818617070e+01
6.323340182928010034e-01
5.876469200406138071e+00
7.321330142270426222e+01
-6.291002753908030876e+00
9.294302568084670213e+01
-9.821713756855592692e+01
-9.182859823561180690e+01
-1.074810769485323760e+02
-2.055611023069477312e+02
1.063946024486041040e+02
-1.204227415616146715e+02
-5.943060862567385527e+00
8.873153056722537713e+01
4.445872369356301590e+01
9.272390928884773587e+01
-1.164575904821073316e+00
9.240971468844389847e+01
1.939621415978907351e+02
-5.031167761818016260e+01
-1.976313935166130875e+02
6.150467057370237001e+01
-8.169633163771614193e+01
4.689800118962309483e+01
5.535939951370325929e+01
-9.524195804348293848e+01
3.492179890699241618e+00
1.270447922591884691e+02
-1.028711790711647609e+02
7.013083676188375648e+01
-7.840136260268698720e+01
-9.405621827899823018e+01
4.156390224166073466e+01
-5.483638824137592138e+01
-8.769504957411074031e+01
-2.886196469868952263e+01
1.709757391532421309e+02
7.128912641998064714e+01
1.249005293419186415e+02
2.123598503727194498e+01
-1.424459926948502471e+02
1.027170593287204099e+02
1.258156487716328371e+02
-2.800268996996172177e+01
8.226996316554526345e+01
3.258687707554810853e+00
9.498998991268364023e+01
9.357220938540365296e+01
1.210362998666893759e+02
-1.009911657268770284e+02
-5.891265072324591756e+01
-7.873922729373539653e+01
5.355167061932524319e+01
9.046521157448300698e+01
1.769535191948175168e+02
-7.787222934429361487e+01
-2.922253072801040474e+01
1.795000536438022110e+01
-4.343767586213886034e+01
-2.177425501782890294e+00
1.111702036234941104e+01
-3.350512045765868585e+00
1.993471244174562855e+02
7.092813710099159152e+01
-1.989506891961370982e+01
-1.147231947669347534e+02
-1.013039509132703984e+02
4.814488111270298276e+01
1.777555008600389286e+01
5.274644065323896314e+01
5.878804315371667144e+01
4.113705693539323249e+01
-7.363901784133928174e+01
-6.285202377313805044e+00
1.145290634027696086e+02
1.215042029063001365e+02
8.267578013960033445e+01
-4.894080471914691088e+00
4.911707662618370307e+01
1.321392559536204736e+01
3.542286792787137095e+00
1.060534835490044259e+02
-1.388265801583678183e+01
-9.407993876981032599e+01
-4.366358313498184174e+01
1.432111549653374993e+02
-1.077133282579736147e+02
1.297572798971683596e+02
-3.978895186486249713e+01
5.700705300240243645e+01
-1.213728553334498095e+01
1.313061196603123051e+02
4.052999660878214883e+01
-4.053126813264506012e+01
5.179005965549418278e+01
-6.936434753590883417e+01
1.134942710479681978e+02
-1.417081185627670834e+02
-1.539118194676796634e+02
-1.146248908737985772e+02
-8.358659221099362924e+01
-4.778260789666589403e+01
2.526124556577422453e+01
-1.197608200601558224e+02
3.204492779463148366e+01
6.296186166875035184e+01
-1.352371207771148534e+02
-9.934336744655179530e+01
1.393716967784597784e+02
3.020901284912527629e+01
4.850491992498710658e+01
-3.441101980601579413e+01
-1.709286521962426164e+01
9.434461584979213455e+01
-4.226522571425458352e+01
3.177235801608162191e+01
-9.451501972458470391e+01
6.127743624848114301e+00
9.147551942024706761e+01
1.980188653784790063e+02
3.498458043896743419e+01
9.672881893664917641e+01
-1.123769988635373949e+02
-3.505495760161958074e+00
-1.190549479882399311e+02
1.585727398612989987e+02
1.326996116990410712e+02
-2.319432022772018911e+02
-7.909662454795540043e+01
8.227058668000610453e+01
-2.702111049603760584e+00
1.124032687864045243e+02
-2.955843852322500709e+01
-3.862940871411073829e+01
1.760995827317314308e+02
-1.446350799522726760e+01
3.592446158731776507e+01
-5.910140871230994009e+01
-6.060004604632975855e+01
-1.693301275211742052e+01
-5.192286705047617090e+01
-9.798348776621364209e+01
6.738647130634785043e-01
-7.051162775532122851e+01
8.413514977808901563e+01
-3.431542791049296603e+00
4.305638601771345719e+00
6.494445344620585558e+01
2.311825170078928959e+00
-9.407883240522363621e+01
-1.330515444929036448e+02
2.501431356777252688e+02
1.694081807003997540e+02
6.495788168543329277e+01
-7.440267041662349357e+01
-2.026810150564328694e+02
2.959123081548195699e+01
-9.027486423739827615e+01
-2.688535149907091437e+01
-1.324377053864507729e+02
2.766001784159335841e+01
1.056982840329019382e+02
1.816785180033660652e+01
-1.132956971532808552e+02
1.199551025946117200e+01
-8.683318449277498985e+01
5.891175349031006903e+01
-2.191805953365448545e+01
-2.227060799659635748e+01
-4.757846644451399243e+01
-1.340917280572094512e+02
3.727070084075574385e+01
1.308292590299373614e+02
4.098851821032573639e+01
6.285797470471327131e+01
-1.818113627513997983e+02
-7.000028937149475894e+01
-7.862316437968146943e+01
6.234195446031512944e+01
-1.499176613177887596e+01
-3.172276304002814129e+01
8.227991268461671837e+01
-7.863125756006910194e+01
3.223162067491101368e+01
-3.609432608807711063e+01
1.849283755848541944e+02
-5.094763362694219211e+01
1.125011873299313407e+02
-8.816224367873650181e+01
4.978426878079972795e+01
-4.829386094020595976e+01
6.287067493570972943e+01
3.968368162534091681e+01
1.348287741940033300e+02
1.729905984707894362e+01
8.577622585831289825e+01
-9.449691473158365795e+01
-1.197840672991277344e+01
2.775619442791950675e+01
4.382165089279437353e+01
-2.726806234861313527e+01
-4.364069381036052420e+01
1.405244734171602090e+02
9.131284542369846235e+01
4.291453557716685197e+01
-3.476438985441812690e+01
7.890356873169407947e+01
2.941504345929238085e+01
-8.025765800343839373e+01
-6.509564172805937687e+01
1.745603890029748015e+02
3.612663052656339602e+01
-1.827478579594841790e+01
3.263418497270791807e+00
1.193329713010296445e+02
-1.114223693229746743e+02
-1.543823245171173255e+02
1.424206702137677105e+01
-1.587704150903212224e+02
1.636727702839756944e+02
9.369267365071755194e+01
1.538070273906902798e+02
-8.786836143918108633e+01
7.209952087657553932e+01
1.483167459020160663e+02
-5.618871735026798575e+01
-2.883570769947865386e+01
1.975962104927111085e+01
-1.757076020865726562e+00
-6.749473115358478026e+01
1.609692309206766652e+02
2.052159628307582864e+02
-6.213733939248327687e+01
4.274691214065330769e+01
-8.307589012611632029e+01
-2.966260672727417358e+01
6.967339433113198766e+01
1.474208555492744210e+02
2.769806704743098891e+01
-1.241386160494474034e+01
1.106900014215831902e+02
-1.052106305987228723e+02
-7.365975417956636306e+01
1.475926939177360353e+01
2.200766753163567842e+02
7.316697857775714908e+01
-1.339922142844867778e+02
-5.988966081570389832e+01
9.172211673101205065e+01
-7.743841484089828953e+01
9.394036722168792153e+01
3.452581723558549243e+01
-1.585579292858966660e+01
-1.740148767602861142e+02
-3.643224003794443888e+01
-9.851518620800325721e+01
8.096612659949074953e+01
2.120355348795619932e+01
3.301649597834899197e+01
6.765785089825388354e+01
-3.321262688172480182e+01
-4.950483619658699297e+01
-1.102697412127896825e+02
-8.134409694031921845e+01
-6.417846257733181403e+01
-1.473241426597850818e+02
-1.233716964679547345e+02
3.680246644095048758e-01
-1.859138464313269168e+01
-6.502711717379335710e+01
-1.840241390737703000e+02
-1.211765305553627741e+02
-2.660684913827071796e+01
-9.167314621551683729e+01
8.166973575572687594e+01
-1.620789523182176239e+01
-1.722627801839910546e+02
4.731399007888933284e+01
7.933062191001370422e+01
8.527523722145429019e+01
-7.028230046486383742e+01
3.249286944330949467e+01
-5.036107951755997902e+01
4.211431660356340956e+01
6.817548535970649581e+00
5.741376464535965596e+01
-5.505218360153896384e+01
-2.402984437110413580e+02
-7.273776899996312295e+01
-3.524409276727266871e+01
4.424770824213781140e+01
1.386770666723659531e+02
2.252816892935352371e+02
1.082568491220012952e+01
2.728389386300227102e+02
-3.337556295023222930e+01
-1.818830257859757893e+01
3.852913374065051499e+01
1.331726571605997549e+02
-1.119109732862267350e+02
1.236577691918529780e+02
-1.198835603809181549e+01
-1.379079501247211965e+02
1.206406458243099848e+02
-6.093719930296580323e+00
2.385834206488777198e-01
