6.189539416300745955e+01
-2.817558501920043312e+01
6.113757499410336749e+01
8.388103696152855093e+01
-5.366883120703741383e+01
8.533626338380074117e+01
-4.955733379688695095e+01
5.102979757908815373e+01
1.864429088224832753e+02
-1.253607444880450430e+02
-1.341184215278129557e+02
-3.522642432287081249e+01
5.798919526607512154e+01
1.163400265060478631e+02
-2.278893268225606050e+01
-1.500356894981615596e+02
-4.540112095271263115e+01
1.410330277115848787e+02
-9.171379661377132209e+01
7.388700391923339339e+01
-4.229425685970822357e+00
-5.225721962590850467e+01
2.130853636335692158e+01
1.949968416083121951e+02
1.037457356164398306e+02
-3.594742452808231548e+01
-9.571847461652191669e+01
4.978781139923783883e+01
3.925284871774962880e+01
-1.206797146771601437e+00
9.690129533728499212e+01
-3.589957912214862379e+00
-1.400060397860244343e+01
7.499195429614569264e+01
9.604528316031741042e+01
-1.472940125000737339e+02
5.747953344746611748e+01
9.001820244123464931e+01
7.934841771138543720e+01
-1.225966214550744660e+01
-1.197574062606244922e+02
-1.470751123268919258e+01
-4.309865121432754620e+01
-9.304241346286910641e+01
3.488197237281410423e+01
8.811964923419090212e+01
2.308968155722940807e+01
-2.872123060106582315e+01
-9.911196830321827633e+00
1.794163145228011729e+02
4.376411909970488523e+01
-4.738360025551087773e+01
2.065189908895654014e+02
2.383906764696140357e+01
-4.458871160850855375e+01
-4.039483987318847369e+01
3.024649181474405424e+01
-5.293693548782077585e+01
-1.263355295906748381e+02
2.119540093114837020e+01
-2.171446596857571478e+02
1.504157040814654067e+01
-2.260826618202105180e+02
9.089540538119614155e+01
-2.619249964794743235e+01
3.663668855178377015e+01
1.102146247201934699e+02
8.413224715744735249e+01
4.028199521131433092e-01
-5.406550784912774077e+01
-1.043260795428384995e+02
2.968754379667853627e+01
6.510278603547796195e+01
-9.522284330570172983e+01
5.206066174771640220e+01
-7.607111069274176884e+01
-2.361104506907568279e+01
-1.664169335789767956e+02
-3.032426957316091176e+01
-7.669257319308555054e+01
6.175000043969895813e+01
-6.951993976677600529e+01
-7.637917593189519039e+01
1.403979298236965434e+01
2.381336923312742329e+02
2.773546526673367296e+01
1.610235933720313710e+02
2.079646365223529187e+02
1.512756112195979483e+02
2.985005029212689465e+01
-5.972253264645603110e+01
-2.329005300252575950e+01
1.186310478449973793e+01
1.742780229655941184e+02
1.314725126259077825e+01
-1.827960860895591821e+01
7.379158747494493298e+01
-4.736533324880164031e+01
-1.085851979264383118e+02
8.343241268015864875e+01
1.726786032633340540e+02
1.084228562368639075e+02
9.798997811513403633e+01
-1.415093724327350877e+01
-5.433210826656019776e+01
3.190817363241641047e+01
7.137863987416673694e+01
6.307608162728190848e+01
9.842302651247376133e+00
5.524876854903226331e+01
-7.044608349990927820e+01
-3.583017239775415419e+01
6.651506103773499490e+01
-5.546072624915537119e+01
1.636772389411073050e+02
1.091724715958717979e+02
2.621834682122994309e+01
-5.330538274916310115e+01
3.014992289136880643e+01
2.232890523584251774e+00
-9.673555167602083316e+01
-2.555433098545167780e+01
-5.295025302843342985e+01
-1.301392491286610777e+02
-3.765841487066487758e+01
3.586034322518814044e+00
-3.716964160061806410e+01
1.073990323916376752e+02
-1.021492821537726670e+01
1.070776129288420897e+01
-6.404491455765047192e+01
8.869352345865432596e+01
-6.491505733460716954e+01
1.452720372118104120e+00
5.653642174828327427e+01
5.484540152002051627e+01
-1.708368240556334285e+02
3.979733551297989180e+01
6.898727530881212999e+01
-5.453949918318303958e+01
-3.441467224929641588e+01
1.791062587797513928e+01
-1.243472563367518120e+02
5.438304784971668226e+01
5.934794031028926042e+01
-3.104044664652456120e+01
2.490966164205393696e+01
1.413518124756870975e+02
1.593217007080679366e+02
2.677535113348081808e+01
-9.808037428997553775e+01
2.092901418959103523e+02
9.121497616595515012e+01
5.628375781193083327e+01
1.262503224028416469e+02
-4.268330165474085724e+00
-2.420630078921502388e+02
1.310927002404528707e+01
1.641082773623870992e+02
-1.478409244957911284e+01
-1.508399653203798039e+02
7.797081654944223317e+01
-1.848880577036059680e+00
5.043912390412996416e+01
-1.304423074244940324e+02
-1.791997254208489778e+02
2.193320836029104015e+01
-6.113121919451627662e+01
-7.554941788083426957e+01
-3.528713177116938482e+01
7.737497491671548744e+01
-1.023304571997609997e+02
-5.454057578121283711e+01
9.448395244498126289e+00
-1.209659045011825995e+01
-1.055508932158490509e+00
-1.581197590024945399e+01
1.934796361202009223e+02
2.089295940348560876e+01
6.559457323958991992e+01
-3.858721608573470121e+02
-2.927058486771016987e+00
6.463977075117787763e+01
-1.355033712831130721e+01
9.241590139739290066e+01
-1.130254329615155910e+02
-7.753238025987884896e+01
2.576841448488258379e+02
-7.732366219416164199e+01
1.241010379268664998e+01
-1.102591920119558466e+02
1.243564249222078359e+02
-1.623083509920650869e+00
-6.715851729775762635e+01
-2.211245532263179658e-01
-1.294836185921027436e+02
-1.128964863214267638e+02
2.664180619543424910e+01
-1.609595958671226867e+01
8.645250755972412549e+01
1.216268043651842046e+00
1.271544364159321816e+01
1.519770814801307068e+01
-1.338830254950443077e+02
9.079080850579651951e+01
-1.450267891716468966e+02
1.157898361458694438e+02
-5.188138206335579383e+01
-1.766081143481204094e+02
-2.982045773372959729e+01
1.262149713408991119e+02
6.690619006145493586e+01
1.922480384422463473e+01
-8.802017249982911906e+00
-1.014987347949893177e+02
9.099052285842748944e+00
-6.638038901374045508e+01
4.105047718717084848e+01
-6.889453914870448159e+01
4.283808846888503830e-01
1.201807797928365318e+02
1.414193359495438607e+01
3.726738232982833665e+01
7.529164926712786254e+00
-2.768247668561160069e+01
-6.583420587168868110e+01
1.563897564412962140e+02
-1.596857457151481299e+02
1.159652775231689219e+02
1.504080401719818383e+02
3.407240109924055105e+01
1.005116055684108289e+02
1.134438387056662947e+02
-2.928820133167003448e+01
-1.550075975705934539e+01
-9.483867524472368871e+01
1.376566735972951108e+02
5.376168043514357464e+01
-1.469617432615388850e+02
-1.247888658602771272e+02
-7.731992691618052049e+01
3.081774105476563363e+01
1.463314558387528166e+02
-8.707492056257356694e+01
-1.427786080992144377e+02
-1.361084603366073793e+02
1.351892849929425608e+02
2.337494795184526453e+01
8.094040766562218892e+01
-1.091230706191864925e+02
2.966978928297830720e+01
-6.065965378955991127e+01
-6.689132585411910270e+01
-5.863516813086735446e-01
-3.747946452292662656e+01
5.878638238674697192e+01
5.339329226114021942e+00
4.813962451720820468e+01
-9.431354223411632631e+01
-1.064516017288441958e+02
-2.641296685804232425e+01
-6.263248923364411525e+00
5.515805484104843970e+01
1.027179135433270716e+02
-6.116834874380558773e+01
9.248810997403609235e+01
8.885021810847958079e+01
1.627216632129089362e+02
-1.026070111225922119e+02
-1.055465233943653658e+02
1.410608321648937569e+01
-2.086133051268450700e+01
4.176824862672796712e+01
-1.111004216666498650e+02
1.860551805785659596e+01
1.302624329474464204e+01
1.825991418385651599e+01
1.442935141072291572e+02
9.053458996351749022e+01
2.681257068588714176e+01
4.980544201389231063e+01
8.241085292845546917e+01
-8.107090768509365830e+00
-4.153993688147379348e-01
-2.333815571210806752e+02
-6.124847670215287110e+01
2.157333236394568488e+01
-1.460490986458311511e+02
1.067032142089939555e+02
8.552626051642060645e+01
3.844966170762901214e+01
1.753031961067541289e+01
7.163925243724756342e+01
1.492772723201187830e+02
-1.302016801440243228e+02
1.167863539432239151e+02
7.584861111536854139e+01
1.410155578547011999e+02
-9.258713889991955170e+01
-8.971051651236845714e+01
1.254779401496936515e+02
9.627789702997570487e+01
-1.383378161876843482e+00
1.882560166218068503e+02
-4.867018923174131118e+01
-1.568583317049440495e+02
2.217594671893406542e+02
6.765755959732889835e+01
-1.127718004852502247e+02
-5.015476149415023066e+00
9.874970663420187478e+00
-1.704433232227783606e+02
-6.219948177168519976e+01
-9.443437795606524787e+01
8.500590817648978259e+01
1.662385798236211372e+02
-7.726019431482227162e+01
-1.772895281116901600e+01
2.405311393099473349e+01
-5.720083133461781699e+01
5.474618749688720243e+01
2.492426120005851686e+01
7.430873632843636756e+01
1.975656607655253652e+02
2.257799575903636082e+02
-2.067516584331406477e+02
3.531919349601428593e+01
-8.621980156986423083e+01
-9.277895219679309946e+01
-4.481450498927945603e+01
-3.754536208884712845e-01
3.627590522345184354e+01
-8.109402010001754491e+01
-1.173400468049125323e+02
-4.701197468686660130e+01
-6.143612329193827293e+01
1.010709991322064916e+01
3.230323715035603271e+01
-1.061398903194051400e+02
7.221377349769014131e+01
-9.178552779255326755e+01
4.809321253738455226e+01
3.760603433628596282e+00
1.822717980597401493e+02
1.985280020230942455e+01
2.332100355446585809e+02
-2.901744808675573495e+01
4.721249412245303745e+01
6.758996945700636161e+01
-1.807513395402772716e+01
4.913766083374543570e+01
-8.348752218068436548e+01
4.025709249100172826e+01
5.408050102242514612e+01
-2.114432346904887652e+02
5.466626865863817386e+01
-8.604199432844862372e+01
-1.601070555259208561e+02
2.843930666560667220e+01
1.477530624093561507e+01
1.966270981265481339e+02
9.572727889791561040e+01
-6.174681467419391367e+01
1.676430779458516929e+00
1.082552588819908408e+02
9.702612240895581408e+01
-7.071506719219733839e+01
3.214322416672693805e+01
-2.934055322319577996e+01
1.234416791533664366e+02
-4.055981875836437212e+01
-1.106060055082807310e+02
1.499133589028157871e+02
-1.115179432338234449e+02
5.527277543237691049e+00
1.330559853903993712e+02
-1.420825069929822071e+01
2.100154524668496094e+02
5.397668519927355391e+01
-6.064453918208555905e+01
8.581402656000585694e+01
-5.097569731631391932e+01
-6.738869810375459224e+01
2.045754137078766988e+01
1.448042427538389632e+01
-8.755802082120290208e+01
1.179498318989208343e+02
-1.411216040269294751e+02
-5.025189253739608120e+01
9.115034819936697374e+01
4.213790895129245229e+01
-1.867135525147543618e+01
8.601659653025240004e+01
8.913416506026719333e+01
-5.390376591955867269e+01
1.751692621105930812e+02
6.328534328761944039e+01
4.389121368697464831e+00
1.554697092370176961e+02
1.981041413518584022e+02
-3.042643859815619578e+01
-2.182102915479841556e+02
-4.284460879344751305e+01
1.171338944246820688e+02
1.161564704490845372e+02
1.155581706147154506e+02
-3.851083536083817194e+01
-3.883915434273384903e+01
-4.631392726120949277e+01
5.489750452410992665e+01
-2.667164645905796050e+01
-1.837837997174484528e+01
-1.141389878688647599e+02
-8.858312027992629112e+01
1.272429639163263317e+02
1.049464653742066389e+02
-8.578159466348473927e+01
5.333945060893318413e+01
4.896510820903788641e+01
2.359850851581936411e+02
-5.573650466131011427e+01
9.882492965093983628e+01
4.999739258558307853e+01
-4.007954369231230629e+01
-8.161799783009572096e+00
3.563513436056264538e+01
-9.000258554568159752e+01
-1.089047792885170480e+02
1.270037452139194585e+02
1.082292373024154131e+02
-7.211538251401697908e-01
-1.893310781632142721e+02
1.575744652497104710e+02
-8.543939264060571759e+01
1.998607407577827288e+01
-3.563835564212277518e+01
-4.263715598629350012e+01
-8.851282396030546806e+01
-3.984889434979641010e+01
-9.590026556818428105e+01
-5.877282333979389506e+01
5.355610710838043964e+00
4.465126321841317036e+01
7.209386314318862787e+01
2.554192490115736192e+01
3.622900839319228350e+00
-1.709121873651183137e+02
-1.573040761749191745e+02
9.365836491861007573e+01
4.214219288232577298e+01
1.050841558724980160e+02
1.849081542925836885e+01
-9.427659568182693306e+01
4.596895627528201800e+01
-1.465438345047811310e+02
-7.496917701901219289e+01
-1.492772699507503944e+02
-2.708000639258547153e+02
7.749590268912051272e+01
-6.951755512918927593e+01
6.856952196107576469e+01
4.696095486960621201e+01
-6.776972010361289733e+01
-1.381984389375463991e+02
-1.150204892765120057e+01
-6.369493387661113104e+01
-2.046266516918079503e+02
4.974781554835685426e+01
-1.572737201580024058e+00
-1.388786906135469792e+02
-5.404307253649837328e+00
4.099123991612619022e+01
-3.872673371154913013e+01
9.097921632158480065e+01
6.489913465520932334e+01
-1.353142981514500889e+02
6.970888348462470674e+01
-5.662511493385352424e+01
-7.939816550748295754e+01
-1.018854909702059075e+02
-9.276497778627917512e+01
7.826065093894511548e+00
-1.559773664603369170e+01
-1.957957040781273292e+02
-1.201575817285229846e+02
2.681745059196018133e+02
-1.743826709547009273e+02
1.818799173658101438e+02
1.692280209152303172e+01
-1.684677678779816645e+01
-6.154708030609071123e+00
7.945238955084693089e+01
1.420229577252708566e+02
8.657883774510905539e+01
1.138394598737868080e+00
7.434659571515152265e+01
-4.672984201399434490e+00
1.022708383380327888e+02
2.631644205195327757e+01
2.147290974968507982e+01
2.574922708901413415e+01
-1.883120799836984460e+01
-1.885378545589129260e+02
-4.527485800586141096e+01
1.830461706587653481e+01
5.991134152387822098e+01
2.947756940836690731e+01
-2.686808053799752116e+01
-4.113485778740651710e+01
2.033413056010447235e+02
4.241303122940774273e+01
1.471820553334190720e+02
-6.546430585026592475e+00
1.035169643860991329e+02
2.611268973959867878e+01
-2.915686484851576665e+02
-6.146911939753080389e+01
-2.235125793634324225e+02
1.348405716620931969e+02
2.842304256288036157e+01
-1.783157215550769692e+01
9.878839125593057702e+01
-7.318080118529197264e+00
-1.052854753697177586e+02
9.122685024910494178e+01
-3.874640338786258553e+01
1.767999322760867287e+01
-9.279371179290589566e+01
-7.032113204039856669e+01
-9.286394371133684444e+01
5.969310916111896859e+01
-5.678557951631006517e+01
9.904472760629349182e+01
-6.758757970338761822e+01
1.017949910170982264e+02
1.501362514027624684e+02
3.370961062563005584e+01
-7.373303433548420571e+01
2.502753394988266766e+00
-1.516194739994709551e+01
-1.673616772179334760e+02
-1.139538422329676592e+01
1.516908521104548768e+01
-1.055432603905339590e+02
1.553750715423953466e+02
-2.363442696080303307e+01
-1.697332121106682052e+02
-1.487038269870202782e+02
-9.721777229509181950e+01
3.465502608101627402e+01
-4.824517085840578545e+01
-1.703842718595101076e+02
3.819191801823122034e+01
1.492802333880404042e+01
8.469398623714607055e+00
-6.670045839204377103e+01
7.694850145025935717e+01
3.816325505380158489e+01
8.749303597390680309e+00
-3.435038512136019762e+01
-7.785364939391197936e+01
6.657008732397220285e+01
-1.602036530411122044e+02
4.336071982750784315e+01
-1.452555005828423518e+01
1.197007361254394624e+02
4.530995888912028136e+01
-6.406139781868125738e+01
2.592237624463026435e+01
-1.158984422529214413e+02
1.050484100984125746e+01
-5.231909281376287169e+01
4.773611309313086792e+01
2.824053277085551628e+01
6.404974951477059619e+01
-1.095488390268656644e+02
8.725827968095741483e+01
5.281454726844056324e+01
9.953931818559775024e+01
-9.022252002501357282e+00
2.204725950183422185e+02
1.310811489458945722e+01
4.620340755919311704e+01
-3.931141690385801013e+01
-7.096923087402653607e+01
-6.727210121875809534e+01
2.460931017708633561e+01
-1.697891271099720001e+01
-1.412300606580065505e+02
3.064333647307229569e+01
4.130056847100109252e+01
7.007695965145019557e+01
2.952701948977185964e+01
-6.955785239648913887e+01
6.542255305851994329e+00
-1.715501958149901540e+01
2.977609950477736334e+01
1.780164697479480083e+02
-1.335526757391608612e+02
-9.885748199794672075e+01
-2.562620964779053523e+01
-1.732856071672423752e+02
-6.695017155824321264e+01
-1.072316019502578968e+02
3.658728243357954568e+01
4.509130187358543651e+01
-5.748972686060870529e+01
1.271848139334628911e+02
-2.702486054654433545e+01
8.270431750559473016e+01
3.446372249473407123e+01
-2.773874500791534459e+01
-9.601951734255597160e+01
6.216949481974901204e+01
-3.514518642428548389e+01
9.693711941247313746e+01
8.284175596704157840e+01
-5.763067179613631907e+01
1.330924767946045506e+01
-1.029729617710706719e+02
1.297922215668635886e+02
-8.879755297939121661e+00
-5.567701011488141205e+01
-3.454056355929525779e+01
4.530504690724468375e+00
6.783399843943499263e+01
-3.129693679208022061e+01
-1.077833450380884130e+02
7.615684790326606901e+01
-1.146722190116890800e+02
2.842014585075197886e+01
-7.990983222973338229e+01
4.310863785813412363e+01
2.145141790994735675e+00
-4.068221736414992051e+01
3.816504004079546597e+00
1.069768936001682675e+02
-1.578240886596551320e+02
1.231494735270657515e+02
3.508446495145543764e+01
1.382058104432205603e+01
-9.383432179200151779e+01
-5.399551639844663953e+01
-3.400103624788962264e+01
-6.529804642203157528e+01
-9.165951377977490822e+00
8.592459523110214548e+00
-1.096174172890038676e+02
-9.718408593601473910e+00
1.206806755751013043e+02
-2.778467706462480891e+01
-4.764792723089838233e+01
-1.381268514387596724e+02
-2.647911215030059751e+01
-1.848910700573778243e+01
-6.088830644644998813e+01
-7.984230530796733660e+01
-1.165864091343943301e+02
-6.478650877634885319e+01
2.398604000274037560e+02
-7.485901612970275210e+01
8.944335885568536071e+01
1.936742964908832221e+01
-1.551322255758158519e+02
-1.731455679047813874e+02
1.122535295286155730e+02
-2.114521826326000564e+02
-3.913576512904873539e+01
4.921180054540370463e+01
-6.288713574272458828e+01
-2.188418982871410492e+02
-1.796323442177366587e+02
-8.639229276298419791e+01
8.526711678824453600e+01
-4.788234517734891682e+01
4.960948632431975369e+01
4.747050426079230334e+01
4.782243886241133879e+01
-2.277718276672422437e+00
1.404058435877797137e+02
3.289876569495591951e+01
-1.066637982735444155e+02
-2.021167304865886294e+01
2.058194954920435578e+02
2.545992477771229900e+01
-1.177608860745082211e+02
-8.758434073963156763e+00
1.287873208016786748e+02
1.644639634938276984e+01
8.527307442088316236e+01
-9.786915989562072582e+01
6.447422492954527229e+01
-5.070020034427038524e+01
-1.739533422047090028e+02
-1.750080243324368610e+02
7.375918765548763645e+01
3.681520490237732446e+01
1.028991164266132330e+02
-8.666160562181099980e-01
-3.143211564747446118e+01
1.119014983706756112e+02
-7.669683815150047224e+01
-1.040506110021638193e+02
-2.376717280690419543e+01
-1.602281422658187182e+02
2.011653734361769352e+02
-5.280898443453936153e+01
-8.071482452012627107e+01
-4.086836289390929977e+01
8.123477229200912575e+01
8.386824348904576709e+01
7.635438291818901746e+01
-1.468149863030596123e+02
1.289311877618040967e+02
-6.700048434058471969e+01
-6.899957192865716138e+01
5.337108581620017844e+01
-1.158751524099659491e+02
5.332629322865818011e+01
9.011213488998988552e+00
5.109802938787751714e+01
7.163360319084374339e+01
3.567994864861525173e+01
-1.604821111354536711e+01
-5.697959425296944147e+01
-1.299463163969222705e+02
9.487050416957927723e+01
4.530026360599715218e+01
7.106475450318447429e+01
1.873797873702164196e+01
3.653835506065192362e+01
4.227817032425176080e+01
-1.469113903774007568e+01
-4.749538790084192641e+01
-1.177638837598343855e+02
6.419128434730177446e+01
-9.080459372299877430e+01
7.117503887261102591e+01
-1.313044439449209051e+02
1.109787694645108900e+02
-3.271968287871628434e+01
-5.160760246934611928e+01
-3.796637290577966617e+00
3.157434061551501259e+01
5.955249845530664743e+01
6.046557445782492213e-01
-3.441794272360350959e+01
-8.143503168913543533e+00
7.334430488723126018e+01
4.125797039726452198e+01
2.323986026999327805e+02
-1.692337544022805105e+02
1.823331342191391400e+02
-8.024255573577160305e+01
1.574303957676727883e+01
5.444562289143531331e+01
9.190072890766454350e+01
6.232904991412065243e+01
-1.363664011377077543e+02
1.572329312387321067e+02
-7.065974306577395225e+01
3.758847395142625913e+01
-9.503089157380058793e+01
6.605613805814948591e+01
-1.662357936383940284e+02
-9.088979153366572916e+00
-2.673188523557680085e+01
-2.164323107224236935e+02
7.344793844627649548e+01
-1.113280288447349591e+02
1.904342235073481788e+02
-3.098629388638748594e+01
1.563486636932472038e+02
3.061972501514915379e+01
-1.902176211378078108e+01
-4.622315673672670933e+00
-5.138562458222494200e+01
2.679599128684141647e+02
1.130452114992134049e+01
5.750357994913454007e+00
1.736463824141570456e+02
1.280871973186172568e+02
9.524111570118662939e+01
1.975498919314800048e+02
1.721048690131519265e+01
-1.167781114020813078e+02
-2.277139635661518753e+02
-1.670537997514869488e+01
1.139835494549274841e+02
-1.559706507041855694e+01
-1.222757701126854641e+02
7.130279945096533822e+01
-1.138712128665911081e+02
-6.355770104252879094e+01
2.669838129382472758e+01
3.470273445155280001e+01
7.976535273626114986e+01
4.925668537102427536e+01
9.718667725580679928e+01
8.279648279324169380e+01
1.754559461405461107e+01
2.030653112431669172e+02
9.024330131015301504e+01
3.910134609114061988e+01
5.730702492899268918e+01
2.270231643200370542e+01
-8.050486348700088968e+01
-8.173187525648089036e+00
1.639831099922028272e+02
4.928909118001125300e+00
-7.220162279577211351e+00
1.356298146173392070e+02
-1.902762191634052442e+02
2.519416160529665660e+01
-7.528295214817867986e+01
-3.940901984346622555e+01
1.055896326044679512e+02
4.027211689690238927e+01
1.448992743136819286e+02
-1.009454030054945548e+02
1.446357136365994052e+02
1.955434680557995364e+02
1.650245730568968483e+01
1.181395068228353296e+02
-1.077511831794297166e+02
-7.267260204587700834e+00
-4.392695842638021020e+01
7.064670210053333221e+01
-4.168947650131544691e+01
-1.071349092462532440e+02
3.874466123921376237e+00
1.181406992429778029e+02
1.315782145062727011e+02
3.801967440900096307e+01
4.324526981691887073e+01
1.070197870025213405e+01
9.351664081108049231e+01
-6.969506990273913516e+01
1.145655717261879971e+02
-4.197952650839422262e+01
-4.018349525989665239e+01
1.748437538954846460e+01
8.805967635688070061e+01
-1.613466124783932587e+00
-3.838063599351929156e+01
1.058100380729705137e+02
5.946651589695963480e+01
-8.909220930675797945e+01
7.754487135117737751e+01
-1.315377080056064472e+02
2.095655470353086969e+02
-4.793770931483730635e+01
1.667833541597151026e+01
2.986313246429284618e+01
-8.645414024154879939e+01
-1.160994872653314332e+02
1.174047218500466840e+02
-3.344955926363390830e+01
-6.666440907100289337e+01
9.160391213825661794e+01
2.457894182465291877e+01
5.271730484385374282e+00
-1.591138100846332826e+01
4.874921858390928264e+01
-9.536937871352780860e+01
6.361855394217216286e+01
-1.426250599716294971e+02
-1.384189813488855236e+02
-7.861120699049929783e+01
7.855141967200570674e-01
-4.766129176764476938e+01
-1.135886944011205202e+02
9.676808508939773290e+00
-1.914742173258678548e+01
2.297566111899569563e+01
6.496280293675691553e+01
-1.173156071236609961e+02
-1.521796969452010373e+01
1.789058974973272242e+01
5.402836961988040088e-01
-1.627848069793179775e+02
-7.891240709167222178e+01
3.889854023451071008e+00
6.883133596779168784e+01
-5.055331178338155951e+01
1.532760315335907642e+01
2.171967263262422421e+01
1.374504235108224393e+01
2.660881199152202115e+01
1.605940664771906654e+02
2.646394377250257168e+00
9.523381138381097344e+00
1.894317455595309951e+01
-2.991424036192664815e+01
1.926225031260253218e+02
-2.711371340585359846e+01
-8.122509666612143064e+01
-7.241197436175816904e+01
-1.344879639956000688e+02
3.664062345382411223e+01
1.323053700223077378e+01
5.490667453934582198e+01
1.137921441806352618e+02
-9.378444827990196586e+01
-6.008645524658570025e+01
1.369927702978267234e+02
-1.775466572029961867e+02
2.556627875432747743e+01
6.306655968905040766e+01
9.891353602745217799e+00
9.380017523717118877e+01
-9.732225824471956344e+01
-4.033309115836375192e+00
-1.311791002609124348e+02
-1.783818188573458769e+02
7.471421190918904642e+01
-1.140449037333176818e+02
5.466210407137982230e+00
-1.266571232351268073e+01
-5.645435920882435710e+01
-6.978088341044074383e+00
-1.070744323032608492e+02
-6.109554039883352772e+01
4.899070583651808164e+01
-1.312539023725886125e+02
3.985043520596346589e+00
5.893586605697826997e+01
2.846768837888928871e+01
1.461577809790813376e+02
3.665981887449707699e+01
-2.320235277669691243e+01
-4.206772483282680497e+01
9.050955269651484514e+01
5.018700551958231415e+01
5.540552248384372547e+01
8.484840012101186346e+01
6.479159355477671056e+01
1.294977909891099443e+02
-1.286050608881951405e+02
-2.478328133045870061e+02
-1.309803410970180551e+02
1.158802741644072114e+02
-3.573262914961370029e+01
-5.288535404416408880e+01
9.761764891122430754e+01
-1.868456089976991734e+02
-8.392101960542903782e+01
-5.956446236321272636e+01
1.426258635445752248e+02
-1.146743148219868260e+02
-6.851251535883641886e+00
-4.679439490845566496e+01
9.642596205513960683e+01
1.388656173417200819e+02
5.421178220485049160e+00
4.934631136479890756e+01
-1.975973353863014665e+02
1.242299269354884075e+02
7.867176643786939394e+01
3.288973185497727769e+01
3.933044619439635881e+01
2.816683300535840040e+00
1.209371770926742640e+00
2.163618863345529419e+01
-1.042164223853352070e+02
-1.306408216564378790e+02
-1.240286903190201144e+02
-1.031571109011474618e+02
1.067860011406785326e+01
9.698388213012476555e+00
1.341352741785180456e+02
9.758180740525263275e+01
-3.635482647378139376e+01
5.772880210643399579e+01
4.852124377760979712e+00
-5.893678422219382185e+01
-2.594245299815047900e+01
3.619001244509725268e+01
1.089855517241492038e+02
-7.111555660989197669e+00
1.097221606463431698e+02
2.566273514836432312e+01
-8.519193199373167147e+01
-2.186661444378653485e+01
5.211223970527551330e+01
1.616759690657349324e+01
-6.696426818531497815e+01
-9.076144473246468181e+01
-1.327503487101790169e-01
1.417696718833276464e+02
2.978976007221293187e+01
4.962514331972661807e+01
-9.019304140787805579e+01
-7.643051938059925021e+01
-7.359348097076829731e+01
-1.416088620876822013e+01
-4.122110435571850218e+01
1.050280073832138612e+02
4.628235292644966847e+01
-8.304280511438236090e+01
