-5.823384075133998472e+00
-9.533704120413808880e+01
-1.435240716806257488e+01
-1.489317708452839497e+02
1.753485332151981027e+02
1.801232741381415110e+02
-8.289630094226897938e+01
9.713549726004644924e+01
-7.382084172758241891e+01
-7.605346714190157797e+01
-8.894007650699856526e+01
8.691302863194724182e+01
-1.635468037966608890e+01
6.798490218273609287e+01
6.659499915643927181e+01
5.502987690508850704e+01
1.944506450088071858e+01
-5.492041464334025846e+00
-7.665426361137498645e+01
5.584510502142980926e+01
7.061418205149870175e+01
-1.129099548192934179e+02
-6.170269590876893773e+01
4.474319778645632084e+01
4.032761451909956918e+01
-8.531135840742142307e+01
-4.643722173637961914e-01
6.878985881151790238e+01
5.074939244501184277e+01
1.383794634914164874e+02
-1.436759053620951079e+02
-6.716656473383052628e+01
-6.004850339769772205e+01
7.057951991096398103e+01
6.877107436638939930e+01
-7.971431160790326942e+01
-1.050947584276591016e+02
1.119605240520685356e+02
-4.873846695762278358e+01
5.481549936727436290e+01
2.101127906037171655e+01
-7.546812176725779864e+01
-4.051848476735415971e+01
4.351191170862765034e+01
3.021235786678792223e+01
-1.337610549611729311e+02
6.400673539424602154e+01
-7.654231115662649643e+01
8.931011817847748091e+01
-5.017952399124794738e+01
1.242271256217400435e+02
-7.889964316749883722e+01
4.006736201308384437e+01
1.288167750655337329e+02
-8.765241253633988094e+01
8.824961972132044252e+00
-1.879830847137863259e+02
-3.410706243371463842e+01
-1.475782428274233666e+02
-1.789577792010068720e+02
-6.684523114430841240e+00
6.506746706911930467e+00
1.373878604893035913e+02
1.009685643039320091e+01
8.285718693967174886e+01
-9.791908937427024284e+00
7.433086620370731090e+00
6.486423677491397655e+01
-1.156352879123505488e+02
-9.687831512711905191e+01
7.308563751908393158e+01
-8.318861379866885386e+01
9.786593855081538607e+01
2.510212358976447717e+02
-9.274272986786660056e+01
1.116165663650179027e+02
7.975972425686430256e+01
1.471415441504072703e+02
-1.552178870637012267e+02
-1.703610229769910589e+01
4.611167453631756530e+01
-8.260010744137359140e+00
1.657859475634858768e+02
-4.629453783897384511e+01
6.266485589366655518e+01
3.968881397539313838e+01
1.296809279968005626e+02
2.978785293297821113e+01
-7.507466037072437359e+01
-7.807980510323726264e+01
2.104803775689000815e+02
-5.545104415700797773e+01
-5.292996396081942123e+01
-8.047836593177275688e+01
7.807475489534455448e+01
-4.194253758852336311e+00
1.037482167155776125e+01
-1.145012666875747982e+02
-1.256467963643206787e+01
3.286968499492211926e+00
-1.119394083454251785e+02
7.991848138622100350e+01
9.083284107106435101e+01
-3.612218198638430522e+01
1.314345519405633240e+02
-5.904585014866346171e+01
2.128064651435120780e+01
-6.508872266622128677e+01
-7.666689386374532944e+01
-1.764478865658237510e+02
-5.632337183598219355e+01
-1.814010037574808010e+01
8.055126432778000378e+01
-2.039063139470216512e+01
3.478188918108256900e+01
7.546653739856911791e+00
6.386858974588042059e+01
-1.089218628428220228e+02
1.347598262767494930e+02
-1.448908237034286230e+02
3.577755755648806257e+01
-3.997472819270550204e+00
-6.118018876260133965e+01
-1.083947145149480349e+02
-1.802714503262354384e+01
-8.382081627061410245e+01
-1.756024252224847828e+02
3.575169037112543435e+01
1.174077043579680435e+02
-7.443893922096239635e+01
-1.008346194222916665e+02
-1.931484085284734817e+02
-3.055960944025191139e+01
-4.781267026711435442e+00
-9.122916569632681671e+01
3.620071377674485547e+01
-2.164472776161266268e+02
9.673591887463025785e+00
2.394418653439845457e+01
1.857197394927556502e+02
2.862536810434051304e+01
7.582908984234971683e+01
1.218014487601913629e+02
-2.167618478284259709e+02
2.320151866560469500e+01
2.358483363480486972e+01
-2.300089864854833355e+00
-1.403921950807797714e+02
-1.844379445047139257e+02
5.864433050634579203e+00
-3.285920523249619407e+01
-3.628711939189895475e+01
-5.188479916477814413e+01
-3.452022220049325085e+01
4.055913157552249260e+01
-2.882952337284666200e+01
-5.033401116021500599e+01
-1.050089082947385144e+01
-7.098001829211378677e+00
-1.052794673334412323e+02
-2.682394036076667376e+01
-2.212787364616171537e+00
-4.170733752264030159e+01
-4.001131684008058897e+01
9.438697333127672096e+01
-6.128729768430998348e+01
5.694784799681473686e+01
-3.683430220172466818e+01
3.770686010414909362e+01
7.538096389905435046e+01
3.629291093289945991e+01
-7.075451462096856403e+01
7.377329035464083518e+01
2.633907458548357639e+01
5.994041320892073088e+01
-9.109178841348013123e+01
2.119181038298660891e-01
5.073311701258673168e+01
-4.140602664512253028e+01
9.535418938190762361e+00
-1.869883070148167405e+02
-2.175800384392506359e+01
-1.251734664277522029e+02
-3.651133421871924156e+01
-1.340920637679469607e+01
1.807211277549382658e+02
-1.470381799675965695e+01
3.770835617667779083e+00
1.524878183282872612e+02
-1.302467354214799116e+02
-1.994721879956953501e+02
-7.074981788274700811e+00
6.309680670306396877e+01
-4.214904355153834814e+01
-8.236853489895993619e+01
-4.373813700870445587e+01
-1.217530237142204896e+02
4.467341080289955357e+01
-1.812051323623829546e+02
1.695072367325292078e+02
7.440275493237743376e+01
1.278547165242626846e+02
-1.413834244624506766e+02
-8.413669697674059478e+00
1.112027148563304735e+02
-8.451874241716315339e+01
-3.056068374450682867e+01
-3.947219941574971358e+01
4.436719494557267751e+01
1.009121516821129347e+02
-7.380344623134392634e+01
5.127779824594289693e+01
-9.113754128538504418e+00
-8.507721036398019976e+01
7.852974397987327393e+01
-6.806692484690445610e+01
-6.531603830682480627e+00
1.303717546744283595e+01
1.415049042020718844e+02
9.649419026757583140e+01
-4.255475500087920970e+00
2.092992958686712157e+01
1.140399097538372217e+02
-6.760470982078274460e+01
-5.503607869172085998e+01
5.393939921937948689e+00
-1.089931607167587657e+02
-3.625914318141845172e+01
1.343625658862433347e+01
-4.027066303604689068e+01
-2.492950571366736767e+01
6.614754678724166581e+01
-2.661616973940523323e+00
1.372830059879596298e+01
-6.428515483024979460e+01
-1.668600229156660362e+02
4.512077630355356916e+01
4.530019907827198011e+01
6.568813144219531353e+01
2.764238600395031753e+01
1.536166833071343376e+02
-7.231677599571962389e+01
3.324773749641488507e+01
-6.447532032224750687e+00
-6.436926577880788614e+01
-4.499001156013441971e+00
7.483524024919854867e+01
1.097139563119510655e+02
-3.522158630208388530e+01
1.424955039856309043e+02
-1.548646494482418632e+02
3.324192246862777722e+01
-2.300222803862802579e+01
-4.795204004104395779e+01
-6.344698294182119724e+01
1.299144066261934256e+02
-6.291867766689937014e+01
-1.724034796254889201e+01
6.950329046299650315e+01
7.863825369330686499e+01
-4.734921475522914847e+01
7.572352799213950902e+01
1.049385359235104289e+02
1.346703938888625487e+02
-5.334566988162461776e+00
-5.165536802156187690e+01
6.592741802675256224e+01
-1.032080148545194902e+02
-3.738945527337737929e+01
8.065535809851026272e+01
-4.883710142535548471e+01
-1.036112594093685573e+02
1.129694458011407079e+02
-5.957858748014815831e+01
-7.679771931277467445e+01
2.432677497121970305e+02
-1.101092104652877310e+02
-6.991947193713117770e+01
2.145929646138790758e+01
-1.179893735012151410e+02
4.929156811095074175e+01
-2.558040146665470260e+01
-1.693019366315663206e+02
5.338918489640900589e+01
-7.542213724691965382e+00
-3.778603738824052272e+01
6.025747485409949888e+01
-7.543014747008579945e+01
-5.242271123024309532e+01
-5.746352480489959902e+01
-2.192807125820587260e+02
-7.144582000216261974e+01
-1.567969046405624169e+02
5.441308522319894792e+01
-4.139584273048608054e+01
-6.673914066064564565e+01
-1.117364215869593096e+02
-5.046740858229694737e+01
-4.822627343674663791e+01
-4.480989021882805901e+00
3.302673438981321397e+01
1.095805742283682349e+02
1.026966608852262652e+02
-5.437275707757021337e+01
-2.320976911294125671e+02
3.940788212856624284e+01
5.773123082077524515e+01
2.822248837202532101e+01
1.365941483694992655e+02
6.841178067921840977e+01
4.376655694422280618e+01
3.823811103177843052e+01
1.340810342888738482e+01
1.296814546133923614e+02
-3.801837682168090282e+01
2.974268882752501231e+00
-1.607827425034856503e+02
1.002326380399388199e+02
-1.932585059046790548e+02
-4.345903402940793470e+00
2.435224518598334100e+02
1.101275825158431019e+02
3.203020761970759622e+01
2.246723056417266307e+01
7.891678721260031182e+01
4.210232256041086885e+01
1.394092406521131409e+02
6.271294266915323590e+01
-5.730419585047472708e+01
7.448122147570180118e+01
1.338911001732097645e+02
6.592560073508481366e+01
2.621325375433000815e+01
1.179212773698171759e+02
8.089876607169712486e+01
7.417560573226795384e+01
-1.362093575375124885e+02
-4.033681734883466419e+01
1.370428126211128905e+01
-3.534789295515310670e+01
1.483073584854072280e+01
-2.510159284293855819e+01
-2.882467382813204892e+01
-8.027983063669903174e+01
4.172484774297407029e+01
-2.284392325326634818e+02
7.640757204093507937e+01
4.363312602789394390e+01
3.942197385147832733e+01
3.401637930395644549e+00
1.051575502178543928e+02
-8.100265187025648572e+01
1.496552368717375430e+02
9.595843660063995628e+01
2.208500048428260598e+01
1.253881973671601315e+02
3.028056399439235324e+00
-1.048965082751271041e+02
-1.606001845556883723e+02
2.083734572772399218e+01
4.326955022786966509e+01
1.679602222307970010e+02
-4.520837440149621500e+01
-1.316464904835386278e+02
4.908752063743752103e+01
-1.310577886563340222e+01
-3.080502874522498935e+00
8.982605139378134140e+01
-5.034823389146583139e+01
1.005638606386024492e+02
6.414450389222766091e+01
8.441467892860072197e+01
1.626596853592918137e+02
-1.500853264987572970e+02
-1.779378843779177544e+01
-4.477272698796387829e+01
-2.743575288769848797e+00
3.420484380093661514e+01
-4.653186436818457672e+00
-3.203261224613376612e+01
4.095811657881309031e+01
1.126122341437445442e+02
2.890605324297779788e+01
-7.598437903976329721e+01
-1.891829510470131481e+01
-1.908553078882313230e+02
1.009169475014307977e+02
-1.184364619905330613e+02
7.084217510671878415e+01
1.449713495337493008e+01
1.660747646276243472e+02
8.804735868952897704e+01
-1.725692685593896556e+02
-1.542182360617495007e+01
1.573587557097211800e+02
-7.497113592307852059e+01
-4.015716143370926261e+01
-9.534685249901394855e+01
8.431924198502545664e+01
-1.237696108406037041e+02
-3.970016972429890245e+01
-2.395313931820529874e+01
-1.913566774186645034e+02
-1.004310052805142419e+02
2.031043308651117041e+00
-2.656917714159911981e+01
-2.207478105321657225e+01
7.915700167122085418e+01
-1.409298175640024908e+02
-3.646928780493483657e+01
-5.944025680088576280e+01
-5.380412209273625734e+00
-3.833592125131441009e+01
-1.420514816596246703e+02
1.939503114729497213e+00
6.292772478242682155e+01
-8.936173295615733991e+01
2.115141648014404439e+02
1.708260679524446957e+01
-2.120228299495962574e+02
-1.524242589196555109e+01
-1.587771270683814180e+02
-1.650703324205441902e+01
-1.148119075909405495e+02
1.477582330095896737e+02
-1.442071457741064364e+02
-8.774756036924561897e+01
-8.839421602910948650e+01
-7.904622220537210353e+01
-1.296426924873022379e+01
-1.090426015154455683e+02
-5.548242221981921318e+01
-7.073286941593588040e+01
4.105960731144833176e+01
-1.237775720157869941e+01
-2.525070563343230745e+01
-8.234989764281813507e+00
-3.925740784086250823e+00
1.821356009593936776e+01
-1.302591531649517549e+02
1.090727052465606306e+02
-7.302058006415381897e+01
-3.917210372179717126e+01
-1.820252179023902102e+02
6.795509113935202095e+01
1.266519201400975305e+02
-1.281344444258740500e+00
-2.007469935488008517e+01
-1.246632054056525760e+02
8.250486006382119797e+01
3.183344816333922367e+01
-3.934025076082071593e+01
-1.995764008340020013e+01
1.473925952998727098e+02
-5.685081384626819556e+01
5.239359625069185000e+01
-1.079724293242682336e+02
1.127267393124233195e+02
8.477931063325654293e+01
-4.242058813507971848e+01
9.637104193871923030e+01
4.961706383823754152e+01
-1.821895131822057223e+01
-1.862759686612512766e+01
1.172413547363832151e+02
-1.766622191310035817e+01
2.513260904257573713e+01
6.007040903181809277e+00
-1.201012439254468660e+02
1.185837597634934895e+02
-5.374979042875355617e+01
8.760325739894601327e+01
1.495087350645883078e+02
-1.203713562097404548e+02
-1.217465924671308386e+01
-1.219294542265585619e+02
-4.465919086796118620e+01
-8.710125201107800308e+01
2.709174920735952696e+01
-7.945521955992036567e+01
6.220231029985297511e+01
1.415201507915955119e+02
2.086584106964886587e+02
-1.188007177469766305e+02
8.179820453072711928e+01
-8.441692897568975695e+01
7.033383096780137578e+01
8.884128337471951298e+00
6.142859325477730437e+01
1.322336036900371710e+02
3.089233515278300501e+01
-5.459162306607657911e+01
1.689865701493569361e+02
1.307130748336939234e+02
7.559550297649079198e+01
2.475865729428394246e+01
-2.247744179102264983e+00
-1.563961719381528042e+02
1.301902884103498259e+01
8.235170373641291519e+01
8.519006891616209032e+01
1.208695961830463688e+02
9.767077383944211988e+01
-3.344055068986629919e+01
9.225736368263261511e+01
1.923156367544217460e+01
-3.123752259955224275e+01
9.149899279560440135e+00
7.579938584295130966e+01
-2.135833066793542230e+02
-3.205018440553913450e+01
-5.647481197278674259e+00
-5.151631161055978225e+01
-1.150798649405745948e+02
-5.462031661811563055e+01
-5.624991995283766810e-01
1.029617942288601995e+02
1.149862018969432285e+02
-7.372690192739534965e+00
-1.141661558186425829e+01
-4.620188953518581343e+01
2.450495011326157879e+01
-1.757139962398678890e+01
1.397450141706262912e+02
-1.796567417813327836e+02
-3.920964802785023551e+01
1.158554161462221259e+02
5.770018118186746037e+00
4.803681475479415752e+01
1.072614471776035003e+02
-7.557623938178583956e+01
-3.543419366503982815e+00
-1.700573754708796628e+02
-1.790136979230682002e+01
-8.462356207722818624e+01
-9.663617361870552314e-02
-8.193840379943026164e+01
-6.737256670067658604e+01
-2.917891256300650937e+01
-3.759494537770228817e+01
9.035445907070227634e+01
-7.121797907016718909e+01
1.321471054897442059e+02
-3.790447429088580122e+01
2.596351853249213093e+01
1.774504526146374062e+01
-9.746939872886814626e+00
6.449494234941744253e+01
9.454615272108564739e+01
6.769359945518137067e+01
-4.844580439645548608e+01
3.355744583252396041e+01
7.147165134071843795e+01
9.248341130476060101e+00
1.081957705876313014e+02
5.884846391544174082e+01
7.596861034852526018e+01
1.097366081797945583e+02
4.346123833287868621e+01
-8.011433089576549094e+01
-8.142272778580236547e+01
-1.543975913848529729e+02
-3.269050017217082882e+01
6.033029231790337121e+01
1.473319384513298935e+01
1.676141548653482971e+02
1.291360835087106409e+02
1.500620596643750275e+02
-9.832986779241497288e+01
9.719600846292883034e+01
4.085183819171572139e+01
-4.303492992225901048e+01
-1.452701585070537931e+02
5.202534807344882495e+01
-6.107735807743765122e+01
4.894554108028565764e+01
2.354303937671586411e+01
9.604210759280540799e+01
2.240358565965883599e+02
-2.751867689825553853e+01
-6.524854981357960604e+00
1.190569350031698690e+02
7.046187412814725803e+01
-3.572369601912387083e+01
-1.186905979398547117e+01
-7.778976466391004863e+01
7.887756968388980283e+01
-1.243759653556845848e+02
1.925722899038380831e+01
-4.120687165832303123e+01
-1.767737030789701436e+01
2.223289518168635226e+01
-1.552484526073350537e+02
9.169707834118826284e+00
2.669846347603292713e+01
-4.819366945294601834e+01
3.280982847837778138e+01
2.656837786816770119e+01
-4.050387349624457300e+01
-6.970749810873255115e+01
-1.007095218254396798e+02
-1.322144855757239839e+02
-1.817096551717335640e+00
6.289703893663720891e+01
-1.702345520274541570e+02
-1.451701245521963024e+01
-1.309450932650646564e+02
1.294704351883074196e+02
-4.482494037452869406e+01
9.928882226117384846e+01
-9.827596442222459316e-01
-1.714494112494252533e+02
-2.020847473705374497e+01
9.191532661085155098e+01
1.304162170481746443e+02
1.431604506742969818e+02
-1.285249528981073013e+02
7.290707281731877742e+01
-5.340698841512610784e+01
-1.002592074333593786e+02
-2.805692453736305381e-02
-9.318640185701326573e+01
1.079922390976890867e+01
7.517948130415196317e+01
-4.068436651413750837e+01
5.341446463434194669e+01
-1.033134859614264798e+02
-1.101685605386555693e+02
-5.620354999386420047e+01
1.243841753393685821e+02
-5.032136176217743184e+01
5.925989452099673827e+01
8.022980624103649916e+01
-4.371170547401669637e+01
-6.890314422024191288e+01
-5.822953721635787616e+01
1.250952356417821818e+02
2.324239433739327865e+01
-1.008223532417600978e+02
5.202855341807936185e+00
-7.956445893106821643e+01
1.765785511916319095e+01
-1.854409996025223961e+01
9.073098331524718674e+01
3.822944951855171780e+01
1.010343791276713716e+02
-7.207590672103793850e+01
-7.735496192905395674e+01
3.719432858548084653e+01
-5.995454732557438149e+01
1.140845146427397765e+02
-1.751679729095953917e+02
1.260038360800769652e+02
-2.550522300473346888e+02
-7.763392589929777898e+01
-5.979693780529338198e+01
-1.223733421130084622e+02
5.171318168282487449e+01
2.307986619669015482e+01
9.382956055976362109e+01
2.548132547160120609e+01
-6.461865650156055096e+01
6.213674904443544023e+01
-1.965701179360517301e+02
7.298742340304212917e+01
-2.429714204467376959e+01
1.787968462719742320e+02
-6.461399218485618690e+01
3.925514117346714471e+01
1.513081344282884118e+02
-6.150285955240211422e+01
2.596462879910586352e+01
3.149614783811209406e+00
-2.688257324448501606e+01
-1.090142370672581791e+02
-8.720395445030106885e+01
1.900196714953387200e+01
-1.267635204977849099e+02
1.650470899752988601e+02
-1.038180654640124629e+02
-8.538924864555872318e+01
-5.488482601399208960e+01
-1.862300546845062286e+02
-1.217639573268635900e+01
4.696333142539958061e+01
4.147328484983486874e+01
5.354763394433725665e+01
-5.220498669482913101e+01
-1.107861988908454407e+02
1.869710895759897795e+01
-1.370613129461854385e+01
-3.879530946033811745e+01
2.498017260516144944e+01
-1.738158629636690478e+02
-9.440582124764032912e+00
6.265381053501447184e+01
-2.877329835484015774e+00
2.882191281414663564e+01
1.067614683751619395e+02
-1.644815410845623376e+02
1.088042062831271863e+02
-6.347877504010253347e+01
3.482789404074021178e+01
-2.201901873430360368e+01
-2.954292012599114869e+01
-5.168426240569311858e+01
4.071383960847189343e+01
6.412341326520781593e+01
7.734452791552085671e+01
-8.342843976173004705e+01
-9.807990073595806280e+01
8.465843578909181133e+01
-3.208454133812049491e+01
-8.369131514648729819e+01
1.094504102141312387e+02
-6.384598212710972120e+01
1.081497631570268254e+02
-1.781177230465746675e+01
8.261468483394730811e+01
3.056089549269813688e+01
-1.807927551790700136e+02
-3.451409659243169870e+01
2.086317689635497459e+02
-1.491371122920042467e+02
2.396870527288155728e+01
8.415412559159131334e+00
1.754967133311854610e+01
-4.029468894597946615e+01
5.900149280259005025e+01
-3.035571471013854961e+01
6.272887268538541150e+01
1.494941300248059974e+02
9.758582100556803596e+01
9.944391854046025969e+01
-1.031798824026458732e+02
-4.316849598198535887e+01
-1.610002443063563327e+00
-4.340189132917973325e+01
1.423021886519941290e+02
3.201690683599977660e+00
1.799898319524368446e+02
2.565852010880897751e+02
5.885495398013644319e+01
4.114004150466113430e+01
2.208988767279343080e+01
-1.993235238828683862e+02
-1.782818433613126885e+01
-1.075362800963656724e+02
-3.734516749096747645e+01
-4.551979243418332288e+01
-1.352307872708180980e+01
8.041128588498999363e+01
1.233981350399140666e+02
-9.258767736448881180e+01
1.810849077978510309e+02
3.106354030874504133e+02
2.473823223334183297e+01
7.591208849707982154e+01
-1.850902968537625952e+02
-1.369411588782868989e+02
-2.934761449617000650e+01
-1.975696928629519178e+01
-4.167161563491001175e+01
-9.722876162248233811e+01
3.402179942194265294e+01
-3.010802144863649943e+01
-1.447393879500344553e+02
-5.491998932744239426e+01
4.195837986175430956e+01
7.016868062589107069e+01
-5.990342565968096977e+01
3.176071915398036083e+01
-2.030260463027758888e+01
3.646166498807110656e+01
-4.563817698371568099e+01
3.659560025116881121e+01
1.751869581744629301e+01
1.440292733119660884e+00
-1.190949318097458161e+02
5.339469933407233526e+01
-8.819387230015290413e+01
5.833092889722779972e+01
-1.758888532619229039e+01
-1.633914507440201191e+01
-3.356521277434477213e+01
-1.819608857551962444e+01
-5.530776838040972621e+01
-1.444490939806317042e+00
1.639105784488156203e+01
6.155173109659203590e+01
-1.555985161217034545e+02
-5.588276779128931082e+01
-1.507639501383138452e+02
2.393776778423200113e+01
1.098020097754237128e+02
5.385635996888474608e+01
4.359980324063401014e+01
-7.971249313512727497e+01
-3.193084383320172037e+01
8.487109631402070420e+01
1.152896436584679805e+02
7.495103249942414170e-01
1.036400033598170580e+02
-4.320081080168282739e+00
-1.688210594037140595e+02
-6.548386867754443585e+01
1.029753902989228997e+01
4.365948131690020517e+01
-1.402481672359865570e+02
9.721621994016548740e+01
3.514396371136638209e+01
-5.240364713380346728e+01
-1.593030565338028026e+01
2.067358022826750741e+01
-1.297998867046884719e+01
4.756089331245998153e+01
-4.178228154587745280e+01
-1.268173212756684904e+02
9.222109965918274099e+01
-1.899629329328998040e+01
-1.602589742842980058e+02
2.570918747122962955e+01
3.997596951959916822e+01
1.385228350074152459e+01
3.205993623818623917e+01
-6.945302018090630192e+00
1.035383325275663324e+01
6.790592590044948906e+01
-8.609344524733369042e+01
-2.190399074941092650e+01
-7.633135095745488741e+01
-5.763587620979820514e+01
-3.288422817655822428e+01
1.866859633255637618e+02
-1.204176599744569813e+02
-1.135663273871369370e+02
2.675860765789724383e+01
1.857733144051823331e+02
4.214495439464043613e+01
1.089973126932147238e+02
-1.297653724461617344e+02
1.078656500611117934e+02
-2.776595852278119381e+01
-6.271194500289831808e+01
-6.445940696710678708e+00
7.946081738054903099e+01
-1.842494814873987963e+01
9.348489726238049968e+01
-1.067835277333586959e+02
-8.339566867100742797e+01
-3.552783392667905815e+01
1.705298013676877815e+02
-7.662476914082557755e+01
1.306867416822231007e+02
-1.119496721058332156e+02
-5.206022885082409601e+01
1.238744501490834580e+02
-7.507816836088477430e+01
5.575032093879259776e+01
3.406237255737151415e+00
-8.892778465986211245e+00
-5.498891087729167282e+01
7.759078174161160746e+01
-9.563508033207310177e+01
-1.496164407762528299e+02
-2.206117759543965917e+02
7.640651438743485357e+01
-9.592728178806645190e+01
9.368577534411336671e+01
1.385562203056782380e+02
2.299548005652633975e+01
3.688526257621824556e+01
1.249105785425452950e+02
5.760776882319169090e+01
-3.619422438700378830e+00
2.876099541314721009e+01
-2.916719344174953932e+01
-5.755003943065711525e+01
1.041465186602486703e+01
2.124813466115027083e+01
-2.099583214544930243e+01
4.063394828359069777e+01
-8.809681721831483969e+01
-1.661204597639518354e+01
4.297396669557065962e+01
-6.789183683522151114e+01
-1.599766262899888716e+02
1.454677783815234875e+02
2.632601467875903154e+02
1.052080422109820290e+02
-3.294295011839279397e+01
-1.771912148214708225e+02
-2.156445071810166425e+01
1.795650854420333928e+02
-5.026054579763368224e+01
6.502189867121371947e+01
3.992085716376420379e+01
-1.120760357113540522e+02
1.127336912903353827e+01
4.384966134489419431e+01
4.506531688383385870e+01
-8.519893993838788049e+01
-1.152191050001197254e+02
-1.654032308911621385e+01
1.703836248348233937e+02
-6.508864582555990808e+01
-1.272422545355555883e+02
-3.985567151074679071e+00
4.807729027548037948e+01
3.876215423486911060e+00
1.797509103427211414e+02
-1.483990703137882008e+02
3.645773873570662715e+01
5.975395632022310721e+00
5.939760921863928189e+01
8.712350702507643518e+01
1.616696025941138828e+02
-5.761702099610756989e+01
-5.173677190023980188e+01
-1.233026011265901367e+01
-9.353162253114628299e+01
-5.907606096897805514e+01
-2.229019916497263054e+01
-5.081538932731834990e+00
1.787399475177085861e+01
-1.002896908181263456e+02
1.096997336450694149e+02
1.126783144000532744e+01
3.155802698577279841e+01
-1.226852759653355207e+02
-1.506464762048745172e+02
-6.195972405203842470e+01
-1.647440425476310963e+02
1.157382907693531990e+02
1.396675866012044480e+02
-6.702427259404927895e+01
-5.740318148168694989e+01
4.542160155461358784e+01
-3.703982228103134844e+01
1.060998075299093557e+02
1.737146441330129676e+02
6.625180809847880425e+01
1.116503672304090031e+02
1.158772728562141339e+02
6.377507432566869738e+01
-8.712153558515963070e+00
2.739778564051352561e+01
2.982284193863258182e+01
-1.756450026901920580e+01
-1.169545398726705372e+02
-8.497293050193778186e+01
-6.729522587305744707e+01
-5.590703815522617504e+01
1.247065087414100049e+02
7.359919978633844551e+01
1.214995507262090335e+01
-6.182386371817845827e+01
-1.713866976547493550e+02
4.158662119759952702e+01
2.607784186440920848e+02
-2.202365916178087559e+02
2.476142241937864696e+01
1.001043406584493596e+02
9.185690341935327297e+01
4.797934484501493557e+01
-1.377286102479996543e+02
6.085274950672821603e+01
6.304336998486955501e+00
-6.841879324903165127e+01
-4.075425962619294751e+01
-3.899956285788609200e+00
5.345297069606241536e+01
-1.312050318883107707e+02
-1.424073369120350208e+00
-1.216172495253487966e+02
-1.261535747409779020e+02
9.771808114814645307e+01
-1.299667098836564776e+02
-4.628922188177761399e+01
-9.250004573549469455e+01
-2.605068818177041123e+01
1.972672604715018263e+00
5.581670861878548351e+01
4.604141095257519112e+01
1.948379651662055068e+01
1.781218137127256185e+01
-5.578351179434124418e+01
3.000748640518255073e+01
-4.390414768237192078e+01
-1.345668421262460868e+02
-1.059803329641675163e+02
-3.833446199464433590e+01
4.463464666824143023e+01
-2.207654650946265917e+02
3.250928920380462728e+01
1.508738681530353176e+02
1.008754164189819420e+02
-8.782212333033663754e+01
-8.425536351473736474e+00
6.176657397951952078e+01
