-1.808811712342995577e+02
-1.935963214489115103e+02
9.858693215651692654e+00
-9.807647147245707231e+01
-3.338047199774408824e+01
1.228875257732794353e+02
1.137322835405625199e+02
7.364180955679189822e+01
1.120300366782505392e+02
-1.167481160341788780e+02
-1.053769590637505971e+01
1.331396110671457791e+02
1.634909737528269602e+01
7.857459580334524674e+01
-1.166615241540196877e+02
1.107938626093537593e+01
1.481007867092996833e+02
4.190137038673498893e+01
-5.924378289661222396e+01
-7.062117820348422015e+01
-1.673815616897739034e+01
-1.025843571358957291e+02
-3.175684157350556802e+01
-5.158301366782017539e+01
2.329370129554587976e+01
2.030832408337594330e+01
3.954027279424204977e+01
-3.373503827709857461e+01
-5.318500234947988048e+01
3.894369992272430636e+01
8.618755166495553510e+01
7.584776182384115373e+01
-1.218801344518714131e+02
-2.531828855269398204e+01
-7.395889543271351840e+01
-7.416166280505487407e+01
7.284710865219140885e+01
-2.818783921248417101e+01
-2.560181816288142187e+01
4.500558617790775706e+00
-6.839380282697304381e+01
5.826718214739328161e+00
-1.838837653118603157e+02
-2.447123708717753132e+01
-1.015742929733024198e+02
-1.012269797372802884e+02
-1.401352735328528354e+02
1.393270191995743232e+02
9.154425288774217506e+01
-4.293222365885782210e+00
-1.521184791587596692e+02
-2.349928029998143586e+02
-7.564366968290647719e+01
2.237648322361699638e+00
-5.729017726659767362e+01
1.063191027496631449e+02
-6.272429704225302061e+01
-5.891896274049516791e+01
-2.419130790713213131e+01
6.783087892256740759e+01
-1.792619114163398208e+01
7.163522930434261582e+01
-1.068996474980335734e+02
-2.823051568369935893e+01
-3.349023952006101013e+01
1.326832880482905921e+02
1.081090639805934615e+02
-1.014135846694362186e+02
-4.878963569784882282e+01
-8.795103422936378479e+01
1.733340766471547738e+02
-2.589541089429511800e+01
-9.763485596121344656e+01
7.604924069072073678e+01
7.500166820049726368e+01
1.184398447095029461e+01
-1.571716949388572857e+02
-1.346004972304795899e+02
3.154389796625519793e+01
5.405791213139944773e+01
6.822133835125417534e+01
-6.662863993635343718e+01
7.649958394940328787e+01
-5.629640201264396637e+01
1.652259970960402669e+01
1.316251725056282496e+01
-1.979741552649151259e+01
4.513923049885161021e+01
2.365760151105655780e+02
7.033657290176782428e-01
-4.572870477038647863e+01
-2.130428029155834579e+01
9.781964860887279656e+01
1.628113250162599286e+02
-3.439740212447200207e+01
3.067076095248017253e+01
6.374853610616359134e+01
-1.505690580144817226e+01
-4.250466390001602690e+01
-8.934456403481522102e+01
-4.264128551611079843e+00
5.646661788465828380e+01
-6.164624005879304036e+01
3.145923250114249825e+01
2.350578616136263008e+02
1.727172896091490202e+02
8.083301958104733842e+01
-3.197442235106963793e+00
-2.067339493878999690e+01
3.169480243461416435e+00
-1.007307596399879799e+02
-2.021020426355965682e+01
1.492280141168930641e+02
7.758258761421492977e+01
-1.418899948037538365e+02
5.454996856979492748e+01
-6.555941675094170762e+01
8.051152651743494459e+01
5.208435307422492855e+01
-9.938939675299272380e+01
-3.334893464305365995e+01
-5.182120941697766270e+00
3.636884699784307884e+01
3.053414989341328578e+01
-6.878004897021146036e+00
-1.334110348860905226e+01
7.838117429209975739e+01
-2.057893798754777492e+02
-3.152026013661129866e+01
-1.616956009379281625e+02
2.824589768480442942e+01
-2.240689005873185380e+01
9.740785346485763796e+01
8.217769164362164247e+01
1.828916096768899706e+02
1.123342566773918492e+02
-8.653878463932437626e+01
-3.458193902525187724e+01
1.186249677995795793e+01
-1.296387185808029301e+02
-1.181001662732937945e+02
1.499288380075009002e+02
3.327630259606764440e+01
2.743306073438998283e+01
-1.804280605464899452e+02
-8.161167745553660424e+00
-5.763366167565766318e+01
-3.771848822708086146e+01
1.808955900477364409e+01
9.207270797020093767e+01
1.313877483217934241e+02
4.463511988544566833e+01
9.644251013607548373e+01
-5.305750848821893584e+01
-3.582584209823653509e+01
-2.470350096405658746e+02
-5.934075654910280662e+00
-9.574904430146804657e+01
-5.883582174926078068e+01
1.663182105771110031e+01
8.620246179006539933e+01
8.266325707721219374e+01
-9.950528026325555686e+01
-1.008330772503011445e+02
7.530862997540125114e+00
-1.329548986029874698e+02
-9.129262639136582891e+01
-7.476656719274835439e+01
1.824907362252836833e+02
-3.500769431842640245e+01
2.863661212716985460e+01
-2.361288732989391690e+02
-1.357610216235119083e+02
8.234074434425539835e+01
-1.260485292413771106e+02
-7.938252780295887590e+01
-2.879387362365792313e+01
-4.544184271658260599e+01
-1.783958373307318368e+02
-5.236051326022482755e+01
-1.083422823357974494e+02
1.711313484266727158e+01
7.375227374286571091e+01
7.188329701057372745e+01
-9.099293554938931550e+01
-7.737997807008761697e+01
-7.575078248697309391e+01
9.008520130864584985e+01
-1.555316877316439275e+02
-4.997554589429483229e+01
-1.422893050915073232e+01
8.918105853635178448e+01
7.674099545550899393e+01
2.397205146279985399e+01
-2.310093081443948648e+01
3.898982821255329867e+01
6.081743698971119017e+01
5.544858603166331612e+00
1.000996633053095941e+01
1.067944175049920403e+02
8.549110578495758617e+00
1.380684464152582080e+01
2.264916456026094949e+01
-6.478217668761880077e+01
-3.921616617500172453e+01
-4.806150769151362567e+01
-1.512595136500913497e+02
-1.029533120675782385e+02
5.670230816606775903e+01
5.913776773176984136e+01
2.544597265145639824e+02
-6.605104979314680236e+01
-1.584829523528866275e+02
4.698418107428707913e+01
-3.967421322865112643e+01
1.159547077225028318e+02
-6.136467108008576421e-01
1.200043052891326454e+02
8.327153442333843714e+01
1.060945390483763902e+02
-1.425446822156805204e+01
-5.128769148032957759e+01
-2.604919675843071047e+01
1.518474571177779353e+02
7.000547175642404341e+01
9.854231617665987208e-02
7.909777955532950955e+01
-1.084267196551239181e+02
-8.984202780159685631e+01
1.134894532609719420e+02
-1.266045568340208405e+02
-3.875323731772016345e+01
-3.763420055520400354e+01
-7.550285887209575719e+01
8.077725008793829886e+01
3.431665247807090680e+01
1.436388093824257908e+02
6.362511010505915721e+00
9.169466562878534432e+01
1.331104888531145320e+02
-5.847614413224815166e+01
3.741142634004476974e+01
-6.432856530609373635e+01
-1.098170272252948791e+02
-1.459572769815906952e+02
1.633120613066376237e+01
-1.234753164964017600e+02
3.024769094670775704e+00
-5.766461927590265901e+01
2.560686430397222657e-01
-4.959722059067367184e+01
-1.211063871007375354e+02
-3.081030885317665380e+01
2.910442746547012760e+01
3.669845673245333728e+01
1.090073235183513845e+02
7.037837684739202793e+00
4.951878880756053292e+01
-1.600035455400324338e+02
1.022306730814990416e+01
-1.168419061317632099e+02
9.697306019941186150e+01
7.672266693630588463e+01
5.457129311429088858e+01
-2.689057671572263075e+01
3.469851742704960440e+00
-5.183612387954325840e+01
6.841636489536173826e+01
7.461102923271549514e+01
-2.268589831302196842e+02
-8.176483174533596809e+01
-2.904670029525433961e+01
-2.041022247653180557e+02
2.850880639832100272e+01
-2.527369214668340902e+01
-2.919136628247982657e+01
6.829986590248358524e+00
5.459786521852694818e+01
-6.033734504781799046e+01
6.244674262521320429e+01
7.989436138192880321e+01
-5.505805421946475064e+01
-9.837987966108784121e+01
4.219617422384885685e+01
-1.176469173887150887e+01
-9.280694023838704254e+01
4.762967828831934014e+01
2.072120594259308746e+01
3.316366431896723270e+02
2.230372790525685289e+01
9.921008193539815068e+01
5.641965387151176969e+01
1.671690822520987041e+01
-1.018875505473598935e+02
6.324711861923616141e+01
-1.022157510028078775e+02
-7.786180569551729036e+01
4.247267120264140061e+01
1.701695945116628650e+02
1.310967168290832490e+02
9.971005705677004016e+01
5.918374810091097515e+01
1.074018243120395653e+02
-1.937564036430554211e+02
-1.113678641487739895e+02
-5.680216231189134390e+01
3.521526763992354869e+00
7.250905369874132589e+01
-9.968137125927438547e+01
-1.232872025728942020e+02
6.001746453669603021e+00
2.725247866118929707e+01
5.754265019278044235e+01
-1.307326839683946105e+02
2.961380033151556290e+01
-7.079505310534223383e+01
-7.321422813583854605e+00
-7.543824297846002480e+01
6.706829776106852137e+01
-6.871297807758705289e+01
7.784761095140555653e+01
2.168679680111161190e+01
6.332647947599065930e+01
-9.003874307967529944e+01
2.774912605832058787e+00
-2.363725888863839089e+02
3.879476583515591415e+01
7.590886393222041306e+01
1.743400291358934169e+02
1.738344342674217273e+02
-5.462874741945620372e+01
-1.253833156505737207e+02
-2.047726729728608586e+00
-2.873069901109241542e+01
4.222112295111480051e+01
-1.002234177629895129e+01
1.342493460569718877e+02
9.286714393549158331e+01
-1.983780948580733536e+02
-1.767682021699995332e+01
6.773760259551691476e+00
-8.187903020103222218e+01
-1.206625237421033603e+02
1.419797026689680877e+02
9.590138053425475562e+01
-8.543116469918776090e+01
4.184546559244388675e+01
-7.485085934766843252e+01
3.396130942488264992e+01
3.515856873770298563e+01
4.935520077894365087e+00
-1.046346163463790049e+02
3.259094032300041732e+01
8.425530066092485981e+01
-4.484097618497360571e+01
-5.821894383450988641e+01
-7.925420325752195083e+01
-9.138556488942569445e+01
-8.120511697426486819e+01
-8.794648824220020344e+01
6.045295882188946024e+01
1.515936945985610009e+02
4.940562098607865948e+01
-4.662811392902973751e+01
-1.416529516986677208e+02
-3.704752451560876736e+00
-5.424489349954639827e+00
-1.031179117696603242e+02
-1.816622506239827146e+02
1.272836288108112512e+02
-8.533732548504889337e+01
-8.141519711343437393e+01
2.758709309454185288e+01
-2.989833534243923552e+01
-5.640041423604431969e+01
1.340494061406315893e+02
4.258446445618892540e+01
-1.074463610176994877e+01
4.778272056101266685e+01
-1.231520580786991417e+02
-6.625927428740010328e+01
4.960870179019467230e+01
-1.696684065877655598e+02
2.622835707764117430e+01
-6.987783856169443197e+01
1.256539389933710567e+02
1.431509504952845475e+02
-3.890968640960296199e+01
-1.226709612509608149e+02
1.081982883508895839e+02
1.339027622077848179e+01
5.412818429542556942e+01
-7.143613075627239084e+01
1.000953504448429641e+02
-6.474345511832785860e+01
-3.514144805609592481e+01
2.103370328156277367e+02
1.629083297515633433e+02
8.983750487738792145e+00
3.548024964993572183e+01
-4.798264578497341404e+01
4.532556653853183093e+01
-4.961171434501559219e+01
-1.721444873283732875e+02
-2.852253820650704874e+00
9.374341392628295466e+01
4.033945736051432363e+00
4.138453903469597606e+01
-1.149732368157108624e+02
2.695663618291242969e+01
-4.657712222702667049e+01
-1.172183431813511163e+02
7.723096647104620160e+01
-3.684576273000370605e+01
-2.785023011365802859e+01
-2.468761050891840014e+01
-6.407614227563909637e+00
-2.163434811779141000e+02
-1.140526350514444953e+00
5.683936983495434703e+01
5.076599369021204211e+01
1.743746526652799673e+02
2.872103837351543021e+01
5.453204933844227753e+01
-1.935853001515138061e+00
5.874798588724406301e+00
5.707647024620754195e+01
-8.050236758761782596e+01
-7.010968313114764783e+01
1.890847968774480705e+02
-4.511578543410727349e+01
-1.513188986376260345e+02
1.078236232059091719e+02
4.536906187403854318e+01
2.284910580181226081e+01
1.264291762800037446e+02
1.002156794016159580e+02
-2.782052066469093532e+01
-6.424133019900941122e+01
-2.046088535612602755e+02
1.924494851997731644e+02
5.317501096406829220e+01
-1.532852353628105035e+01
-4.447567843819330591e+01
-1.463252819259779258e+01
-1.592680666528195843e+02
7.636241456336090039e+01
-1.729609857898266512e+01
-1.518866070503661625e+01
-8.723531082207638576e+01
-1.059177286736659198e+02
4.570052602647606221e+01
-1.106110385930959126e+02
1.469387959441876603e+02
-5.473179663755270496e+01
-7.406461397248413903e+01
9.376120964895046939e+01
1.313374577293866174e+01
9.780930760171565908e+01
1.391591335415923822e+02
6.066834818334298518e+01
1.323932413283657183e+02
-9.276964819714048360e+01
3.355589953086514043e+01
-6.093753508190714285e+01
-8.914107080200243161e+01
6.066497813470085987e+00
-4.750034529682937290e+01
-5.039307223259962143e+01
1.803359145722472192e+02
-1.661653962472950923e+02
-1.289757933946836772e+02
1.841374361272525917e+01
9.145548961180839598e+00
-1.169872803009547724e+01
7.262361545756593273e+01
1.300324957195973070e+02
-1.335084792184143225e+02
-2.485145874832253021e+00
4.947669879149938765e+01
7.619483331175622709e+01
-2.599346591190924816e+00
-3.392009598045541452e+01
1.860906945953112057e+01
1.083278739800063022e+02
-9.452914942721220015e+00
1.198026403891584550e+02
5.720703665647106817e+01
-1.073313683829971588e+01
3.956679086253781463e+01
4.708928785071464063e+01
9.106005018668655282e+01
2.083101301898144797e+00
1.265847673218452840e+01
1.679508503169829794e+02
-7.459082081302004497e+01
-7.798592647237656195e+01
1.135636106997575894e+02
-5.248554492797421034e+01
-5.760263173630670508e+01
-1.313176298596517881e+02
-1.511963927441712041e+00
6.576589114245265932e+01
5.049465456943713804e+01
4.156968836175412463e+01
-4.156416019208876378e+01
4.740220076557471884e+01
6.838881449627645281e+01
-3.700644610346568442e+01
-1.479198199106962193e+02
8.509589185916854603e+01
3.870061735023709559e+01
2.044587137383968525e+02
7.456171516674201882e+01
5.185626867664945649e+01
9.758829146393564713e+01
5.599389212623444934e+01
-1.072773134199841820e+02
9.049802941185554062e+01
7.085669780332067091e+01
-7.363164943150677288e+01
8.619854801117521959e+01
1.081737921235728521e+02
-3.148934618310542888e+01
5.975150678485241507e+00
2.484472111997806465e+01
1.199231866293579287e+02
5.973234145781133719e+01
-2.350569272704478863e+02
-3.780187228374016684e+01
-1.493160960767525047e+01
-1.099785012918664791e+02
1.742272045186897174e+02
-9.897889986576569044e-02
-1.920460256483747798e+02
-1.392521126192321503e+02
5.732475179476295324e+01
4.594149520649258278e+01
6.348518798457629941e+01
-1.511543425054768477e+02
-2.085766607146053104e+02
-2.528613799801245676e+01
1.201343517816877267e+02
-2.584363061753728985e+00
-1.190676459864131544e+02
1.860992136411025655e+01
-4.574581345148702738e+00
-1.589222087566724184e+01
1.149644287887568623e+02
-2.498115403484688457e+01
1.521637593597407090e+02
-1.505869298718613436e+01
6.449286749345017888e-01
1.910920762079529212e+01
3.006819599984419256e+01
-1.820001568270240710e+01
-8.529487883984131713e+00
6.803486179822375846e+01
1.121681314637545057e+02
-7.592198286509666616e+01
8.556757462372330281e+01
8.470079263377265022e+01
1.001608446180965828e+01
7.567693451701650531e+01
7.756109785126813705e+00
8.397064640446959061e+01
9.350395109201829769e+01
-4.312016117320047215e+01
-1.308884012722317607e+02
-6.472955578272346600e+01
-2.634285387979629078e+01
-7.050301801195240614e+01
1.692269566809700336e+02
2.554091523685644205e+01
-4.343709741362290089e+01
9.209538434785712013e+01
-1.433955032661921258e+01
3.574233060723835109e+01
4.960600387593568428e+01
-1.879226456970497452e+02
5.918275486092161941e+01
-1.678192743890056704e+01
1.684431738657791300e+01
3.365420147391481098e+00
1.572031011289368507e+02
3.845026868666428754e+01
-1.655804072549448591e+01
-8.885102306389751448e+01
2.079615695751814286e+01
6.110305816355928954e+01
2.898066445271235381e+01
-4.629350369652058816e+01
-6.338588224566752416e+01
2.719273737130679365e+02
-5.354534921640980549e+00
-2.841732981137331304e+00
3.580543343754388275e+01
-4.597765076380411386e+01
-1.228465820520049192e+02
2.210101473574754323e+02
1.143426007702273068e+02
6.203508994647552299e+01
6.996031562534243164e+01
-1.497223633097538098e+01
2.808804956448005186e+01
4.489024527262685638e+01
1.175328854902915623e+02
-3.559805311764020530e+01
-4.249980898752728775e-01
-9.554024723981869727e+01
1.949686990711424812e+02
-7.827610305771321464e+01
6.480467138948341699e+01
7.622953558254868867e+00
-5.640190704212850736e-01
8.747868428614292213e+01
2.350261053566460312e-02
2.392202530495969981e+01
-1.092534258943846837e+01
-5.300280058187055232e+01
-1.715642008153435683e+01
-5.779678120053145740e+00
-8.495493941994750742e+01
6.324822063690616147e+01
-3.833833262189542523e+01
-1.632604725047227134e+01
-3.475111866385531556e+01
4.071137579238264692e+00
-1.740552528989595942e+02
-1.128999309760946943e+02
8.246684698423645443e+01
-6.238152920376088417e+01
2.814638709287538987e+01
3.654956664191282556e+01
-1.166397334823804499e+01
3.015914548043122423e+01
6.440591328154199857e+01
7.249380889177157883e+01
9.810818833152946183e+01
-1.035846018997307283e+02
2.650294972550548422e+01
-3.088241894929574016e+01
-7.130228354399631208e+00
2.889571987470364789e+01
-5.584872815466857787e+01
6.027181045110143742e+01
1.071924328473349988e+02
-1.672012202592911123e+01
2.610313460720018597e+01
-2.613641507518257185e+02
-1.470528088507395523e+02
-5.825287989906072283e+01
6.686766787684902624e+01
-4.887804102531392658e+01
-8.333483111992418912e+01
1.480203726455996787e+02
3.421450189180134061e+01
-2.779598853019058424e+01
-9.658072545102105266e+01
2.308927305237520500e+01
-1.920769227508707999e+01
-1.084764063275826658e+02
-1.362890939097253522e+02
-1.118650335184533873e+02
7.668461069760623161e+01
-5.853288975691379292e+00
-5.438292453136806159e+01
9.965051903969956015e+01
3.243453747360300010e+00
5.211483873063175309e+01
1.753951384669061042e+02
-1.369506427299381528e+02
-1.191771961978119379e+02
-1.630865981873879278e+01
-1.827615185731295355e+02
4.406744259840258593e+01
7.292287029723166825e+01
2.044044800458369480e+02
-3.464860160275963352e+01
-5.890862380384172070e+01
-7.344896082594537745e+01
-6.665810775170311331e+01
1.569303431137308564e+02
5.187581669941049967e+01
-7.222485579253633547e-01
3.901550769450082612e+01
2.437117901885659066e+01
4.516699374114092080e+01
-3.083310960240720888e+01
-2.221062115467590914e+01
1.522577532899449082e+01
-2.135886274016296227e+01
1.092618507437798741e+02
-1.020941214636280563e+02
-6.813192398832625507e+00
-7.374579766996319563e+01
-5.458810612979316090e+01
-1.607505433158366515e+01
1.095712390186804264e+01
3.551441028720226001e+01
-5.743540539111458543e+01
1.042628188586173543e+01
2.330682055326003166e+01
3.210876791938074604e+01
8.867574576030955313e+01
1.667597303452601309e+01
-1.402528057714760337e+02
1.029823565100452072e+02
7.195109121510539296e+01
4.178506829133463896e+01
2.058183088689846230e+01
-4.152012114990132119e+01
-9.390619765660140672e+01
-1.670080464160260476e+02
-2.506163467360917423e+02
-9.346301308065508806e+01
-4.424075301198524812e+01
-2.293665147171384255e+00
-6.458753136437904629e+01
2.754780787183552349e+00
-7.868316122424735681e+01
-2.045456365281272895e+02
5.302732286819296981e+00
-2.368605690062122449e+01
-8.098442087081997443e+01
1.292198143795039016e+02
-7.333807955536106249e+01
-8.135422774232020515e+01
-1.972532656855192386e+02
8.623849060088234353e+01
-1.138788102896513834e+02
-3.404437842561895167e+01
9.576547341350669740e+01
2.769995394144077849e+01
-1.244711924836257211e+01
-5.964171298418502687e+01
2.536857780514060323e+01
3.487205624157589767e+01
8.062467225648931901e+01
8.597066222556374271e+01
5.585204004086340035e+01
2.448074452667025724e+01
7.428653467442700276e+01
-3.377946289948162217e+01
2.842717982129811460e+01
-1.595624326920959568e+01
-1.755354579308792609e+02
2.557300459316447672e+00
3.205672610029773040e+01
-1.574422336574656356e+01
-1.087512604535008478e+02
1.547350818899074056e+02
-2.715431684236094867e+01
-7.976627841069790747e+01
9.056561331230891199e+01
2.401289997941928434e+01
3.702304199344496993e+01
5.045368253568435080e+01
-5.793438214077121984e+01
-1.692133053388860731e+01
1.420455205109064138e+02
-6.192274329393045207e+01
7.109663192219477423e+01
9.346684776476710965e+01
1.085451035352253513e+02
7.235590899918274310e+00
-8.107254472125154621e+01
-1.377028650160562222e+02
-8.029064232959798630e+01
-1.247822913605461537e+02
-1.329628443354285139e+02
5.167678489747419945e+00
-1.785442836497814767e+02
1.040496388157314556e+02
2.194970525645595387e+02
-2.373857423304955816e+01
4.548175651363769845e+01
-1.117298945414108431e+02
-1.366477109634598435e+02
-2.348009668018769247e+01
-3.030190847072069005e+01
-8.014212722402443490e+01
3.318676285572924911e+01
-1.361917168966875806e+02
-2.848893941688105969e+01
4.523118736725444933e+01
-3.482982372708494978e+01
-5.033466063161871062e+01
1.209276917182561277e+02
-1.075470153471287915e+02
-1.054111744601863734e+02
7.600518495368291383e+01
5.573038291757227114e+01
9.024352851620484728e+01
6.278970864600161406e+01
3.072241996062056835e+00
2.386185306157402319e+00
5.559961232391088259e+01
1.115292572563784717e+02
1.205044932345787032e+02
-1.162538691949122516e+01
4.997104895191048257e+01
-2.826843763056845305e+01
-2.384384827804030138e+01
-1.073443343452750298e+02
-1.424978903967012513e+02
-1.476499157714375770e+02
4.749772212328538501e+01
1.543011490515860658e+02
-1.002257634124715509e+02
-7.556275053735791403e+01
9.510023945425545833e+01
-1.401080582104264920e+02
-3.905220222428461341e+01
1.775008705446212431e+01
1.346633121923532030e+02
1.753427788148617594e+02
-1.730146009524526391e+02
-1.775204735851851581e+02
-6.296145659448973930e+01
-7.289203672060190797e+01
6.375003593909901412e+01
-1.682266237396300568e+01
9.755623049050441864e+01
8.056797333875179845e+01
-2.640837236747275085e+01
-2.970384677304362597e+01
-1.824423846384994476e+02
-1.504890407397387087e+01
-1.977973491520815230e+01
2.079784822489055500e+02
6.936592196089628182e-01
-2.021696046453521376e+02
-1.932905211183164695e+01
6.771547671358052867e+01
-1.281138510608731735e+02
-1.527189706026297813e+02
3.554833447502118560e+01
4.723195615010506287e+01
5.771572062462888653e+01
-5.650543383452949797e+01
1.264905564156018301e+02
9.745397043579623642e+01
-1.495940379218088090e+01
-1.045785993945800669e+02
-4.295772834390670170e+01
6.799073162867020415e+01
-7.559579779733097915e+00
-5.556106985196623071e+01
1.008240005987804579e+02
1.538033711468621334e+01
5.088557886310237421e+01
-9.658809449962139126e+01
4.979808696075763663e+01
1.532801892446123588e+02
4.767621011561378452e+01
1.698783063307718066e+02
4.624720682794384530e+00
-1.360188903427270191e+01
-2.122084104136756650e+02
-9.024152270429087253e+01
1.678218257721986362e+01
5.559120001373925035e+00
1.154797704709710260e+01
4.013094380873760514e+01
-4.754693948458951525e+01
-1.284678596011318064e+02
2.501394699768439267e+01
6.228073220573751456e+00
-7.848023843463131755e+00
8.328896605358442784e+00
-1.737006234216804401e+01
-1.674161565957797393e+02
4.436995994556876610e+01
-4.010626987351337647e+01
3.327099698286548346e+01
-1.408314712354784035e+02
1.142119187358495083e+02
-1.888003645901607399e+02
-5.136284577309557164e+01
5.989990439521363896e+01
-2.768669298386693711e+01
-2.672162418884107549e+00
-3.474003733356170187e+01
-5.456396862394650071e+01
9.514959300633566386e+01
-5.491483649439704351e+01
1.660986484526015161e+01
1.120033136179004885e+02
5.296960626376345260e+01
-1.336491879034732335e+02
1.343079107793317064e+02
1.939361635040758713e+01
-1.224063133897191902e+00
-3.810578260111527982e+01
-5.741678332494684867e+01
1.070413199538434128e+02
-1.191719195395646693e+02
2.449276570372642823e+02
-6.200342081021664598e+01
2.072824885810202602e+02
1.239828708304062417e+02
-8.086415178003626636e+01
-1.052058084767988611e+01
-1.214998843118839744e+02
5.527695080275077544e+01
6.336130855353928837e+01
1.419394943734615708e+02
-1.025606811067000876e+02
1.389785877103220457e+02
-1.503120716319015671e+01
-3.026197804538843794e+00
-8.966985385787381801e+01
-1.186923306357620902e+02
-1.163209629271620749e+01
1.128689079537006563e+02
1.517777707963095679e+01
-1.955073363721924693e+02
1.843169272760967203e+02
3.459729032579897279e+01
-4.394557724773838459e+01
4.639221180028943081e+01
-4.400844733557325839e+01
-2.787592664731966252e+01
-1.461499947393567922e+01
1.239505989787476921e+02
9.421134677824305470e+01
-5.000018284072924146e+00
-6.682914514253334914e+01
1.766518881209189260e+02
5.086060141785226563e+01
-1.270693138840164771e+01
-1.547928123304547796e+02
-2.698290974055250047e+01
2.776637465144168715e+01
2.572788596746157808e+01
7.421882329690636482e+01
-4.376779062431752187e+00
-1.707135026663626931e+01
5.932859285576705588e+01
5.777607187951218037e+01
4.368580334710745205e+01
-9.445832135914807282e+01
-1.980865878468565100e+01
7.509708357997515460e-01
1.008188019206350106e+02
1.739218248689972768e+02
-3.948436836075798340e+01
-1.677787722092622573e+02
-1.491363830465470528e+02
-1.294394387248058251e+02
4.537995795661419862e+01
1.287252954246719696e+02
-1.141788153724699697e+02
4.940693134007163678e+01
7.847323326782888842e+01
-6.077273046967849091e+00
6.340803183329680337e+01
4.255276520762713943e+01
3.353017294568623186e+00
-4.123736114794284902e+01
-5.656609906901018547e+01
-7.726715367133580514e+01
1.398405877938717765e+02
1.888700149189691331e+02
-6.987835811829904742e+01
6.276936113564978825e+00
-1.429410828958991431e+01
-9.699010968103724650e+00
-1.217591695478039497e+02
-2.596802008869731822e+02
-4.940809214362223400e+01
-1.124466015897955486e+02
1.275639368412241623e+02
-3.027616819135656101e+01
-2.214050808257960412e+01
-2.626893153734246056e+01
9.429057648897618549e+01
-1.186178576965077553e+02
-3.053501402360697270e+01
-6.019947658285297365e+01
4.152719163065530239e+01
3.070727350144720091e+01
-1.606442538480506599e+01
5.369281998294145097e+01
-1.181566105040572090e+01
-1.364722669013422340e+01
4.535173437674113295e+00
-1.883858277383274782e+01
-3.711059436364223529e+01
-7.562319720155009861e+00
-1.442266226951847443e+02
-4.266761257383851103e+01
-1.200821784038865729e+02
-1.240098224434513980e+02
7.455991111852790709e+01
-8.045111634657828859e+01
-2.972118591428261070e+00
-7.083385330059687135e+01
2.530402900318865989e+01
