-4.110769220383795641e+01
1.417029984335313664e+01
3.926032507392372972e-01
1.960815981257986209e+02
-1.200424010234356409e+01
-4.790400483659278308e+01
1.392051286515932702e+02
2.888909252014504503e+01
9.841046337256081245e+01
1.143369601375102036e+02
-1.852587537811730911e+01
5.585407140360754141e+01
8.323220917040507061e+01
-1.025063804898786515e+02
4.833774827715328293e+00
1.250367877686115321e+02
1.752587326089301030e+02
1.423511209403807811e+02
8.326344962851621290e+01
2.591907324952650882e+01
1.706121171853310159e+01
1.745914181265492715e+01
4.529217107733333592e+01
1.867039282900997250e+02
2.893541917651963402e+01
-1.379035967691767794e+01
-4.347145258195347850e+01
4.680970738515904372e+01
-4.399054335659084813e+01
-1.272333528027720320e+02
3.481516514073110802e+00
-2.189627941304183167e+01
4.058835335850575632e+01
2.446817069049514259e+01
-3.594394219054746742e+01
1.877609100567643736e+02
-1.609767783171705560e+02
7.959294350892935199e+01
-2.163077983439960761e+01
-2.609836456931964577e+01
3.710085212142845990e+01
-8.591676147321273049e+01
4.405625509811425644e+01
-4.040628035653389816e+01
-1.419520693994371641e+02
-1.850416352546803296e+02
-3.378707500135993413e+00
2.334416022107853550e+01
7.582673568108323536e+01
4.152367586493198104e+01
4.817188842015011829e+01
2.021067220029194544e+01
2.567884778205351992e+01
2.209213490045592465e+01
1.633121218175092437e+01
2.822619298642752739e+01
1.580304724536085281e+01
-6.586304269307926518e+01
-1.950524181239686072e+01
9.035057841397278366e+01
3.673201592738745802e+01
-1.239325337998668601e+02
-7.007533897206809570e+01
9.182189635343782186e+00
6.076386591877321308e+01
-3.790916578512953805e+01
1.935879954666468805e+01
-2.625301487153549118e+01
5.649317574178425616e+01
3.057729686249875911e+01
3.928530012294059759e+01
4.658730104850302212e+01
-1.101897867577055052e+02
-9.249238474237117202e+01
-1.751146614676663091e+02
-1.768940306260132189e+01
4.948438092370308539e+01
-1.335895856350402937e+02
8.875972710505814689e+01
7.859211995906362347e+01
-8.390504712328433357e+01
-1.294024348002519673e+02
7.302838328304648030e+01
2.006994950864664418e+02
-1.267611621765920518e+02
-4.011643460259924865e+01
-7.194197779250913527e+01
-9.814878398239757828e+00
4.384491463082923701e+01
-1.223683229805867612e+01
-7.738832119137136090e+01
-1.128358423053767012e+02
-7.869966370246002896e+01
5.135761639049584915e+01
-1.414402146205820543e+02
-8.704097560833122316e+01
9.786171724643006087e+01
8.533836239499579790e+01
1.012228516182777298e+02
-1.234467925216250528e+01
-1.196327574326052599e+02
-2.009258810411147067e+02
-1.021186657650548142e+02
-1.136092287044381521e+02
1.368324701175067162e+02
-5.979870817485322476e+01
3.900774111010343859e+01
1.302344325348727239e+02
-1.081808754451250394e+02
1.765105884301139483e+01
-1.264847550176611080e+01
-6.045411497673082124e+01
5.522157830032600856e+01
-8.368214803886003494e+01
1.229865685525722370e+02
-4.824336816398692918e+01
-9.442573772092607953e+01
-8.487179151884147643e+01
1.098069124025511343e+02
4.648427821947945660e+01
-4.822165601037860938e+01
-1.334956849320776939e+02
-5.713268342688751744e+01
-1.091167275108716836e+02
-1.135403376234491049e+02
-1.775203318878324055e+01
1.431517128176951914e+01
5.214240248989447934e+01
-1.520030270181804326e+02
-3.706268317694478043e+01
7.900550459534328240e+01
8.764778844054058027e+01
-9.579110878555559339e+01
-5.867326619405003640e+01
1.190027581308422384e+02
2.724760559874129129e+01
5.995357254743167630e+01
-4.181179704563148647e+01
1.222576254372536084e+02
7.428869152354280914e+01
-1.163356197074010652e+02
-1.605542902732386494e+02
-6.612068434058198818e+01
-3.138669097057756474e+01
1.905388000506796686e+02
1.114309228942941274e+02
-1.229366745996256185e+02
1.740439638310071757e+02
5.238027222984406706e+01
-2.255393058722266275e+01
-4.156800450353993881e+01
5.295535151749236036e+01
5.237807703054235020e+01
4.436900982263313153e+01
-1.677008571907633794e+01
4.755585378046774991e+01
2.011506330383555508e+01
3.360564544767727568e+01
1.396908910769118428e+01
-5.381013153444649788e+01
-5.845074409490224809e+01
-4.447425912678576054e+01
-2.501385889107310589e+01
8.190463176865212347e+01
2.602247989377379511e+01
-5.705722925680731805e+01
5.294096822250520518e+01
-7.159883490774826953e+01
2.304189519281608156e+01
-1.250441586365797377e+02
2.416782450177507258e+01
8.667369711222836770e+01
6.664295061084577299e+01
-2.687462674943398255e+01
1.025242494983520487e+02
-2.049665941087126839e+02
6.959545449155491781e+01
-8.075959383831323635e+01
4.099251289620380589e+01
-1.828389036448060097e+02
-5.755303722882607076e+01
-4.400620833652744324e+01
-2.743860924236478738e+01
-4.908833319193821154e+01
6.194693320706274875e+01
1.407222500726977614e+02
1.072803207325798525e+02
8.604688189544623356e+01
-2.255923907224329525e+02
-2.022217456992636642e+01
8.960500140170498895e+00
-1.112875309433420483e+02
2.846283554727451914e+01
-8.985859804611695978e+00
-1.228455520044383604e+02
-3.697219430328313194e+01
4.118734173729696124e+01
-1.326369797674314555e+02
5.979923674064448136e+01
-1.382830000708511022e+02
-1.295954836310637575e+02
8.003451475880298460e+01
8.700120488630692250e+01
-5.551584898476689744e+01
9.481726340143944753e+01
-3.756549427248408080e+01
-4.639999891623271822e+01
-8.068573304282220704e+01
-4.932354082705349896e+01
-5.202045964725319749e+01
1.823741765827044503e+01
-1.254626271123465919e+01
1.420639328926528435e+02
-1.506513092225319497e+02
3.626155397233198130e+01
-7.339025702834132581e+00
3.320350685997728135e+01
-9.099189813557802609e+01
8.839197492595657479e+01
1.172773053352267851e+02
7.283439156558542038e+01
-2.513793113971904347e+01
1.345670330446423293e+02
-7.373965340462464724e+01
1.522889136463602426e+02
5.585177362606702722e+00
3.007209362409304632e+01
-5.751747998053486910e+00
-5.734683899343934144e+01
-8.698922508711088142e+01
8.457567201850564231e+01
3.321095106872471803e+01
1.468475866563519219e+02
5.122316093605129339e+01
-5.810900749042590263e+01
1.293198922542462128e+02
-1.938292320449744111e+01
-7.332990382105215588e+01
-3.055440563945474253e+01
9.126816176451245610e+01
1.251848288662335449e+02
-4.237644842626250075e+00
6.540180424332511677e+01
-1.244741177584110829e+02
2.271317115997992175e+02
5.656480606758182716e+01
9.442606619239370502e+01
-1.096835819493743429e+02
3.502142836862146424e+01
3.611021611201210391e+01
4.971887355627839611e+01
-6.126334254274774338e+01
-9.178828324070165934e+01
1.218917604858289963e+02
1.064483299303731059e+02
2.760582777085789274e+01
-3.478215163644605212e+01
-3.248444727287348854e+01
-2.104571573425405973e+01
2.527072261956112342e+00
-2.450538149265447885e+01
-8.575069216192142108e+01
1.046217881721555756e+02
1.284498055416666205e+02
1.894356276498213631e+01
-7.280503369262281410e+01
-1.196080245847187769e+02
8.206077030346641266e+01
6.829237017564153689e+01
1.756847796757244851e+01
3.589582711718438901e+01
-8.296489368554643917e+00
-5.078734737936196098e+01
3.762064245373243665e+01
-4.985661745459375283e+01
1.353456924684376972e+01
7.864261136455598944e+01
2.791516092845417916e+02
-9.661594738580872388e+01
2.317872717417147754e+01
1.989617260163446488e+01
1.360327618585795335e+02
1.041810015825818425e+02
3.249171182748765574e+01
-3.854435259344889175e+00
-1.206140282581319383e+02
-1.363081462816909095e+02
-2.844552289165626036e+01
-1.321807071032664851e+02
5.689910569524836603e+01
7.225743152375261502e+01
-1.060874780844031733e+02
-1.430033965042621844e+02
-7.918743170166661116e+01
-2.224905882664393886e+01
3.069595058570405754e+01
-4.865365765528916597e+01
-4.896921473005785685e+01
-8.616723070541333129e+01
-1.465019626319802626e+02
-1.170379568426494821e+00
-1.091433059401976919e+02
-7.886212304701532894e+00
-1.087408431806052356e+01
1.321983546294880796e+02
-1.424199491782407279e+02
-3.968194191009092719e+01
7.875206156541946712e+01
2.204117294741909916e+02
3.537129247171967705e+01
7.676040261283040422e+01
2.580686082640614742e+01
-1.572696940956432741e+02
9.861690139801299892e+01
-1.911883645501940521e+01
8.752525435463768133e+01
-6.335380526332967577e+01
-7.084572420002375281e+01
-7.428618454318365139e+01
4.738763028940904576e+01
1.814821537518386663e+01
-3.689506670988639314e+01
5.705523548842656112e+00
-4.380044153992222533e+01
-5.983630249673811363e+01
-9.567162917328364813e+01
8.691259538494786341e+01
-1.258802939566005676e+02
1.619099159714671998e+02
-2.460372206340597501e+01
-1.154642375430023122e+02
-8.109236775897950622e+01
-3.302425553259855207e+01
-2.200198138382114621e+02
1.718571831755535584e+02
-6.349217316131407784e+01
3.547432643419150367e+01
1.069215564207798934e+02
9.060544746130064198e+01
5.995913280242361054e+01
1.323566044880761616e+01
3.871486701528569085e+01
9.585681327043586464e+01
4.866694080458889715e+01
-1.707699418430579641e+01
-1.106032387098386494e+01
1.078460659165869515e+02
-1.158656001470372274e+02
1.827680979610932965e+01
-2.815172429964126977e+01
8.418765449463681705e+01
-5.024836311285863388e+01
-3.635894460317737042e+01
-5.884086614906454571e+01
3.008318654526882518e+00
2.760133927208393345e+00
1.553105079451363224e+02
1.252542772488416603e+02
6.889123594497533531e+01
-1.397359926737025262e+02
1.773639060951648361e+01
-4.294922401905785136e+01
-6.248087098005332507e+01
-6.012919194054338590e+01
1.955534782908259928e+01
-3.568430188062735375e+00
2.456266017982097196e+02
6.055188550808303205e+01
-1.118466028801592813e+02
5.480761961745958644e+01
-1.730982752932040967e+02
-1.390324064848864509e+02
-1.358497799157711086e+02
-1.752631733726302343e+02
6.998657537623913072e+00
1.095069007183593897e+02
-8.182695053532079044e+01
-3.314765106914136794e+01
4.209649676836879451e+01
1.346247545835089099e+01
-6.994238758901120434e+01
-3.674318249770090006e+01
1.770533109129509626e+02
-2.382641305018328524e+02
9.768464079539285194e+01
-1.061548126871124964e+02
-2.786727717485501898e+01
-1.382376674147777074e+01
-1.560897906460381819e+02
-1.395082825354083980e+02
-7.153492134880737296e+01
-3.302981505455185385e+01
-6.976007024526017730e+00
7.615837340216383922e+00
5.798639630850785665e+01
6.700579050780700641e+01
4.237008668975826708e+01
3.546639934643008729e+01
2.846456975933181610e+01
-4.829490572385402913e+01
-9.150543816879055825e+00
-2.366405348282867038e+01
6.074950058580862589e+01
3.764991201273425503e+01
6.167075636548383244e+01
-1.181929982809625379e+01
-1.044629375740356636e+02
1.404994910989126389e+01
-1.156889906434388564e+02
-1.402332525543412203e+02
1.110485168496613397e+02
1.088143927219297495e+02
6.218294084577837566e+01
8.659668733763275839e+01
7.803567632023710132e+01
-3.906909894878445044e+01
-7.788962195267517075e+01
2.098716316960983974e+01
1.577148057889905033e+02
-2.533078859412337014e+00
-3.246203127497392416e+01
5.448605606751043950e+01
3.473098080955416278e-01
7.266301232994948123e+01
3.388800054776598181e+00
9.465973367139990557e+01
-1.173034115609571870e+01
5.178451492719793237e+01
6.819405758246459470e+01
8.032095008303907946e+01
-2.741686346067398006e+01
9.317416236636205440e+01
-6.774842805650007449e+01
5.115344549603518587e+00
-5.384665599848723616e+00
-8.600029075572565773e+01
3.854119677214082884e+01
9.504377192040914579e+00
5.036826917970198547e-01
3.917053389834426014e+01
-1.478846262005878316e+02
-3.887796805301561420e+01
4.070001531302190045e+01
1.391218359911380844e+02
-1.235762098749750493e+01
-9.808949951234339437e+01
1.161317814370429176e+02
4.358376311569372064e+01
1.015136902548062636e+02
-1.885517287509298683e+02
2.391713722886268378e-01
-5.409482512030878709e+00
3.200073785980587893e+00
9.001302134247390541e+01
1.365825436554232510e+02
-1.440317717664495945e+02
5.415947600549195329e+00
1.512263073971242306e+02
1.622395714439763381e+01
-4.953785174017033910e+01
-3.311029672939783097e+01
-1.313704101234150983e+02
1.119450827867000413e+02
3.613935686827017157e+00
2.473645795412384416e+02
-1.282458067047347754e+02
3.129362675560155083e+01
-2.398076120275142031e+01
-2.203276804865556926e+02
1.420053786057479215e+02
-9.790130106690047285e+01
-9.408491382526047175e+01
-5.820921296888455387e+00
2.118790758295025256e+01
8.845125400996288079e+01
3.202066899017602708e+01
-3.584504567697536004e+01
1.035780827354094100e+02
1.222604817639852399e+02
-1.825121679206835950e+02
-2.474904967152358637e+00
6.093463621841501521e+01
-2.148639182175154190e+02
7.539575595498916982e+01
1.138543940004386457e+01
-7.630719343541457533e+01
-8.892989620587300692e+01
1.174482961578267748e+02
-1.917139701985012223e+01
-4.967761032257286047e+01
7.954177578697850493e+01
1.658739268750349822e+02
-7.509543872736497860e+01
8.023275311945266708e+01
3.990144448918638620e+00
-2.179935867038723174e+01
-3.913675761639415640e+01
-2.798484103205827012e+01
4.895825774278308273e+01
7.750824244782818084e+01
-1.262317345838153138e+01
-4.814825843206456568e+01
-1.813959879483991244e+02
8.975647349799081098e+01
-2.613530900379103983e+01
9.024779416707401580e+00
1.912831838362834347e+01
5.711570632566381533e+01
1.014356447836792370e+02
1.311142090463110605e+02
-4.176544499067174954e+00
-8.188770304183611870e+01
-2.557209536595961197e+01
-8.299943166413611095e+01
-6.920659816491274796e+01
2.992683131700169596e+01
1.430893137868301608e+02
4.242125288916178683e+00
9.969348630260897437e+01
1.830193756098221414e+01
-1.090007670967468201e+01
-4.980263257421214718e+01
1.958293534439579986e+01
-7.764580723659733508e+01
1.048640223992991594e+02
4.120740286580332423e+01
4.476381950738017146e+00
1.085142567219310479e+02
-1.266744324164867095e+02
9.060384796193056900e+01
-5.810834662416719709e+01
-1.050804995414183729e+01
1.273685892573569305e+02
1.641155987596980594e+02
2.583192747435012748e+01
-7.318777872410072050e+00
6.010861767260957578e+01
8.737091572713936216e+01
-1.314667469028738651e+02
3.471507745257929400e+01
1.048624353546727264e+02
-1.820652870277156126e+02
-6.043798398191065502e+01
9.257018744472655669e+01
-8.430751826809797933e+01
-1.611330425745800028e+02
5.711200524575322390e+01
-4.625227877165060875e+01
-7.551241941938212676e+01
-1.380127883040065839e+01
1.554980081269298466e+02
8.905376262482480598e+00
9.925539687563612290e+01
-3.889931726746549856e+01
2.060867065127490250e+01
5.835825081379616819e+01
5.365548753515422220e+01
-7.081718218127072362e+01
-3.772089751141604097e+01
-3.120174282307921487e+01
-4.614204248293726351e+01
1.196512006772046703e+02
-4.226161805038255181e+01
-2.924621508774033884e+01
7.629592225998353072e+00
-3.840757195902513388e+01
-8.781610550080146993e+01
9.557348538599558196e+01
1.009898970202864774e+02
4.148595022198147575e+01
9.641038782160681819e+01
-1.820308757193290994e+00
7.675067587570008243e+01
-1.221765959645230026e+01
-4.329094252561247913e+01
9.440827364385697251e+00
-1.467658457541766914e+01
1.271065386456145632e+02
-7.069627864027297903e+01
9.224022838679366032e+01
-2.016540665108068708e+02
6.052591574538873687e+01
1.419414214059441690e+02
8.462364800270044896e+01
7.901414605978835937e+01
-6.567264375775546625e+01
-5.050646322814237976e+00
-5.437509977761438051e+01
-5.794196662032644696e+01
-2.026970719360094364e+01
-2.739539665884647945e+01
1.000357765063619269e+02
-1.433400077661481475e+02
1.582010347158607111e+01
3.290958729329488364e+01
-4.310207574421774979e+01
-1.139814891729365165e+01
2.930409064100499172e+00
6.940128378929901487e+01
6.471347926148395402e+01
-3.337568963932614707e+01
7.441241452932237621e+01
-1.445506054977593067e+02
2.559682725934730740e+01
3.194570850355224678e+01
1.540722686283205292e+02
-8.337314606063099376e+00
1.807384905985638284e+02
3.070137269509048750e+00
-7.383591511741947500e+01
-7.660699719853448642e+01
7.286909154531274169e+01
3.561637093723461156e+00
9.165666034329453282e+01
6.404420338341026309e+01
-2.667708351913891107e+01
1.949165263916770741e+01
5.310466068627255964e+01
-3.637467042685697294e+01
9.338360213889777128e+01
7.238162068965564799e+01
9.756793966041398036e+00
-8.118188970434351859e+01
-4.088197852611587990e+01
4.982066004801517778e+01
-1.451775067263308188e+02
2.876494156499189714e+01
2.461358171246171622e+00
-6.740958305259876227e+01
3.248193120761883534e+01
5.349461888809869947e+01
-1.630290543100675222e+02
-5.897840566369941229e+01
2.514653991545847944e+01
1.020198697393106926e+02
9.795031251908069336e+00
-1.656091231386400864e+01
1.164366117399955840e+02
-7.696298159137197104e+01
1.285552773428546125e+01
2.736080019560723642e+01
3.758802717309458785e+01
1.664115417046756988e+02
3.241747913277480908e+00
1.591761960411449763e+02
4.297556333148449426e+01
-6.280619784216050938e+00
3.738945264371963617e+01
1.620416762437504588e+02
-4.912792900033770138e+01
9.142213162061227649e+01
1.697860633797929708e+01
7.659515937693757337e+01
-2.077712274956955341e+01
-2.566759371830776786e+02
2.439514040587796728e+01
1.758592516617562751e+02
4.305749013967944627e+00
6.073733335517451337e+01
-1.329303643813690261e+00
5.441219451377489236e+01
1.452523804382399817e+02
3.284376010151062530e+01
1.332804615082877149e+02
-1.101693068476704873e+01
-5.337291974543431650e+01
6.596851214960349807e+01
1.078768180561430796e+02
1.936972458851440990e+02
-5.552355784728020893e+01
-1.002399005174892554e+00
7.395743381917394288e+01
1.584557086075081997e+02
-4.036531216297116487e+01
1.168904411023981282e+01
-1.507617490347612588e+01
9.956465038292697045e+01
6.357221811220189700e+00
5.488434794601067779e+01
4.523064144542532006e+01
-5.221598962463480120e+01
8.254727278559118986e+01
-1.889957357569780072e+01
-3.083524683209898853e+01
-5.436406004618097754e+00
-7.915815177766467059e+01
3.149706217113107414e+02
3.332780736954024547e+01
-1.077467596297711765e+02
8.675461942403052262e+01
-1.625826881713159366e+02
4.763300989998148793e+01
-1.137204841404103348e+02
3.188070503646824250e+01
1.620439292784698466e+02
4.829534564469508950e+01
-1.792637342103027720e+02
8.769123539584599314e+01
-1.320468081952839157e+02
-4.163536787662012273e+01
4.626492987782464184e+01
9.383242120007110998e+01
-1.346405085920425222e+02
-2.530604317963707928e+01
5.889279899160381859e+01
2.944811094822746256e+01
-9.058901378398952886e+01
4.746435167716252579e+01
-6.076875930820796867e+01
-6.518889942358862299e+01
-1.080996067278942974e+02
6.460600581408971266e+01
1.081516258486990552e+02
2.329532637363886494e+01
-1.279699877498223515e+02
6.789765310234786000e+01
-6.903327265849911498e+01
-9.536051559110708808e+01
6.139008402536698128e+01
-4.927036194156904969e+01
1.275043625105713119e+02
-7.304419938483313501e+00
-6.098161981334160231e+01
-1.385080973938706279e+02
-8.945307240466073040e+01
-4.144732817043760065e+01
1.160369777607452590e+02
3.308103097892932709e+01
-4.311748981716237994e-01
1.175985481936297283e+01
-4.735631523766170403e+01
-5.258779120131830354e+01
-8.590640751709395317e+01
-6.488576645662053011e+01
5.722200144233693209e+01
4.028850854604942811e+01
6.233104316901632558e+01
1.369490313939895998e+02
-9.708808792056737502e+01
-7.805420319247265759e+00
8.791464692226192312e+01
9.484639963722052425e-02
2.286103217771547236e+01
-4.310117463763882029e+01
9.695662832513654905e+01
1.309521245840182360e+02
3.127258416575517685e+01
1.387097688058642220e+01
5.940209859164212247e+01
-1.177090434621562167e+02
-3.297212091048916136e+02
-4.749933067712391477e+01
1.948607864646261305e+02
5.700075962867693846e+01
-3.936677105173382074e+01
-1.176133087416740608e+02
-2.121393302787242519e+01
-9.300593107046974239e+01
-3.532587245867587455e+01
1.236116843078194165e+02
-1.760484118525491937e+01
8.279247003728957566e+01
-4.482222586520645535e+01
-2.064357986498099251e+01
-4.163628876487279484e+01
6.998294325334455834e+01
6.153508660421152854e+01
1.619431165836742892e+01
1.372106528353146615e+01
7.327547544177926397e+01
4.895043354262919166e+01
1.432014603698106043e+02
7.969940803145103558e+00
6.808258083109913628e+01
-1.022257373855360072e+02
-4.010788074660175084e+01
-5.178504887034036841e+01
-6.169363726777186940e+01
-4.163873590478443276e+01
-4.855258013061715872e+01
5.331039604291176914e+01
1.609053108339833216e+02
9.437836147109238993e+01
-3.141764105391973061e+01
6.831181470252188603e+01
-8.678120732904787360e+01
1.089974999369222814e+02
1.083804049320260390e+02
-1.858649165862916846e+02
-6.011405392706537043e+01
2.049348409728930562e+02
-2.909600403370019706e+01
8.453404875678337760e+01
8.052153934208857322e+01
-3.696731559523228583e+01
-8.159529310929350743e+01
-1.706636545618947878e+02
-5.488198314491205210e+00
-6.916886494648935013e+01
1.160451462479314415e+02
-3.503456289330758722e+01
6.727019370145804089e+00
-1.538018758553172916e+02
-9.216506025063839047e+01
6.335692238528064024e+01
-1.023376188954902943e+02
-2.460322736818003619e+01
-2.042978779603920714e+01
1.780843635182780460e+01
2.196039172726480260e+01
1.620398421538481415e+01
-1.198958129779053650e+02
-4.715290700612381158e+01
-1.165734397866461620e+02
-7.796712499336889834e+01
1.248311897885210726e+02
1.040250494653674735e+02
1.731747078011597125e+02
-1.342904016644641274e+01
1.276218280470943114e+02
-1.807746811260278363e+01
6.790813406668634400e+01
-5.500844060102676991e+01
-2.155654046939628543e+01
-1.398796534948092471e+02
-1.112123987345026848e+02
-6.495224579625423189e+01
1.358368963877277622e+02
-5.767229156416189539e+01
7.788699279549536669e+00
5.885019242379818394e+01
-1.024929273755341939e+02
1.213989298042286151e+02
-1.332320346637718842e+02
-5.309327975722208492e+01
1.982006023884177903e+00
2.852670359771014219e+01
6.932140785839752084e+01
1.781713721237201042e+01
-1.563665206748174228e+02
7.036704757762586837e+01
-1.623645532616117393e+01
-1.747171676339341388e+02
-1.245522855164393974e+02
9.876153482493758418e+01
-1.643454330521402085e+01
-7.478207609152407542e+01
1.085545168453918023e+02
-3.285571710607450768e+01
1.827128265145778414e+02
1.014572230346269244e+01
-6.385368178742007217e+01
-1.564272488264848562e+02
1.212899627785164256e+02
-8.427254720203212912e+01
-6.208159277496749695e+01
9.953774690293895944e+00
6.269507988280025046e+01
-1.836413337415574745e+02
-4.471671055436359410e+01
-5.184331975270525561e+01
-1.550717536411827950e+02
5.245372516147847719e+00
-1.912082347581551005e+02
1.896681395105530044e+02
-6.964268917136382520e+00
3.242871401024407874e+01
-4.882296699060513134e+01
1.212154541894084190e+02
6.086263869699493512e+01
-5.598417918622932632e+01
-9.329016408008560290e+01
1.329526507239722264e+02
1.614183519781694542e+01
-8.345821991419185792e+01
7.400991060101395647e+01
7.677129481329155070e+00
-5.248849164795250744e+01
-6.961908348211434827e+01
-1.422555816315612676e+00
1.301018171261096938e+02
5.832816790978722565e+01
-4.951174900202873630e+01
-4.957702604771758814e+01
5.850856271102264117e+01
1.865138293015242255e+00
-1.690978127840000695e+02
-5.658916726254186358e+01
-1.065318902889315780e+02
2.408122449497242030e+02
6.070790780904031791e+00
-8.152659293238698979e+01
-6.193364803080445569e+00
-2.643936281212284101e+01
-1.923646793530590671e+01
9.498258624975323983e+01
-7.825153852133027499e+01
-1.451282103987983874e+02
2.091869857549394567e+02
8.753634309008495151e+00
8.979768804877816990e+01
9.305510641891238777e+01
-6.025795715182910328e+01
-1.744344932416749145e+02
-4.385328146663928806e+01
-2.945469573846150624e+01
1.537952957050860050e+02
9.936454337360183686e+00
-1.028819283245127139e+02
3.025560094882711937e+01
1.152500591627203903e+02
4.197196257901337901e+01
-1.291814205004286293e+02
4.833314321378323797e+01
-4.719066788696446224e+01
1.604628148854282301e+02
-7.162651676257449473e+00
-7.220832019840072746e+01
1.297759889220279774e+02
3.624877783840149448e+01
1.144583404092360865e+02
-1.345057642595775746e+02
-4.819645983803158629e+01
-1.827288161673238278e+02
-1.120530758733444969e+02
7.105389884620886676e+01
-2.368477749708081603e+02
2.349988630308747162e+00
-8.305014016293452528e+01
-1.413713642219272160e+01
-8.917540862716261074e+01
-6.818647560959308862e+01
-1.785782165403437602e+02
-5.960012817487950088e+00
-4.949487095065750708e+01
7.514146781792701901e+00
-3.588995827194279542e+01
5.006516477759316786e+01
-1.659472875901066686e+02
-2.922955701929495831e+01
8.229105540145340569e+01
4.432722007830182065e+01
-8.162438306567595703e+01
3.005189235280386484e+01
-1.886473881493151694e+01
1.526473945591593520e+02
-1.185339772849475821e+02
1.301965474762099291e+02
-1.300513952155122013e+02
3.462606158179887927e+01
-1.465174332653436551e+00
9.117401453894878216e+01
-6.730551373632445689e+01
2.011337844303216826e+01
3.941874353936535158e+01
1.192852991228011916e+02
2.647562763776014805e+01
-4.702850104501524697e+01
1.050610197880547148e+01
1.046998645733137181e+02
2.915558689520803881e+00
1.541967904862773686e+01
-9.232868625284174868e+01
-1.095540341004565477e+01
-1.734744104485233418e+00
-7.765188754392868020e+01
2.960965924407026151e+01
-1.187144727092740339e+02
7.942810431764887369e+01
5.718869982025188392e+01
7.816333014527316436e+01
7.431175534102924018e+01
8.106446055930531713e+01
-1.657566898773171715e+02
4.674689274840926601e+01
-4.598872452185542414e+00
-2.776468865090832878e+02
-9.879691115875921525e+00
3.055744610230802571e+00
2.100654878435092243e+00
-3.156235875177202388e+01
2.940378574618046414e+01
-7.210458941751990380e+01
6.168169506661929979e+00
-3.469123635864021082e+01
-1.544926543503216863e+02
-9.994297309385883565e+00
-1.012388144959857961e+01
1.566977680301213240e+02
-2.053012013689028095e+02
-3.980394178616096923e+01
-8.054959466967284598e+00
4.194668037149158124e+01
8.860156017081173729e+01
3.030027610365704227e+00
8.435837879298077269e+01
-9.226775609945700296e+01
2.074484194759309119e+01
7.352294743039998082e+01
7.810547756408868736e+01
