-7.620391305579197194e+00
-3.548301603725602149e+01
-8.966695433989902142e+01
1.929055907178809548e+02
5.983604190960102898e+01
-2.084449613118295019e+02
-5.057319412950597837e+01
1.129288720980774343e+02
-3.144978391194053913e+01
1.527983317043252214e+02
1.907975598254829652e-01
7.471445479452526683e+01
-5.005901508556008395e+01
1.180985999714709038e+02
-1.409084114770923009e+02
-3.062412769766284626e+01
-8.919800947632916177e+01
1.365947431118073894e+02
-1.281418049828578489e+02
-4.121128305497872191e+01
1.813490515566662609e+01
-8.957766576339338371e+01
1.310467333920633166e+02
1.310588951381431144e+01
-1.666616641664874976e+01
-1.374776391668149813e+02
-8.846249445527504918e+01
-9.735073240664746663e+01
-7.726235681363142760e+01
-2.293058102626162409e+01
6.593037322641468734e+01
-8.920000339002348255e+01
-1.783577044959252760e+02
3.277560693295945526e+01
4.964643718512404824e+00
-5.366909623885018732e+01
-3.514610976323284319e+01
1.250984552829063468e+01
4.398614112706544432e+01
-3.061091606791235264e+01
8.410765546775046175e+01
-1.227962711869466261e+02
-8.695918890729925010e+01
-1.829101304110140092e+01
7.257544483239963995e+01
4.832243299903551303e+01
6.426595589149710008e+01
-9.133321944780696811e+01
3.419370251957015228e+01
-6.037698902932176281e+01
2.102084976322442245e+01
4.099842558728138897e+01
-2.457905532415885475e+01
-1.494309612198800323e+02
-1.367121008112371960e+01
9.557571782076806244e+00
6.395045678643828779e+01
-4.199694309414937266e+01
-8.935621448377487752e+01
-6.629469225557203060e+01
-2.770977656422511259e+01
-4.515750151541707424e+01
-2.047072455918140292e+02
1.454616858361147891e+01
1.402091462402737321e+01
-4.354364574163196444e+00
-1.049594200357107070e+02
-4.894058759050133034e+01
2.382431802860308423e+01
-3.013907540220526471e+02
8.450989879693659645e+01
9.979844113683390106e+01
-6.043575020740538761e+00
9.583751252798893461e+01
6.272093161771949532e+00
-3.755765541522243467e+01
5.891874866384910803e+01
-8.519341563559466124e+01
2.662671169414339190e+01
5.242119965593030173e+01
-2.564504372770367624e+01
-9.915685875905714042e+00
6.683564656357684441e+01
-7.552525675060991261e+01
1.050446682508742384e+02
1.354770359317860517e+01
-2.683527582820997281e+01
-1.223207588920029991e+02
-2.842994356326120098e+01
7.269516262824987507e+01
1.630254908645956959e+02
-1.098994517131847992e+01
1.709182931418057905e+01
-4.655910589838099867e+01
1.242795737285612923e+01
2.869260707389131326e+01
1.437632422996495052e+02
1.325392158075772500e+02
-8.539745207397192672e+00
5.035863439009317233e+01
-9.227139146644880441e+01
-1.371130031617069278e+02
1.522527120441826014e+02
8.346284193353054048e-01
9.742352201009477852e+00
-1.558516241324404916e+01
1.187052140031969429e+02
-1.725656578999883095e+01
-1.303075916458066104e+02
-1.569234341578909131e+01
-6.648929974827130707e+01
2.386079206635730898e+01
2.534511564620722623e+01
-6.708104244756432877e+01
-6.025592394781241978e+01
4.315411512642017300e+01
4.349455886737307253e+01
9.566929067279895094e+01
-5.376697991696469359e+01
7.559340029641109027e+01
2.184623107796109025e+02
2.344988006295682794e+02
-1.490471475156282395e+02
3.603848877532464456e+01
-1.705424747325316446e+02
1.211048415454589957e+02
1.555747904160679695e+02
-2.508139666215610077e+02
2.647207587445371146e+01
-8.435631181030441894e+01
-1.580810829602900469e+02
-1.099012992932221522e+02
5.810390858477648379e+01
-1.462203798021969021e+02
-1.814303670311236516e+00
-8.727857884982057612e+00
-1.147800184987210628e+02
5.535597133951873694e+00
-2.290056729642760658e+01
-2.747274214045500429e+01
-6.453189482595941229e+01
-2.785609718224139897e+01
4.138562329049290334e+00
7.760468762622156014e+00
1.341049265937590818e+01
6.496852944876216895e+01
8.645298416179400647e+01
-1.444169491507309999e+02
-3.558540075460053131e+00
-2.968173746090041121e+01
5.186859032529008573e+01
-5.232023590145490743e+01
-1.596300800165779492e+02
-1.506227133933326412e+00
1.189134381692289963e+02
-1.127005017431640681e+02
6.170358736030608782e+01
-7.662194174748825048e+01
-7.404007033197056842e+01
9.859744486602900793e+01
1.020133428494372794e+02
8.811448957325107756e+01
-9.241647594627580986e+01
8.085209326057858448e+01
5.016543101454604425e+01
-2.551262021961878901e+01
1.235029832604265998e+01
-6.332913205186190453e+01
7.597650171964950516e+01
-1.278810859726962690e+02
4.752126979254578742e+01
-3.496154458619439254e+01
5.118721324846072207e+01
7.075516614122301373e-02
-4.089109001503116048e+01
-3.473523524072772428e-01
9.449168464514097820e+01
-4.295462477747946650e+00
1.241143933981845215e+01
-4.946307915901672203e+01
-1.128218644086877021e+02
5.587529188083428267e+01
2.953894219302582513e+01
4.744655960149956542e+01
-1.021828998988741262e+02
1.041162642711748276e+02
8.647143537134276414e+01
-4.813687260118316402e+01
5.744289354111347023e+01
4.726166295943198747e+01
-3.888627757804010088e+01
5.371004495474419826e+01
-2.128628440189201143e+01
-1.048327738197242951e+02
-1.273043061181666147e+01
-8.946084109488900982e-01
-2.983552432732076909e+01
1.472885094782701110e+01
4.830393549598587555e+01
-8.358046642439118656e+00
6.752212739193511482e+01
-1.356107610479081416e+02
-8.081679216436896240e+01
4.418826116493746525e+01
-4.929539311381032718e+01
6.240654267353762918e+01
-1.228586920602871402e+02
-4.860288584904295561e+01
6.180839375337162878e+00
8.547775784370769259e+01
-1.240386315317335288e+02
-3.897816018315498354e+01
-1.170108957691815732e+01
-6.204919610190432167e+01
-4.125850238159465277e+01
4.450164990761370376e+01
-9.156551995642949748e+00
-7.679514823935375212e+00
-3.909874751015139083e+01
-6.066611339040763085e+01
-1.725763817891954588e+01
5.033428938917877815e+01
1.576945687199302029e+02
-6.144087481902670334e+01
-9.934466023010118363e+01
1.448415188782257701e+02
-1.509844595451226326e+02
5.166532632146930126e+01
2.046219829306361859e+01
-6.290763083536867128e+01
-1.011282089866855927e+01
3.466740369798660026e+01
-1.122623610462683814e+02
-3.143780896892170418e+01
3.533886151558947830e+01
-4.825471245888203242e+01
2.317118005410816579e+02
3.263948562280135945e+01
-1.242121731341962629e+02
-5.973392972982652083e+01
1.782711019036111111e+01
-4.331025242152476551e+01
-7.357357547954890720e+01
-3.741262823349625677e+01
1.147828712365688233e+02
4.360958448942849230e+01
-3.069723301091856911e+02
1.289862551045069381e+02
-1.747854746210557053e+01
1.386844952844739396e+02
1.220988353472174879e+02
9.152559225550110256e+00
8.279150973308414052e+01
-2.937582309128335112e+01
-1.184455098021506956e+02
1.719137866832046768e+02
-2.276284607689929373e+01
-1.155899134203351935e+02
-2.905012698898180368e+00
5.368562517550725666e+00
-3.440332646605893530e+01
1.489606168450689552e+02
1.079470663240156547e+01
-1.254499820865172524e+02
-1.301429294810479576e+02
1.060581648114472273e+02
-1.176842414696759533e+02
8.712112776741091125e+01
-1.263280707051847855e+02
3.636044368701872997e+01
3.028467036703176518e+01
-1.049039594849120220e+02
-1.246952735489841224e+01
7.825072392021876766e+00
1.588971144424735655e+02
4.887372995841481327e+01
-9.021419980810993167e+00
2.085745280390067364e+02
6.711815345763021412e+01
-4.304445724193467271e+01
2.832074440317077091e+01
-1.026872606722438377e+02
-8.683116918550074104e+01
-7.438973110323178872e+00
-3.424549654199619653e+01
9.653569537002105960e+00
-1.351643282086144211e+02
-5.799293331542375540e+01
-3.266693403250471306e+01
3.112236459859839215e+02
1.029841980815328384e+01
-1.422481240938806479e+02
4.468926850011060026e+01
1.021309073257783240e+01
-9.680254299832898823e+01
-1.409502013951304207e+02
9.790440279242054089e+01
4.430249755691241242e-01
-1.086867304875264040e+01
1.346873458555355114e+02
-1.670617775707810608e+02
-3.099300787154929893e+01
-1.244431327956287276e+02
-2.062461507335460169e+02
3.339862675762628896e+01
-9.954760578308476937e+00
-8.678836985864774078e+01
6.533938626595856647e+01
-1.205295719739156226e+02
1.033785869495269054e+02
-1.777153486245316572e+02
-6.477822754004121464e+01
-3.132869108054931928e+01
2.652853611815684687e+01
-9.519593265173452323e+01
8.410648694305471906e+01
-1.797604782046605294e+02
-3.780557100580328012e+01
2.455722216102415700e+00
-5.452594299695964963e+01
-1.423349978957132755e+01
-7.130692056026168757e+01
9.792084460464626261e+01
-1.492545772657147722e+02
-1.368016497417004587e+02
-8.547462856601937631e+01
-2.163573319546297853e+02
4.385296654589433984e+01
-6.113181172366803651e+01
2.325611803761061580e+01
-5.401556658676980316e-01
-4.812718041660451007e+01
-1.454115577099674717e+01
9.245860821901209192e+01
5.415166649017930212e+01
-3.541641804175626618e+01
1.132451071667007767e+02
5.513492662673244382e+01
2.684446142397722213e+01
2.297472312770519522e+02
3.737102910694467095e+00
2.868284960664571770e+01
-4.382910984728889048e+01
2.347840786722959550e+01
-3.233941549898335666e+01
1.388806660887703970e+02
4.185886291812930438e+01
1.122005580223480194e+02
-3.646918078353461112e+01
7.212396494522509727e+01
3.670284373158446556e+01
-7.882746140630901266e+01
6.056869122471578493e+01
9.562043065252200336e+01
-6.825436909788548689e+01
-6.713491231641195611e+01
1.500570137050363826e+02
-5.704881857355167085e+01
-3.414737710918682012e+01
6.387339200479562606e+01
7.208174711205667506e+01
8.977511926707121859e+01
2.201841215055829082e+00
6.987881064595233838e+00
-4.190418590875259497e+01
1.164867799498850331e+02
-7.087179334628673644e+01
-2.083954006918001767e+01
-1.160200740450008112e+02
-3.884157187596965599e+01
3.733756757802419912e+01
3.671543994173847913e+00
-1.665440801455168582e+02
1.060353102927611673e+02
-1.810455138783797580e+01
-1.468615842729126939e+02
3.394484514579720980e+01
3.955289460380314637e+01
6.851289226435518742e+01
-9.902441589483670725e+01
7.283459553241850237e+00
1.563592682710598467e+02
8.535469239130578956e+01
-7.801786323540719081e+01
8.584710906831460875e+01
7.098464635573613180e+00
-3.181530258469105021e+01
4.154473781414231581e+01
1.087455954738030215e+02
-6.982777717748414048e-01
2.066119198546227764e+01
1.038832884881502707e+02
-2.308426532743801118e+01
4.148118835173752927e+01
-1.743082198124667670e+01
-1.404353855157214355e+02
-1.287160530944547077e+01
-8.282675077255088070e+01
-6.695961036821486800e+00
1.074798215947540712e+02
8.222371554783320846e+01
-1.652658095555531190e+02
-3.155882267357325688e+01
2.902814072660619971e+00
5.588434401711291599e+01
1.699340318390682825e+01
-1.162356661626424597e+02
1.008027466371211744e+02
3.270024289585050070e+01
-5.384483024007580276e+00
-1.116846336857166193e+02
6.649060441266658472e+01
-8.564826545020432036e+01
5.879620015560352897e+01
2.034434557166078150e+01
-4.818334740506475811e+01
2.939760150952852413e+01
1.096616359639220839e+01
3.654639554115541955e+01
3.534516686792401607e+00
6.085484848854193274e+00
-6.326160791204273437e+01
1.214702776713505017e+02
-5.601013257473115736e+00
-4.932793988315228084e+00
6.091059842271102553e+01
-1.407488763891332262e+01
1.168549974909360287e+02
-1.019620159099561505e+02
1.684048919877615162e+02
-9.322506942229455262e+01
1.922877854626228000e+01
8.417568537665671613e+01
7.311773898519376758e+01
-8.658264176343351437e+01
7.015551100888340841e+01
-5.810074084036503939e-01
-1.714201155688838796e+01
-1.255715747277209573e+02
2.728892928937272444e+01
-2.204472576567745179e+01
-3.409084334058245958e+01
1.492952887727839197e+02
5.148205442048774216e+01
5.717432794623233505e+00
-7.224634989251573813e+01
6.232881174332960228e+01
1.769342583559987503e+01
-2.349118795835833495e+01
1.959231423537843142e+01
-1.181958807905712092e+02
-4.217383693580196535e+01
-1.903423980345551456e+02
-1.952153547543765058e+02
2.603284190812570031e+01
9.840935490434257815e+01
1.398399507234129935e+01
5.653380143999061147e+01
-7.152777967243655155e+01
-2.914108895116465447e+01
1.880111538126472226e+02
-3.843758665472283287e-01
-1.579102745634620817e+02
1.308292764845060105e+02
-1.067085261530485241e+02
1.149273580697356039e+02
1.327825618384757078e+01
1.398755449354180485e+02
6.991719622343563856e+01
-8.068554092581301518e+01
1.933717814878743866e+02
1.320193111377525383e+02
-1.062822529272928449e+02
1.034892908028155034e+02
-9.510609541257966981e+00
6.267829580133204814e+01
2.485384900452604029e+01
1.904836901367777955e+02
5.548395198498134562e+00
1.753928675785484756e+02
4.819223734697012418e+01
-2.020200866118313954e+01
1.056610199396787806e+02
5.151507343402764150e+01
-7.808377599244208511e+01
5.875422184815195514e+00
-6.306756844698732323e+01
6.175771178357719826e+00
-8.225618667005745621e+00
4.583452697465182268e+01
7.566707168931429806e+01
7.323040736773261017e+01
-3.396014577780758970e+01
-6.977406100811376355e+00
6.708709667175308766e+01
1.007338478312111505e+02
-6.732456607757168854e+01
8.346545060730920795e+01
-1.062891230919962737e+02
5.633826145441160804e+01
-1.134329556934936107e+02
-2.658261876186128703e+01
4.233913474410739042e+01
-5.634066228985590641e+01
3.183211828058388093e+00
8.652623691460377131e+01
2.603392101595787267e+01
1.142295404619932668e+02
-2.389679660924727855e+01
1.223288289330871805e+02
-5.049520735979739783e+01
-1.080107434333290506e+01
8.971386412357968965e+00
-1.233045615955065415e+02
2.782226869114736090e+01
7.462267539105224223e+00
-2.152401493822847911e+01
-6.563922130720628445e+01
9.373003252612861047e+01
-7.005661483647755006e+01
-8.338794992727540034e+01
1.971847522740022640e+01
-2.989161386762446782e+01
-5.096757087966382471e+01
-1.214183959906688131e+02
-3.081780045460641659e+01
-9.293167863477057367e+00
-9.740219160945649435e+01
-3.525573853924382917e+01
4.998524671985599355e+01
8.818744120648633000e+00
2.523538724346639697e+02
-8.467941201189047717e+01
-1.289507147653761798e+01
5.203665096251024380e+01
6.056269653341795589e+01
4.115521820403494502e+01
-1.480317227956161332e+02
-3.155554295869849568e+01
-3.690113092490334168e+01
1.525669291911520986e+01
-1.541159582491063595e+01
2.083160609203536140e+01
-3.336152251501381727e+01
8.181857100995864585e+01
4.319998149796075637e+01
-8.648096320941291992e+01
8.071396400641027924e+01
-8.983902491854061623e+01
-7.123200091987381199e+01
1.328437052634828603e+02
-3.504250158239744195e+01
1.013685596282046788e+02
-3.970776562484111594e+01
1.932282229003632779e+01
1.519939064125265560e+01
-4.525663605352269059e+01
1.458189012969795897e+02
4.999433148769441004e+01
-8.260843510607783458e+01
1.177522143188917312e+02
-7.177326496296943503e+01
1.130653889225280722e+02
-3.454795122620915038e+01
1.586728330930759512e+01
-7.088080320739879880e+01
4.927753800642671678e+01
-9.530032500791604377e+01
1.084574488670449597e+02
-6.576552975191718531e+01
-1.602663229382039844e+01
-1.196798726471305940e+01
1.024988646459108850e+02
-1.006858207494526702e+01
1.788185150606859111e+02
-2.086661535645827215e+01
-1.163306681696414984e+02
1.473616128169594930e+01
9.486587942711186372e+01
-5.197640692507131455e+00
5.912740468209695877e+01
-1.673446360470385841e+01
3.712141221366645993e+01
-5.276077815509639279e+00
1.141222619572178019e+02
-5.261375431863975827e+00
2.499103384523361626e+02
1.368908938187451270e+02
-2.449743225174029533e+02
3.340140368681226590e+01
8.691781063623010084e+01
1.372040978072013218e+02
4.935609905064334058e+00
1.523218047953849634e+02
9.873413137711413867e+01
-3.985113523888253440e+01
1.155727484691719269e+02
-8.154106092090556501e+01
3.269219594984470234e+01
5.635020224465946370e+01
5.480867633250667836e+01
6.643253284111174217e+00
1.797352605956849345e+02
1.624662752905504135e+02
-4.098118790001257139e+01
-5.153861556385721343e+01
5.320638181138884093e+00
6.406408705334806442e+00
-1.027698524060626823e+02
8.272891421057310879e+01
4.997813471887371861e+01
1.816002599989412829e+02
-6.837006572432154883e+01
-4.961182947434164703e+01
7.233308084229061308e+01
2.622037264226057829e+01
2.105240666573023134e+01
-1.374073817058202849e+02
-1.924545528389563742e+01
1.850105180088190693e+01
8.934745488672969316e+01
3.995675422875149874e+00
1.044283243936507830e+02
1.034303042268078343e+02
-3.474475099340603634e+01
-1.592300995285803253e+02
-5.273147284603571450e+01
-9.559584655823903176e+01
-5.161811341794357588e+01
4.637247334291533463e+01
-9.342844383570506750e+01
7.591298283654768397e+01
-9.735585682875473879e+01
-2.798768745203390651e+01
-2.465064103585459421e+01
-2.527075964019275034e+01
-3.599345549192626237e+01
1.176179347524524843e+01
1.485778210461604374e+02
1.696367137083272780e+02
1.638543558748552300e+02
2.513951386500542640e+01
-6.422695170942083109e+01
1.991550607657360317e+01
-2.629900906211412348e+01
7.096203460593638113e+01
2.117912221126566408e+01
4.294906540765050096e+01
9.731868637065662142e+01
5.393148913784849441e+01
9.412931720923162970e+01
5.895103869573038224e+01
1.174167080582676448e+02
-1.449773151279982244e+02
1.107054851008721954e+02
-3.530861252772241698e+01
-5.402573915627505841e+01
-7.452106802788274820e+01
-1.911279920275257993e+01
3.001975704591902172e+02
-5.195908528099774770e+01
1.097026634544691319e+02
-1.827643794400197237e+02
-8.603111737088873667e+01
-5.175886028888988299e+00
-3.141261813929757807e+01
-6.038181247007099728e+01
-9.588382131816480580e+00
2.447941811304099957e+01
-1.627344969325164925e+02
1.158728431111541113e+02
4.821473652023666290e+00
-6.542282304112622171e+01
-8.946581590016906205e+01
8.365841388658749267e+00
1.219376593580208805e+02
5.320555652967914995e+00
7.097294177937166637e+01
-8.955849696338351862e+01
-2.237410602420937167e+01
6.060489344420854962e+01
6.947596328973969726e+00
1.282410817267038006e+01
6.564464985256674368e+01
3.150442874070189703e+01
-4.714079026603820388e+00
2.258606579324067454e+01
3.474033277012404852e+01
6.732385856103674371e+01
1.658165610942739079e+02
-7.274668096637459769e+01
-9.518081637690552554e+01
1.326920810873146763e+02
-1.498990017975380624e+02
-1.372947040175977804e+02
-3.342482267235042315e+01
-3.094705600006147606e+01
2.162279748312212035e+01
-1.482565591785937897e+02
-7.168101236958690947e+00
5.464670286499303131e+01
-1.051954011932548241e+02
-2.367494474945232241e+01
1.056624421641868281e+02
-9.612733141581697893e+00
-2.252381211600988706e+02
4.918776352517912187e+01
-5.137075809212117150e+01
4.894039480358964056e+01
1.621217910881733246e+02
-1.059621880047783407e+02
-1.108185846418902258e+02
1.157626071133017405e+02
1.323838858724502927e+02
2.420093461115721212e+01
-6.091141673579437565e+01
-6.247713009321416422e+01
-3.299381073335005254e+01
1.703974333069870184e+01
8.744258041302148854e+01
3.406568496680670677e+01
1.379260957896099740e+02
7.756479908332657658e+01
-1.260157583915933088e+01
-5.769981711073511121e+01
-1.140243701070389619e+02
-8.932118612670917912e+01
1.076560063478474838e+01
-1.923542583941071769e+02
7.998851796886165744e+01
1.166197836793536311e+02
1.504970729035650550e+02
1.034281151740966891e+02
-7.738817253738996271e+01
1.122441007392845904e+02
1.485721138857579433e+02
1.362599205205782482e+02
1.312428066961095965e+02
2.881522743058524938e+01
6.238727902125967262e+01
-3.816058370085273310e+01
9.885258987911510076e+01
-3.759232153866179971e+01
1.330987272654004983e+02
-5.899775337895343341e+01
6.959260239094767542e+01
1.222317614351521087e+02
-3.335570193909730818e+01
3.215284449923765209e+01
1.192833221658399907e+02
-6.293433670002711011e+01
-3.861260115964923045e+01
5.299078390501945535e+01
1.359051408436578967e+01
9.534828308740526381e+01
1.688020294561789569e+01
1.434564026656999545e+02
1.025102077747035345e+01
1.248910647810074437e+02
-2.548962997634962946e+01
-1.492362415208755699e+01
-3.198552472310086259e+01
1.349312772894502075e+02
9.327856372367914206e-01
-6.312258219718383856e+01
9.139920076459617349e+01
2.364640505686191219e+01
1.424430889285842738e+02
1.493132625449624129e+02
5.663287197512746118e+00
-8.157788003360424511e+01
5.096490628376764676e+01
-6.051472847245845443e+00
3.064802080216161428e+01
-7.572002105439695185e+01
3.177414954129886482e+01
1.456502067542202212e+02
8.497812997368488652e+01
-4.925566402202237271e+01
-1.672739705630994820e+02
8.544027616018155413e+00
-1.238725042627061299e+02
1.584407469020641486e+02
-2.736805538007219241e+01
5.037470391985110751e+01
-2.033629710865514184e+01
-1.045547436837840536e+02
-5.375338720910535883e+00
9.103787741405028555e+01
8.065679619893040808e+01
-2.364656558087085614e+01
1.489474062968100725e+02
2.914145153618026995e+01
1.521392788975817325e+02
3.026665119673041104e+01
-5.119229208609844761e+01
6.603216399870888154e+01
-1.262017405859516970e+02
2.424107878197874300e+01
6.350128691116955792e+01
-5.107054941372233969e+01
-8.157346653425850036e+01
-9.303512510318404338e+01
2.266865041203299143e+02
5.610650869632117832e+01
8.988637595300887995e+01
1.229583203242200256e+02
-8.359402493721427163e+01
-5.449175611925090834e+01
-8.892995028650358336e+01
-1.075003186297766575e+02
-1.407825163550617447e+02
-1.026291774407170863e+02
8.772424732362431143e+01
-2.218907601721429046e+02
3.471278589837045558e+01
1.765496649884758540e+02
-1.155925291632915020e+02
3.372294069110798631e+01
1.393785078569532914e+02
-6.324421319127788621e+01
5.628475495078503599e+01
6.154613047297002870e-01
2.326039876211868034e+02
7.529218350006219751e+00
-7.017647134800033371e+01
-3.458659519281714267e+01
1.957346132085592272e+00
5.955494537668245769e+00
-5.583236106967407864e+01
-2.972117274127204212e+01
1.148759870058106429e+02
8.529784693799140882e+01
3.407900931521758281e+01
-2.086727526302072633e+01
-8.327831549204999817e+01
-9.097817623045351354e+01
-2.207695677660559852e+02
4.029964835092790310e+01
-2.262819822367536204e+01
-2.106610291778168857e+02
-6.190693193233958880e+01
8.163692149832340306e+01
-7.924560004044677441e+01
-4.799606566660827411e+01
-3.934625222228786612e+01
-4.748299287098468113e+01
1.029320082468771744e+02
2.503422666775268794e+02
-2.472169636004485582e+01
-1.185182222101602036e+02
4.633567956278546518e+01
-6.382564046363190968e+00
-2.935377529028686538e+01
3.099938404721151741e+01
1.289837040263967936e+02
-6.508998966872577796e+01
2.547449932212774684e+02
-9.501441356818909867e+01
-4.052009750357539275e+01
-1.498315447683548030e+01
-2.396481463538581735e+01
8.994747143168770265e+01
9.198776315649978130e+01
-4.660542012972586434e+01
4.812020004687813213e+01
1.593948054765689619e+02
-5.282387753272375974e+00
-1.010018451638132859e+02
1.167407749498551510e+02
3.292074273633887316e+01
-7.233277602286511865e+01
6.559992615471742283e+01
-4.123043630237882340e+00
3.142667356576728821e+01
7.195290157343330861e+01
7.114014360536607740e+01
9.453590290694313225e+00
1.238578491918010798e+02
5.890607939224774015e+01
-2.204585635362051121e+01
5.285171866825498910e+01
-5.382212229097843448e+01
6.572007345601100781e+01
-1.066898514725426566e+02
-1.422661201529657831e+02
2.538109839024729197e+01
-8.626969972680470278e+01
-2.419437407263874107e+01
6.445989511975201935e+01
7.297559906449517086e+01
4.381576796115451344e+01
-4.359525131559553301e+01
1.276253861440958701e+02
-1.216592112155416032e+02
8.614379171145618841e+01
-5.599399465998670422e+01
3.995546747438065438e+01
2.589086642092485846e+01
1.157253818358769166e+02
-3.474875696125968716e+01
-1.413982309765948173e+02
-3.208157264457589974e+00
-1.808682300163274590e+02
-1.308812892068885780e+01
-4.933107281991380688e+01
6.240242974602661974e+01
-1.738792407695391660e+02
-6.560910870935393291e+01
8.711056298167918044e+01
2.272098551812418066e+01
8.339702698080299115e+01
-8.256669960797418639e+01
-1.220480078614061092e+01
1.625487057227145726e+02
-5.500010435934632902e+00
1.513387910262925686e+02
1.149893257451241908e+02
6.775859290332797968e+01
-8.699080620644886608e+01
-1.085806849653511676e+02
-6.084707066302395440e+00
8.866824604543890587e+01
2.216996034384709446e+01
-2.170196404914266282e+02
1.534086185887901133e+00
1.252257248537900480e+01
-1.128728817048715740e+02
-1.176976321468973623e+02
1.222019052525551253e+01
-1.188013907571349677e+02
3.234980116274315520e+01
-1.913629558457301698e+02
-5.831226492104192971e+01
1.411048294026925305e+02
5.000710636509521123e+01
1.350022712699311569e+02
5.757576789124890126e+01
-8.755359549621984172e+01
-7.051536548877827215e+01
3.984125926188140454e+01
-9.118579571884659174e+01
2.792703349928177303e+01
8.002539551826667719e+01
-1.480397809551849946e+02
5.435679217790049478e+00
-3.064238694171776345e+01
-2.250450041056740247e+01
1.012328205121268212e+02
6.728999429151183165e+01
-1.500933796406590375e+02
-7.791733774123721901e+01
1.298991554805649287e+02
-3.288373006075962479e+01
-5.937458701014421791e+01
-2.698983073487543152e+02
4.490099234464290134e+01
-6.182634465958219749e+01
-1.002123217025516411e+01
-1.793533044358382256e+01
1.980547332683985360e+02
8.950903732416551861e+01
1.796285300214567258e+02
-3.819157941375103604e+01
-1.465518635329350694e+01
-1.028171533571571388e+02
1.245319390528566714e+02
1.283545262604123138e+01
7.077755378304451028e+01
9.549115179409915299e+01
4.494975924014714508e+01
-2.675182461750974738e+01
-1.590987672443665701e+02
-2.192042760482114261e+01
-9.473619920450225607e+00
1.029414559125911666e+02
-1.017367856296276329e+02
2.407259916263356274e+02
5.001426155519087757e+00
-1.645137489139359843e+01
2.227397880864035429e+01
-2.334493745535749731e+00
1.206755684749436419e+01
-3.199845829776122130e+01
-1.263426328632546785e+02
1.161590189858688582e+01
-4.767780192630580949e+00
1.326194371479177221e+02
5.868238890893184845e+01
3.801516506336039924e+01
9.583709231497365977e+01
8.621713695730176141e+01
1.695305055937010081e+02
-4.006611244479714884e+01
-2.273644828079274305e+01
8.683531662424631747e+01
5.117080338541490470e+00
-1.001547263719877918e+02
1.202721128328948481e+02
1.778609286308162041e+02
