-1.282250838565167328e+02
7.554292225664276828e+01
-8.617322125183439141e+01
-2.694259168220117928e+01
2.255527932760903909e+01
1.520090426942691408e+02
-8.547686320873992827e+01
-2.553637687562071434e+00
-7.540295683902694179e+01
-1.278131053357463713e+02
-2.749605548766268726e+00
-2.142274975965036958e+02
1.470005199273866197e+02
4.699997168152557947e+01
1.321739673014813263e+02
-3.988374866958422160e+01
-1.828080769998923927e+01
9.666832080402058125e+01
8.882189877302189984e+01
8.097746848321324364e+01
3.861442288837302783e+01
-5.339317747196515285e+01
-5.394728838657617587e+01
8.245075431234253927e+01
-5.629178706912007613e+01
-1.419223586338890470e+02
-8.814439144752723720e+00
8.104652157282527014e+01
7.883883619352872074e+01
7.691603532531274823e+01
-4.173194309952729242e+01
5.512560915972591857e+01
1.147945463157710222e+01
-6.623398797352713530e+01
3.402980782096289403e+01
6.471558366174842369e+00
-1.225226576557920488e+01
8.487903613784618884e+00
-2.990878857854105988e+01
6.635683357215152967e+01
1.483288530039075681e+02
-8.299588912591134715e+01
7.808955384712525927e+00
-8.026199346110419697e+01
-9.567992305850694379e+01
1.381574172140481664e+02
-2.807516167737547086e-01
-5.488158253139123133e+01
-1.468033694784862675e-01
2.064453359845991187e+01
4.040913710688862892e+01
2.586849809824679713e+00
5.487781611085593170e+01
8.494853964156010306e+01
-5.876231455792411396e+01
8.493355687317729519e+01
6.168160466778090978e+01
-2.939577943876986410e+01
-1.136931201661536477e+02
8.631052858993234267e+00
-2.078748347481849379e+01
-5.873756794129060665e+01
-6.997384655020206878e+01
1.203668017208030818e+02
2.580521891878461815e+00
-8.557144334534027053e+01
2.538759176054737310e+01
-5.415105293508071327e+01
-3.221124977096100395e+01
2.327862659578849147e+01
1.193751255093579857e+02
1.511882177261868776e+02
3.798851330017606642e+01
2.330694366802229354e+02
1.525503344248223847e+01
1.815025450869801205e+01
3.675463249967705082e+01
3.165495310831363440e+01
2.623046100491057686e+01
7.180718002814850820e+01
6.087302832744398273e+01
1.856815442794505486e+02
-8.537770835034510242e+01
-1.011418444790870979e+02
-1.389155488876020286e+02
1.191217304139146194e+02
9.914017965898683826e+01
-1.136359337191813239e+02
-5.047118460809046780e+01
-1.463495987259080380e+02
-2.170897781015415262e+02
-5.490599129529137201e+01
-3.448151516866973054e+01
2.208570971117892157e+01
-2.191187095548387731e+01
1.398049124005028716e+02
1.423024834957166149e+02
1.251727793365601542e+02
6.700517597641685086e+01
8.043219624119059574e+01
1.207584812638731506e+02
4.845971470899343103e+01
9.389428938914231537e+01
3.028300618745449313e+01
-2.222440853251987392e+02
8.732032571231135520e+00
4.337058029799448633e+01
1.169664327013719998e+02
-8.845366459440529638e+01
1.139764112925501678e+02
-1.437162682786844243e+02
-4.723209191792457062e+01
5.175586820435237456e+01
-9.913620496032723395e+01
-5.472947900912387809e+00
6.262106629750383746e+01
-1.161114142336471744e+01
-1.448480182973648880e+02
-1.102775336124283854e+02
-2.616130318853037373e+00
8.846934294302718627e+01
-5.291047534724542345e+01
3.119507467491214214e+01
-2.184282715717037249e+01
5.288781660332251278e+01
-5.497438439403791222e+01
-2.054625286086862275e+02
5.710899032446723567e+01
1.208767495688671190e+01
3.968961328953247047e+00
-1.170955566872621034e+01
-9.390127652386514967e+01
-7.716477547268429760e+01
1.225313831955013768e+02
-5.154319529934011257e+01
-2.974010875353812722e+01
-3.559545509208857794e+01
-5.545546584196622319e+01
4.162062872279739167e+01
1.415092263638497343e+02
-1.160974683712892697e+00
1.105166442391056592e+02
-1.345423238623815223e+02
8.749642662352705713e+01
1.288077111467164571e+02
6.171138759072631785e+01
-1.215722690362092493e+02
-6.743244829223009162e+01
1.052880004117315593e+02
9.417116325036963076e+01
9.204541848174544327e+01
-6.131932645740996435e+01
-2.918944194329288422e+00
-1.304761476218257599e+02
1.143405796838021331e+02
1.203888172612344931e+02
-1.366317625612882978e+02
-2.474107668792257186e+01
6.253431525270536184e+01
-4.921737819524253865e+01
-1.503997868966587248e+02
1.910129216296533627e+01
1.977887954641439094e+01
1.077294430852752924e+02
5.676748010099201736e+01
-3.391382478208859652e+01
1.053429630368609615e+01
-7.247835562287149003e+01
3.921986568302966703e+01
-1.484614659485117443e+02
5.660915201421182275e+01
3.340606506824295963e+01
-3.387799864753147006e+01
7.762283243429040169e+01
-5.966704786526668869e+01
-4.720163217074879469e+01
3.539596733892624059e+01
-3.277652554081064551e+01
1.580714786416121953e+01
8.346181487480536987e+01
1.844390678597241706e+00
9.171168818934346234e+01
-2.639759682889919290e+01
-3.901819487741702375e+01
2.231822365297172261e+00
-8.748378490320287426e+01
-1.396772444576341456e+02
-3.730219232693209364e+01
2.066387674247300765e+01
2.158928631132688025e+01
-5.226889088807527450e+00
1.624850155705155075e+01
-5.197307686443563313e+01
-2.338412664223350816e+02
-6.793713455053175210e+01
1.720060541943518331e+02
-1.531279626745563505e+00
1.049494858653288105e+02
4.233088176404936576e+01
-8.979250943395098261e+01
-1.335520473201208915e+02
5.780176017237968722e+01
-2.550073599031857441e+01
1.935481019904251809e+02
7.726130705432609602e+01
-9.396876554798836878e+01
-1.345944522779301211e+00
7.389609575185365031e+01
9.251322191125478867e+01
-8.333110551219832018e+01
-2.985409804396453737e+01
5.539247601086468364e+01
-1.838751183680325241e+01
1.138823406894949528e+02
1.063006283142295594e+01
-1.707018278608397921e+01
6.064022120128512938e+01
-7.916444416029102626e+01
-7.979555846428624477e+01
1.487002854450244449e+01
-5.649374706740805863e+01
1.264332413210535222e+01
5.828005383273951878e+01
-6.759737102258834796e+01
-9.898101444492661471e+01
9.463668936938927345e+01
1.193288460161170974e+02
7.419531928466695092e+01
9.579804699824812531e+00
-7.025675053017461202e+00
-4.204850277325313357e+00
3.921533157972504569e+01
9.601597756436611064e+00
9.384448549417186980e-01
-5.873707861817607778e+01
-1.384091838215675452e+01
6.875181377898228163e+01
-4.767367505762243240e+01
-1.661463222758175107e+02
-1.363419560242968487e+02
3.713077371627932877e+01
-2.195997299551948458e+02
1.359711409536330073e+01
1.004704876170296046e+01
-3.991831725096346872e+01
-1.854835930929728818e+02
1.256967429303945671e+01
3.430475524552257127e+01
7.415750752486532704e+00
1.136121659969756337e+02
-4.238122018062563257e+01
-1.724970852587637182e+01
1.062689222320306897e+02
1.101644921221693636e+02
-6.596753192323031101e+01
-7.232723919370378951e+01
1.681065188242474733e+02
8.811307021754456059e+01
5.899339935437428295e+01
-2.792073275739698435e+00
6.170778296465831758e+00
-5.028062841561505014e-02
2.830499817209342961e+00
1.216345713210482948e+01
4.541036206162572597e+01
8.056629906076003067e+01
-7.449359954547536233e+01
-5.690088011067227391e+00
-2.034632878031047198e+01
2.513805540654350423e+01
-1.154927706505712308e+02
-1.353250150505338034e+00
-3.476688184321650255e+01
1.019213237529503990e+00
7.218192359509738765e+01
-5.266881835722333705e+01
4.452064983092882500e+01
-1.648987329397837982e+02
-1.195273585704265571e+02
-2.835189171100698786e+02
-4.143589421595148536e+01
3.296697226905713052e+01
-6.955508805107666603e+01
-3.232581125419094548e+01
3.042938704915717096e+01
-1.676466969138188858e+02
5.040066004899761509e+01
2.399770527300581335e+01
4.110963488153757339e+01
-8.730666775319689066e+01
1.591120728330205338e+02
-7.047632237780211995e+01
-4.635225930423375473e+01
-3.958062157516314983e+01
-1.246993971671269819e+01
7.092702816794556053e-01
3.944430451326017106e+01
-5.581124506854455092e+01
1.061110592118945846e+02
1.580285669162284137e+02
9.811697256135876444e+01
5.389386208654759969e+01
4.218652247863167304e+01
-9.117563891009927701e+00
-8.675542374031816450e+01
-3.828153941828226436e+01
1.235907661520817697e+02
-6.666041369643244252e+01
-1.552631624946212519e+01
4.538174791139577025e+01
-1.081010204102399541e+02
-1.564311935844911545e+02
4.671541061305295273e+01
1.753682891900294862e+02
-1.268348008033194247e+02
1.230497588370434769e+00
-9.763506258982445729e+01
8.694853877493595462e+01
-8.822741804164928681e+01
1.196945329276673533e+02
-1.711904098953530706e+01
1.320516053893945241e+02
-7.199442322237885605e+01
1.261738692711301013e+02
8.233880341836024286e+01
9.312036810513506069e+00
-8.586662914121397705e+01
-9.259825346388521439e+01
-2.000665696604686872e+01
1.104014670908412370e+02
3.542745627454479074e+00
6.145935048656163957e+01
5.456338790668704775e+01
-1.716340053648049491e+01
-4.109835416242159312e+01
-7.182624363289461655e+01
-3.683346401817201965e+00
7.980376291658133425e+01
-4.853073527678831312e+01
9.387452232761206972e+01
-1.480774554909991281e+01
-6.679535567253473971e+01
-6.114349059657391194e+01
1.419790781971329068e+02
5.809914724667113717e+01
2.465298610929457368e+01
-8.552722539544529923e+01
-6.402855759840217331e+01
-7.488570250830835384e+00
-8.683095000397699437e+01
1.721278564895208945e+02
7.321997364586563251e+00
6.031537028060118644e+01
-1.557120346462161287e+01
-6.917987644185039642e+01
-7.972037061287311488e-01
1.569680467461054434e+02
5.348446780891497099e+01
4.471594194451212445e+01
8.458837522468117243e+01
7.282882570617189799e+01
-1.406708004965915393e+01
3.969874776955033013e+01
-1.227232052004571301e+02
1.965766186259603217e+02
8.578348178442075778e+01
1.637867295511235888e+00
-4.607379373608170425e+01
-8.050572242143580581e+01
-4.974023344130380764e+01
1.514023930996115297e+01
-8.136068771862257520e+00
1.839128042900015600e+02
1.772628650657827905e+02
3.623076642730603680e+01
1.758487907720523538e+02
1.015387005530405276e+02
4.951921513307073042e+01
5.940745361787709555e+01
3.114382353800396075e+00
-2.483706745221571168e+02
6.379901861263013174e-01
4.658855286234503978e+01
3.474895794654173642e+01
-2.559162155656207815e+01
2.572520217645244500e+01
3.407549562324385306e+01
1.123396037594265273e+01
-1.029826418076435743e+02
1.385697322992398384e+01
5.496462107816233100e+01
5.742486374002400851e+01
-4.766316680233391168e+01
9.831627540259179909e+01
7.024797344467737048e+01
4.227508106394142118e+01
6.571475334094162690e+01
-3.550138003384891050e+01
-5.641071137147375936e+01
-5.014026525758629305e+01
-1.043350785680305819e+02
9.464532033232128327e+00
-1.851231159410456684e+01
-1.055807543290318335e+02
-5.284320058994980940e+01
-8.438645334504035134e+01
6.697395494295703600e+01
-6.488839270045697560e+01
3.608507150138696495e+00
5.850551187238077233e+01
6.384040437859081152e+01
8.111573411299863778e+01
1.923868350962031570e+02
-8.997858269795194985e+00
4.022930352510095275e+01
-8.670085991479390941e+01
7.091012791548775951e+00
4.790966485852116818e+01
-3.132267543518193520e+01
-7.449815212666950970e+01
-8.779723773867956993e+00
-1.289703759137654160e+01
4.626106974177225339e+01
1.337937108467195344e+02
1.096369542264674237e+02
-8.315974398691159308e+01
1.183806490659261357e+00
8.043311531602527964e+01
4.361546340823565515e-01
2.108137475453445120e+01
-1.921124383140105962e+01
9.126724150886630582e+01
6.272246921308258294e+01
-3.123186476136344591e+00
1.582832659785693465e+02
-5.547089807117370697e+01
1.172664069091300547e+02
2.510176732667575550e+01
-9.241842974418956658e+01
3.833056144873101090e+00
5.467633188799717203e+01
-6.146948189052223910e+01
-5.591091663517524069e+01
4.139064355704584841e+01
2.772630686104698228e+01
3.396619625804157749e+01
4.389406369135080865e+01
-5.667488830992992632e+01
1.055973053340463785e+01
-1.734945345094845663e+02
3.017705615697163779e+01
-9.316567411728804871e+01
-1.529935570622819263e+00
-6.795525243633497325e+01
-3.360265240879023452e+01
5.636634114996364531e+01
1.169417685291269322e+02
1.452320573409136841e+02
-4.832591549323003477e+01
5.310964473555008425e+01
-1.007314364165263214e+02
-9.758270986213631204e+01
-1.966635909390883619e+00
7.997289019069678773e+01
-5.791637190348868813e+01
-9.433772256770336639e+01
-1.914052172783856918e+02
-3.740160821823449311e+01
3.971065186248165446e+01
2.467334304619005536e+01
-3.964049745953123871e+00
1.324060743212127136e+02
2.270674470914204690e+01
8.658857946235902148e+01
1.840569271760509551e+01
2.317217437630972299e+01
1.098227102801608055e+02
1.484637303408629805e+01
-1.387575880548836693e+01
-2.447372775027590919e+01
-1.574070513252541730e+02
-1.010279397287175840e+01
1.431598129806987529e+01
7.405708718000036939e+00
-4.312827225163542266e+01
1.013812775904196286e+02
-4.908226304480181312e+01
8.839407915229282153e+00
8.037524824238823840e+01
2.809135003272459130e+01
5.608350731713299808e+01
9.680216475481303817e+00
1.300187458237056148e+02
-3.810175188566348226e+01
-5.921282485500921666e+01
1.370320899760609379e+01
-2.346361624949869196e+01
-1.610823579135662271e+02
2.654342284428441303e+02
2.436737110194364675e+01
-1.152354520442559789e+02
6.266046946848125998e+01
1.293319165484911935e+02
-4.890948248391171660e+01
-9.706173931686292722e-01
5.931062416837690421e+01
-1.140884395592572531e+02
-1.983717943416387186e+02
-1.806482766429962084e+01
5.145914373996068747e+01
7.831714086553989773e+01
8.916074161494447026e+01
6.847564753060943588e+01
7.360460894175949420e+01
3.592066218060393368e+01
-4.511861961138170329e+01
1.635636336096071952e+00
-2.933934634898873384e+01
-3.152381102159695914e+01
1.703188499718102022e+01
3.392220931425008246e+00
-1.322611340451138240e+01
1.139662320648210780e+01
-1.761771465570462780e+01
8.754001762192623914e+01
-4.037942603615114479e+01
-9.730134395009160642e+01
4.099918766118689994e+00
-8.026778359746887759e+01
7.091964719614048818e+01
-1.748978048590151104e+02
8.698943193294935838e+01
-7.653082065043573579e+00
1.139007529027998515e+02
-1.317954771175379562e+02
-1.618659560758670750e+02
1.769502480884828444e+01
6.119488812897798624e+01
-8.374258448071597627e+01
-5.701896893546734901e+00
-1.845750029689940508e+00
6.116624521682449256e+01
-8.983636891770672150e+01
5.897582788859401148e+01
5.068027770173649316e+01
1.926095974364941981e+02
-8.388793079711641099e+01
9.523895904442241545e+01
-7.194640692652765779e+01
-6.230333663651614273e+01
-3.711528842083108515e+01
-5.306933226488109767e+01
-7.118585724968259854e+01
4.517309712707233871e+01
-3.799617660416883425e+00
-2.521183456783369934e+02
-7.157499256476631899e+01
3.436957241883125391e+01
1.270219876917743074e-01
-1.420479777292293306e+02
9.610131418831161909e+01
-1.115838404229384828e+01
-9.178671174351656248e+01
-4.246670331434483359e+01
1.989912171124670692e+02
2.404067804329986657e+01
1.479702649780274903e+01
-6.361565678354796205e+01
4.281993850511907596e+01
1.895352516131069365e+02
6.479144142487415081e+01
2.417502576771135736e+01
-7.883003683661374339e+01
1.015636110905927438e+02
6.230163868125431037e+01
1.153954403847499179e+02
3.535740853025767905e+01
3.979928929165335916e+01
4.953705412851140721e+01
-6.110864833578865074e+01
-9.538255351883006483e+01
-1.463209492398856924e+02
1.462773901029345893e+02
-1.468777148566949009e+01
1.262283438574052497e+02
4.442308646165999164e+01
4.723478009402961675e+01
-2.204987626802611800e+01
2.722919213623976731e+01
-9.897599200489526083e+01
-1.667842915020428407e+01
5.996636402955107314e+01
-2.609763236663792796e+01
-2.815596424740446579e+01
6.001948488150982541e+01
5.393882646393048219e+01
4.295817177135938891e+01
-6.283310339931240662e+01
-6.150089764159055505e+01
-4.137697494238423701e+01
-4.117594127197205722e+01
5.576546450012184408e+01
-1.058550463280250682e+02
-1.433957163249355915e+02
8.559949730772949295e+00
-8.758157302431991198e+00
-1.232037862404255009e+02
6.985837119699713327e+00
-1.242487184634480712e+02
2.244202399481898524e+01
3.018357050997505731e+00
1.430354806057441976e+02
-3.994665774724072804e+01
-8.493481435396867951e-01
-6.735960479281278168e+00
-1.669717982476326412e+00
1.354779845424086382e+01
4.477363639541675866e+01
1.159207256001152686e+01
6.335483038608392548e+01
6.360184165380525911e+01
-4.099297791239761324e+01
-4.405014245741977419e+01
-6.271639997369838682e+01
6.792251648851114965e+01
3.182296838603226430e+00
-1.671824751516365097e+02
3.759935645996529274e+01
-1.298435075925829096e+02
2.439695371597640019e+02
3.092920933019580687e+01
-2.771231977753760134e+02
-3.825659078794596013e+01
-6.566038582258765643e+01
-6.833692866343081107e+01
3.878204900195507321e+01
-1.877428552368041039e+02
-1.002922903378744621e+02
1.141019876357264451e+02
-6.602336361497610540e+01
1.160645209395228648e+02
2.006567086937484845e+01
-1.074545210452160262e+02
4.102295479129314515e+01
1.948383751554455330e+02
-1.951048054970658825e+02
3.874983909257969117e+01
-1.748664980837051530e+01
-3.175020860633482300e+01
-5.128338589593023045e+01
2.449682601974245699e+01
1.946595410288474000e+02
1.769357698184770982e+02
1.372942321783103239e+02
-1.894260140419525840e+02
-1.543247642268716504e+02
3.921817923125068006e+01
-1.845359850021257841e+02
-1.259732307150035240e+02
2.156877125806049733e+01
6.270801147677264709e+01
-1.687827528150664875e+02
5.878553804000159033e+01
-4.790328664861697838e+00
-4.601724948109676916e+01
7.587900923768251005e+01
1.489542229608106823e+02
-1.726691546549131262e+00
1.452660395588845432e+01
1.185555857047602224e+01
7.258947240261103673e+01
-2.727685439517334132e+01
8.795929082266295040e+01
-2.620135003183074218e+01
4.259672057921640231e+01
1.703404652508447157e+02
-1.118003018055539677e+01
-4.961077115494050815e+01
-7.985565593556231079e+01
6.367413196705197720e+01
-3.969817999361678318e+01
-6.702115838859729990e+01
3.874115402188518686e+01
1.266060071046990601e+02
1.358447819937368877e+02
-1.287417159998159946e+02
2.235768169858912557e+01
1.180989578267986531e+02
1.398760292304963002e+02
6.817747166989049923e+00
1.104516823425285565e+02
-1.360151334728847701e+02
1.412645341175395117e+02
-3.243148403773039945e+01
6.908343649151616717e+01
8.980925247153851387e+01
1.234812938968433471e+01
7.305864648412601525e+01
1.436819339204045676e+01
1.277808303908268641e+02
1.062285879116263914e+02
-2.523146551606015109e+01
1.125582086917258806e+02
-1.484393856790553627e+02
1.551183723500745337e+01
1.371031486581654519e+02
-2.340918030048803544e+01
-7.980757866501558340e+01
-9.410923310356308491e+01
1.109217488248787618e+02
-1.425257000950990971e+01
-4.967888443946086596e+01
1.999957833759962966e+01
-6.565336834425895063e+01
-8.495818406692988844e+01
4.187355782876762333e+01
9.784476382530549188e+01
2.078267688785725298e+01
-3.487077761121051367e+01
-4.821573872928742510e+00
4.368765156921085691e+01
7.123207265819064560e+01
7.794953015520800932e+01
9.760994085889295491e+01
-3.672707520849573370e+01
1.591719870143841149e+02
1.881394128479686003e+02
1.283757370387147603e+02
1.744186127676422586e+02
-2.802455753184595366e+01
1.163840665764307261e+02
3.432853294631340191e+01
3.823714226231631130e+01
-7.030366021624439909e+00
-1.212303687840915600e+01
2.037531453260988812e+01
1.999956025781356317e+01
-9.924795776444199191e+01
-6.456974579980574447e+00
-7.959275306498811986e+00
3.067303669733452764e+01
-8.048114924882018784e+01
-1.028964696856950809e+02
-8.890088696970263982e+01
2.211955108849117266e+02
-2.897444558252324143e+01
-4.372178010587792585e+01
-6.562894532843827733e+01
2.432358899895733373e+01
-1.436868400131002144e+00
-7.630394867674164061e+01
3.444448289666713947e+01
-5.371965942020742091e+01
2.148681198595091146e+01
1.298464163026489757e+02
3.584441074363602375e-01
1.020202381361314110e+02
-9.304536656402200379e+01
-8.108646999926859777e+00
-2.328749052857889623e+01
-9.291897006057654096e+01
-1.349929743623536069e+02
-1.549146024676468016e+02
-1.686964053093817029e+02
-5.471453436054749631e+01
-1.668895845940054414e+02
8.102910011839308879e+01
4.651482604726441394e+01
9.553754320921802901e+01
-1.886645754891567037e+02
1.129978072632554813e+02
5.014828292723057501e+01
2.364463032145723531e+01
6.125894313144609526e+01
7.301384214577433251e-01
9.546267112171871361e+01
-2.981908689550864722e+01
-6.286830387851010471e+01
5.666294808665408311e+01
-9.782080838192317884e+00
-1.699809940378457895e+02
-4.525653762899437282e+01
-8.387344632257560306e+01
1.210396569414222085e+02
6.208028020891746479e+01
-1.100679015442801045e+02
1.806404043468516107e+01
3.121586941654822311e+01
-2.169351539885914804e+01
1.351951610130908676e+01
-1.850613026261906384e+02
-3.501070766226832998e+00
-7.531497492656646386e+01
-1.720004837172366408e+01
9.884359635027247748e+01
2.199799685067114865e+02
8.288844659568886186e+01
-8.395864107210499583e+00
1.052432562454962692e+02
-1.022683625092198270e+02
-3.252802695540446365e+01
-2.059325654635204330e+02
-7.967389585384005102e+01
8.343001697942214889e+01
-6.292078798260445183e+01
7.304690897863616783e+01
4.722532883710582041e+01
-1.206466366739595486e+02
-1.684898413007698537e+01
6.964851689985675876e+01
1.840142388935909992e+02
-3.302246671522804036e+02
-1.371456004708904786e+01
1.186327859371445470e+02
7.548013623224893820e+01
-4.020957875644212720e+01
1.408566061049723999e+02
7.248392525959280874e+01
3.836711413348493949e+01
-2.857666595554831588e+02
-4.965538790969715421e+01
-1.564857857949477307e+02
7.161004451938836723e+01
9.262751257373129476e+01
-2.241541145309280481e+01
-1.867847165911999809e+02
-7.092890193616493377e+01
-1.506482787374098677e+02
-6.457347246799510287e+01
7.242535328206484735e+01
-3.933283969628828913e+01
-8.952466689000461031e+01
-1.344772939405492984e+01
-6.468414590674962028e+01
5.842494460659477085e+01
8.303873556669559264e+01
1.186295172055171179e+02
2.425627096377458614e+01
5.650824333552192513e+01
-5.987359939537151376e+01
-6.069881802875280385e+01
-7.899230358529470664e+01
1.290563362299321284e+02
1.113571531559352223e+02
-9.234838237856318699e+01
-9.436002118088400437e+01
-6.516044674447655893e+01
-8.228256064192098762e+00
-9.139170059425271120e+01
9.793015460796374327e+01
-9.216624642595930084e+01
-6.644998313952397950e+01
-3.696806275046863988e+01
-4.628243807381128505e+01
-4.050833690520003216e+01
-6.008133018293964511e+01
-3.449834700499972229e+01
1.178205808473584426e+02
-7.001734272746992360e+01
9.587405392875272980e+01
7.203060049693419842e+01
-1.109543963396135382e+02
6.434571772412508039e+01
-4.458967485132144049e+01
5.558793606300361034e+01
-3.517235644619731261e+01
-9.162763106529777701e+01
-9.165208384014908916e+01
1.004783170507545123e+02
-3.912519340032126536e+00
-1.599899788664296523e+02
1.321590422684218247e+01
-1.901539675090263302e+02
4.408057457428154180e+01
-3.875269385231846542e+01
-1.200751469528722879e+02
-8.045178785918464825e+01
5.809139099681462426e+01
7.734053508229981055e-01
-1.033972342322478255e+01
2.997198310170604785e+01
-9.559411764394502597e+01
6.499114853173990980e+01
-2.837950615977262814e+01
-4.524896550867843814e+01
-4.946745678836360405e+00
1.423573596960543064e+01
-1.169862401135994219e+02
-7.512070514015546507e+01
1.626563360196104568e+01
9.576804970932282401e+01
-2.960497293310567812e+01
2.914002773430757998e+01
-1.432081082766785940e+01
-1.370040428231804874e+01
-9.143393552285917281e+01
-5.230894653667414218e+01
-1.090645229734253121e+02
7.089925933340660436e+01
-1.081674923714768681e+02
8.919193068390417523e+01
1.385798003932843017e+02
1.000771553964415688e+02
-3.716094530239958971e+01
9.629501795681650833e+01
2.137370150140542080e+01
-9.751089468200171950e+01
-1.409364450424085646e+01
-4.012372671824963533e+01
5.386833299097229144e+01
6.068839171489946338e+00
-3.067329468515017865e+00
1.006757950535030375e+02
2.623641360208991102e+01
-4.632610785800935105e+01
7.802016071017036758e+00
-8.309447815532166715e+00
-6.015835041731644850e+01
-9.481090099502162616e+01
-2.237213662506587752e+02
-8.739731472616071528e+01
-5.070680183254484064e+01
-1.663948051483045560e+02
8.182305766771172273e+01
-8.979773533989640066e-01
-3.101042533632320186e+01
2.019809963102128734e+02
2.178448993952160038e+02
3.653718666295856110e+01
-1.333492349535534061e+02
-6.786438338166992423e+01
4.815880652878563950e+01
3.299639020287680324e+01
1.282191679746916257e+01
-7.479021234148501662e+01
-1.976107157558099061e+02
2.006525883775142916e+01
-2.681965855454016534e+01
6.987476382411048803e+01
1.182998305689231699e+01
6.320560418291659488e+01
-1.537917401777779602e+01
-4.582720335193052996e+00
9.594134590448031474e+01
-1.035726342282135448e+02
5.284278494866988751e+00
-7.280033989170549091e+01
7.096873781280426563e+00
6.260712025057668484e+01
-8.483528889499115166e+01
1.656781939491220044e+02
-6.076487251394893008e+01
-4.015423539598832292e+01
-1.007962776751537461e+02
7.795152689086194187e+01
6.669523129518712778e+01
6.951749848612195137e+01
-3.260569505024663783e+01
-3.496829253358438905e+01
1.834197406906692152e+01
2.340091566594052210e+02
7.238806718493299286e+01
7.746541506161348956e+00
-1.075605942571522746e+02
-1.089821243291569033e+02
7.126779060126191112e+00
4.744257930449766292e+01
-7.438576680338182534e+00
1.948004082483680222e+01
-1.035089309235555817e+02
2.222878052841711138e+01
2.212866415071555366e+02
1.342023574920154161e+01
-8.350415941963748878e+01
5.622009603904990627e+01
9.336331757139953424e+01
1.250315268419863912e+02
9.553868656954294636e+01
2.825669446678451635e+01
-1.635492047785788472e+01
-3.648084859030468152e+01
6.270845777404078802e+01
1.708227478519679892e+02
-9.030615769529734393e+01
3.568743075302408130e+01
-1.168874004408914402e+02
-1.156643520866487904e+02
8.088630387266848132e+00
-1.778466568210695087e+01
2.294738785528382508e+01
-8.073268531767028833e+01
-1.765434417853228410e+02
-3.268100822454125876e+01
-2.309842907858280725e+01
-8.432721001602834576e+01
7.070187726948091722e+01
3.196811359213312542e+01
-2.497759299490508056e+01
-6.250293302317284372e+01
3.044429661073086990e+01
