-1.300852353491428062e+02
1.569483259214654254e+02
1.558900010227676347e+01
6.686460264058997893e+01
9.202313839237478987e+01
1.135739054431404895e+02
4.992864257743663359e+01
-2.652795002461211311e+02
3.754788745220350421e+01
-7.189587575137230147e+01
-4.276380062940896210e+01
4.736091607059008624e+01
7.597000728367319766e+01
-4.878048222917552579e+01
-2.390166589178669909e+01
-1.835479738183453549e+02
-1.469215227686947678e+00
2.048598711489103721e+02
-1.148565108007419298e+02
-4.148050797304923520e+01
-8.353851421952555256e+01
-1.253070348999514323e+02
9.620503063940178734e+00
-1.748172253188218406e+01
-2.219824670453050786e+01
6.733420580960505220e+01
-1.894061004227216074e+02
2.043960063144794148e+01
-1.352083185192228143e+02
-1.235251718560273133e+02
8.478931919914272441e+01
-1.480705925366189888e+02
-2.413284545681901960e+01
-2.411287401780035111e+01
3.227195227462108846e+02
4.844764534390530741e+01
9.549358421486751070e+01
5.263786437639708282e+01
-1.942073109660045205e+01
-4.454373200235395558e+01
-1.290714853439617684e+02
-7.870255057677449884e+01
1.396257545996496106e+02
-1.461685403944956647e+02
1.676723116954778732e+02
-1.061668932010636439e+02
-3.272328066094860333e+01
-1.155537862206798962e+02
7.677446539481844923e+01
5.202792212931519167e+00
1.184671949810124261e+02
-7.087071449560701808e+01
2.839610651711362976e+01
1.018238887461413782e+02
1.680313382437087455e+02
-4.083552841051719007e+00
-3.729819015855629516e+01
3.572708137684259100e+01
-4.246292163094675942e+01
1.047580194019180766e+02
7.929168033149144534e+00
2.870785050736875519e+02
1.466378231576537416e+02
-5.647214270840598260e+01
-2.636413455568795072e+01
-1.159245492573932097e+02
2.861652396660694819e+01
-1.359820964494023201e+02
3.569371540056688019e+01
-2.639902261381201853e+01
-2.995233660230777062e+01
1.305724089502034815e+02
2.315053646078864915e+02
-3.783565934863835878e+01
-1.324889650863537227e+01
1.600878734016471867e+02
-8.344305475351677615e+01
-1.567823034429440838e+02
5.762318034933860389e+01
-1.013533193094492617e+02
3.366072421520238578e+01
5.922206549047623980e+01
6.436397267147876278e+01
9.296218183572777605e+01
9.082215081948697843e+01
5.854261143795144307e+01
-5.657536863178272313e+01
1.653581151226511281e+02
6.916773247202461050e+01
-5.670792490063330860e+01
7.278329465984840851e+01
9.224716037047160810e+00
-4.142981563099243658e+01
1.029188085142642564e+02
-7.730233543870610902e+01
1.171660551431745176e+02
2.501724080063702971e+01
-2.788754608830996062e+01
3.606202126074959580e+01
-1.305455223958673514e+02
-7.857733444987022153e+01
-1.929551800493353824e+02
3.404481916143417664e+00
-5.304553131308985314e+00
-1.383193260741920483e+02
-9.342058777717569740e+01
1.117006802885881172e+02
-4.826920241025023373e+00
7.767965107631928845e+01
-1.161796276856586871e+02
-1.266740364729811148e+02
-4.196351401432480421e-01
-6.383861315376215373e+00
-7.816678765803889206e+00
-1.750929444824798509e+01
2.288890145960944977e+00
4.454517048565644188e+01
-8.181003114287324252e+01
1.827681885962304591e+02
9.601800033485236696e+00
8.707160975548724480e+01
1.189631468173106583e+02
1.087781578260046018e+02
-6.836463359332009304e+01
8.556483012833449209e+01
7.893268781685841873e+01
-8.444822677605080230e+01
-4.838806938219351395e+01
-3.546364721305765499e+01
-5.498934905695762865e+01
2.070657312268157213e+01
7.408640536012738664e+01
1.366714394420709766e+02
-5.547276199318704926e+01
-1.030561970878858915e+02
1.324945643672977269e+02
-1.097621126652011156e+02
-7.660284367181320420e+01
4.129144058205422851e+01
5.346978120869532169e-01
2.601312656981969695e+01
-1.658713948243320857e+01
-1.174416505671149054e+02
5.396172047667086957e+01
4.011214713316584124e+01
2.284073837525377115e+01
9.339732280785710827e+01
6.481348544537331691e+01
-1.211661167120426938e+02
-1.024101853450197410e+02
1.438768617708933562e+01
1.398259767669020803e+01
-1.503358185522225767e+02
-1.582480489488459652e+00
9.089390507165212796e+01
-7.966837251976843959e+01
-7.989437086443784608e+01
-5.597345837506851751e+01
-3.308935508344301013e+01
3.029541515678160213e+00
-1.383112578910640877e+02
-3.420605420037977495e+01
1.565436533938049024e+02
-9.596350305380921597e+00
2.473000824503889206e+01
3.780787744327760436e+01
-6.374957895915026995e+01
-5.903518442872628214e+01
-5.789289123270688719e+01
8.919293244381600516e+01
-3.473734277149470273e+01
-8.170226273051490296e+01
5.043543720961945098e+01
2.412542902403158962e+01
-7.890747724004576469e+00
-1.619486722305942195e+01
-1.059842567701531095e+02
8.908852219227537717e+01
4.358771567000583502e+01
1.151582140553992417e+02
1.810839608360852253e+02
-9.308790685690894406e+00
-3.304119102864401913e+00
1.090615916844976852e+01
-1.032444430056703766e+02
-1.812584718722473838e+02
6.226865369600096045e+01
-4.315388316789931622e+01
2.161296442914297344e+01
-1.601203194323531420e+01
2.132662756854610109e+01
-9.036500200140598338e+01
-1.382724323849604957e+02
7.054111081826702900e+01
-8.098720325226018701e+01
-6.558924220709903352e+01
3.040029823225321692e+01
1.028533314178270075e+01
-1.230861250730884393e+01
5.760604309546397417e+01
-3.258838295288098408e+01
4.075305191386467385e+01
4.724276601031167644e+01
8.501559968600906814e+01
2.541497833010057761e+01
1.659480562237303047e+02
3.460981682707518559e+01
1.467375018415130228e+01
-8.653605237277089657e+01
-2.237933459342122546e+02
7.101369790687980910e+00
-1.469362327073734775e+02
1.110376762298187145e+02
-9.077035087711324479e+01
7.384659616721263831e+01
-7.371284301730592858e+01
-3.547895171120940461e+01
1.252725386245893624e+01
1.505844787473317226e+01
9.301618802677562314e+01
5.165112109967275700e+01
-6.485630002673447336e+01
-1.877453629625115354e+02
8.595742833072948486e+01
-1.127160874678801505e+01
8.264144911548612527e+01
-1.904575260623506239e+01
3.036859949142892390e+01
2.926896897310383494e+01
6.716704406584254627e+01
-2.326051054759626311e+02
1.084192483236094233e+02
-1.675396327928429230e+01
1.388125086520866489e+02
3.597369149570708657e+01
-5.657778602908623355e+01
-5.565343521786422087e+01
7.465430473280231638e+01
2.346908943685325966e+01
-2.129445944869833518e+00
-3.377908303683653912e+01
-7.903314657635156948e+01
-7.821098425226959705e+01
-6.099633822535612637e+01
4.007055552421427791e+01
1.162018716720813671e+02
5.592326717112933210e+01
1.819848688005471331e+02
-9.882971515788311478e+01
-1.233109223077355487e+01
-7.798260982550543474e+01
-8.564443809055545387e+01
1.186924072453550281e+02
-3.566941502487313453e+00
5.680777635175643780e+01
-2.734789132328969252e+00
5.498935591590488947e+00
-2.435729389775151432e+01
-1.483111163528009335e+01
6.354835774351580824e+01
8.781018980509145422e+01
1.081289108513653900e+02
1.478303394720488484e+02
-5.845074942974360965e+01
-1.320183529957849444e+01
-6.952673521916570110e+01
-7.655895706961894120e+01
3.393073410669593670e+01
9.324071179137592935e+01
-4.998742835389724348e+01
-4.117573032685605483e+01
-8.091748427853485737e+01
-4.161782679264351970e+01
3.909729565950483021e+01
-1.488710192739716547e+02
-1.013833590140248333e+02
6.133304059388117224e+01
1.011629037437302259e+02
-9.814990671808435252e+01
-9.737813542577598014e+01
1.552515813044745485e+01
-6.188786378800262611e+00
1.232729839044303617e+02
-2.031535864431103633e+01
-5.891955341094689658e+01
9.205981208951889982e+01
-1.991642599751863330e+01
5.690573470364215325e+01
-1.597751821666308736e+01
-5.286778371381598163e+01
-1.392583196992527519e+02
-9.458601786845110837e+01
7.143008623856799133e+00
3.254786730112155624e+01
-1.703703314906489368e+02
-5.641303660486948957e+01
1.226410121796675945e+01
4.685704129371741189e+00
-7.749236482243759383e+01
2.679326876348190112e+01
5.919123032535788553e+01
-6.906697296134076680e+01
2.934989976618195584e+01
-4.110880925617341575e+01
8.941107015803729041e+01
-4.814799973421496304e+01
1.137556633588026642e+02
5.752711932385878413e+01
1.739102270812648499e+01
1.690758180426766089e+01
-6.090173792843273759e+01
1.642690484436812994e+02
-8.267944869559175913e+01
-1.714607832734230897e+02
5.267673238763796917e+01
-1.300102432524707012e+02
-7.785818138039428504e+01
3.829032136347916548e+01
-8.731009531735796969e+00
-3.154348573860105986e+01
-1.103853940864851069e+01
2.812079123961271687e+00
-1.054766022702730339e+02
1.079316834986568452e+01
-3.836897433557715509e+00
-1.002238138808263983e+02
-2.227278926319416996e+01
1.330321859871495747e+02
2.056549056475569515e+01
5.617900702254083889e+00
-7.184166236248994863e+00
5.577652736005486389e+01
-2.968785650790950115e+01
1.162378107861622141e+02
3.709957729236447932e+01
5.224621273989275672e+00
7.782599575677946291e+01
-9.792640416905749134e+01
1.039737857100382001e+02
-5.471763157897952112e+01
-1.101765323545870672e+02
-5.058254606080392790e+01
-3.887259621845606805e-01
-1.010945010658408876e+02
3.457707004053600741e+01
5.306203931599606705e+01
1.021345697551582958e+02
1.152805855315351664e+02
1.137000350590082860e+02
6.025370872016576129e+01
-3.672808328777766462e+01
-2.045079623703065863e+01
-4.843215286824987231e+01
1.440106098972343318e+02
-9.066969025424211281e+01
-1.469459448680975981e+02
7.277223546911091034e+01
5.569038453088658969e+01
2.423943408845484271e+01
-3.175910949447467502e+01
-9.842451810259260014e+01
-8.971114593209463806e+01
2.192631477914881444e+01
-5.747038132834052959e+01
-3.946222519021113584e+01
-1.283333513731611308e+00
1.100696780976610114e+02
1.083749415007837342e+02
1.378311492605235742e+02
-5.030231038435496238e+00
4.465782720988787702e+01
-4.645314896506761215e+01
-9.513514529953947374e+01
1.120468293419029493e+02
5.562482155892674740e+01
-1.990314506805073336e+01
1.498209910899747754e+01
-3.541893549120687368e+01
3.453315050724012281e+01
-5.164012190947868675e+01
-5.694734380650995575e+01
-5.817627690044754729e+01
1.235839005336322671e+01
-3.162329942130454441e+01
2.002445777713342920e+02
-2.128170746702977212e+01
3.154011279539596302e+01
-1.591857677353464453e+02
-1.101431168614951730e+02
9.273982483408357780e+01
-1.118627467711656180e+02
1.179585652993528129e+02
1.861626490919823027e+02
2.662435878992521765e+01
4.190297983291851125e+01
-1.977504248577584178e+01
7.732133853355746567e+01
-1.013539551073753842e+02
1.258418622167643832e+02
1.667451943428119989e+02
1.006631790225921748e+02
-1.336694533193685004e+02
1.213374366476858626e+02
5.684502455819126610e+00
1.142106576471356334e+02
-8.367954128288404547e+01
-4.561318923733567487e+01
5.928929848061666519e+01
1.495364941598999735e+02
-1.018695024022987923e+02
1.530395399707859561e+01
-5.590795354086900915e+01
2.190908718966884550e+00
9.629348561099585879e+01
-8.429101721962730664e+00
2.114065379973811432e+01
8.122247024328149223e+01
-9.531448536407097549e+01
8.084658825056335374e+00
6.430655176105899784e+01
-1.294506812421235153e+01
-9.610592233860195677e+01
3.029938865596558273e+01
1.814258410664055576e+00
1.268815357679249445e+02
4.534116241584332840e+01
3.474640334597291513e+01
9.080816758136514011e+01
1.039930150559128919e+02
4.488764189022927553e+01
1.573635658097357464e+02
1.231613553105684247e+02
7.232633897466438100e+01
9.096759679918383767e+01
3.264266964122983694e+01
5.971451822965604350e+01
-6.900986938262340686e+01
1.012729840078529406e+02
-2.922067982393031826e+01
-1.217039451615006840e+02
-7.341053955792501995e+01
2.143159675009152210e+01
-8.753292289830774564e+01
-3.670835727521735237e+01
-1.215208655781442104e+02
-1.986828212457842913e+00
4.227844817514405662e+01
-2.825122484585270399e+01
1.962472520495001049e+01
-1.852521974718908027e+01
3.826045957271538356e+01
-5.738136839131770017e+01
-4.475521443504572261e+01
6.326024693853455716e+01
8.950925934613762536e+01
-2.415404075902966952e+01
-2.526323001593737558e+02
-7.734743889073914147e+01
9.068746724051903740e+00
-2.809422827905597941e+01
-1.461310497493094296e+01
1.943920973852277996e+02
-6.285077751753594555e+01
-5.741610831019827543e+01
-3.337182866803082959e+01
4.622127293068685105e+01
-3.558410323323968072e+01
-6.565798155888631982e+01
2.574573126035639703e+01
8.551390191251245199e+01
5.156828230340257058e+00
-5.785411220867003124e+01
2.701130654428544720e+00
5.440442971337122202e+01
4.117315146466696163e+00
1.509819203348016288e+02
-3.944354548534548144e+01
-2.625106309276335992e+01
-4.169474630702971751e+01
-3.905708191282222241e-01
3.236839516590976729e+01
1.752097636654953661e+01
-1.540820149562088837e+01
1.358232560783829683e+02
-2.993862160961861463e+01
1.066723737057730403e+02
-1.065931012745643187e+02
5.203282553454196346e+01
9.590226646469977823e+01
-9.294073702700025308e+01
-1.687026086892395860e+00
-3.362789247034122297e+01
1.886214000322016560e+01
-1.061506559422237501e+02
2.267395628058342822e+02
7.195515197529708473e+01
-5.150809248964060316e+01
-3.763456657616281120e+01
1.185141100216790164e+02
7.893455300959331566e+01
3.927133832114251533e+01
-8.000814955133927242e+01
-3.112669435245064165e+01
-8.525997218430961766e+01
1.229672104188522184e+02
1.561841839514481762e+02
-2.630564761654138106e+00
-1.163789470076990540e+01
1.289096727297009295e+02
2.706049540012442733e+01
-5.905882433088495986e+01
-2.303330455182612013e+02
1.832578121270092595e+02
5.404581082437327666e+01
-7.832639272349723569e+01
-2.576058879031261029e+01
8.286670892850902703e+01
4.770309599902723363e+01
9.883580563035341982e+01
-3.247273115004711030e+01
1.936789271298524682e+02
-5.512934796555948935e+01
8.598786600962327498e+01
-1.049545844530180290e+02
1.277449059491508478e+02
-9.193066499526987911e+01
-6.079602096121347188e+01
-1.209424250520513766e+01
-2.366022313284755541e+01
4.145498528374909597e+01
1.568211505404416357e+02
-6.203677522191170368e+01
8.515223033664399566e+01
-1.083634455554853417e+02
7.361406818515348505e+01
-1.140876045821903091e+02
-8.261344855804145482e+01
-9.288956693331719805e+01
3.401808361661774427e+01
3.146693911485957784e+01
4.944309361620627641e+01
-1.527936502872047981e+02
1.210535101782391507e+02
9.591895243946263250e+00
2.283915217743081314e+02
1.773928385267610963e+01
-5.485581232832528542e+01
1.223993516230043355e+02
3.312561391386589005e+00
8.110500917547803112e+01
-4.198315936630465472e+01
-3.846846355943659290e+01
1.070003038111590143e+01
8.995378341974936021e+00
6.120740359002155628e+01
8.481793524681803476e+00
8.851523994911558191e+01
4.484664588176028133e+01
-5.940167811792516517e+01
1.292188765988795183e+02
-1.234746263361287504e+02
-1.012860919164966305e+02
-6.805255677657115143e+01
-1.821129803886453047e+01
1.012407723586465522e+02
-1.629853922796239019e+01
9.122236186510373557e+01
-7.929585248281696419e-01
-1.975407518691032394e+01
-2.989760943742133037e+01
-7.701503828427203757e+01
-1.991791524536601088e+01
-7.217507064961093022e+01
9.168335138977771237e+01
-9.284816628663932647e+01
-1.443755709446975288e+01
5.053110286727727640e+01
-4.327765673679558489e+01
-5.926557203517302952e+01
-3.970447748798692800e+01
8.583644596851438546e-01
2.474113506429607696e+02
-1.805933311652695750e+01
1.830868412773654370e+02
3.754345909219447464e+01
-6.291619925173075245e+01
1.000317685649120278e+02
-1.704063737034785504e+02
-2.085030323738122959e+01
9.085893842345475946e+01
-3.925604703819100649e+01
-7.767540740733902993e+00
6.545368265883553249e+01
-1.102104295161508674e+01
-6.136873638718890334e+01
7.071322299459902183e+01
-4.677875059679987402e+00
-4.810351332240344391e+01
-9.487555465376946984e+01
-7.111769830220706012e+01
1.105575844192184292e+02
-1.504007962203010322e+02
-2.502797207979449468e+01
-5.697470449288956473e+01
-3.479367988416607993e+00
6.505678570004002381e+01
8.074125632652904017e+01
3.208954892166321571e+01
4.770892847605453113e+01
2.070803608155239885e+02
-4.114972431026782829e+01
1.824114753363902963e+01
9.757883267507651226e+01
2.734108061545783386e+01
4.145274883670971633e+01
-1.707306359882043409e+02
3.789169847566535765e+01
-1.860029958898090285e+02
-5.330564071717067520e+01
7.827613272959320057e+01
3.460577381646289297e+01
-6.984778604777632438e+01
-1.106049050053626672e+02
-4.787845735726553187e+01
5.195466021959223468e+01
6.277596271532787142e+01
6.405901533166971262e+01
7.607736985000064678e+00
-6.147311435647824140e+01
9.516758257799105003e-01
6.416204259743032878e+01
-8.503270638512151436e+01
1.042723642621539426e+02
-8.221450878495279824e+01
-6.122688023812706604e+01
-1.414262277112201502e+02
1.368424112087158733e+02
2.792694764540466679e+01
1.493784715617397474e+01
-2.157512111496079754e+01
1.415814626357160577e+01
2.137950399138237145e+01
-1.413505221647783827e+01
4.243483023738078685e+01
-5.749710962551660032e+01
1.043912508383952655e+02
1.773995586122244674e+02
-9.933422465954123481e+01
-6.306484916321925027e+01
7.226894817441868213e+01
-6.468588261975948051e+00
-9.260592396439692209e+01
5.019596558996693858e+01
-1.028036725189065095e+02
-1.628184199318814862e+01
-6.454700566542003415e+00
-1.189926137263450556e+02
-2.270041058582766524e+01
-5.449202959679121250e+01
1.700713689451827904e+01
1.894396909558837763e+02
-1.983836041240130044e+01
1.104106713011846068e+02
-1.886012233740364152e+01
6.981575444665918440e+01
-8.896414071510007204e+01
-4.719460820083862984e+01
5.455309881842415365e+01
1.103647200891032156e+02
-2.392789949134941310e+02
-9.719849100809615550e+01
-1.779509818658567042e+02
-5.507180600481216004e+01
1.342796880862218067e+01
1.122403418144912024e+02
1.496700820799859599e+01
-5.215677289782740367e+00
1.639116834528109337e+02
9.772243320473360484e+01
-2.795599391946779377e+01
-1.073053333912724838e+02
-1.480523756856384807e+02
1.105513832750467884e+00
8.783231910645804419e+01
-5.708539514020460004e+00
-1.287627560970117031e+02
-1.424873081727455144e+02
-1.306353890387657373e+02
7.852977196001815230e+01
2.088763521150023905e+01
1.001948271588441131e+01
-1.241925256105303532e+02
-2.190591473001753897e+01
-8.015190479748704888e+01
-5.304992797679512506e+01
4.178673468641877520e+01
6.189971538094411585e+01
-9.169189914884155712e+01
-1.147765606688438034e+01
4.023187968011387738e+01
-1.423811546242823454e+02
-2.443697494147317428e+01
7.566443032662979462e+00
-2.540541400749949119e+01
9.335598955028994794e+01
-5.518738955840842664e+01
-2.865830400799190514e+01
-1.013821479641164558e+01
4.301327109832745066e+01
-9.833399331098829066e+01
3.657577942061460163e+01
-8.061701819266424707e+01
1.646354729252595916e+01
-2.764179560990503859e+01
1.664488827192890312e+02
-5.016375990324716838e+01
-7.710593705389401009e+01
3.725004136856312442e+01
-5.429253916060172713e+01
-6.914563360975580508e+01
-3.131144551759875583e+01
-7.218034374717099411e+01
2.120960066079119954e+01
-4.962597178040692825e+01
9.205593641432993479e+01
-2.053014838049090258e+02
6.774079811201291079e+01
1.336618887992056557e+02
5.131609531910910960e+01
2.747783848583158672e+01
-6.970104034385595071e+01
7.329074913800359070e+01
6.009559811922833461e+01
6.396493679831823442e+01
5.853476266732106126e+01
1.524092312708425823e+02
5.826047367489046280e+01
-1.002298094013952294e+02
-9.959207809835585579e+01
1.588886367198140306e+02
-2.061925564134150690e+01
3.588845071838543532e+01
2.641191635744559463e+01
-2.047810750919515215e+02
-9.921358036248734891e+01
9.496202165839793707e+00
-8.614355395246857938e+01
-8.715419900660879193e+01
-3.317334466324196995e+01
-6.050689563455314612e+01
-5.157521231707079323e+00
-6.144481137584882191e+01
7.170008807226291481e+01
8.396774947997114680e+01
1.964922827066288278e+02
-5.716594131053744121e+01
-4.871247861599642448e+01
6.674845405689637801e+01
1.636394295551654636e+02
-5.093336390483695197e+01
2.212567574534124049e+01
-1.302806103747511770e+02
7.983024364535251038e+01
5.654491518976734454e+01
-5.679835310050418684e+01
-5.807994355143508258e+00
-2.753185901219719156e+01
1.159217271680074219e+02
1.640035037627965266e+02
5.140139860448325493e+01
8.085958770813070373e+01
-8.232038609867952061e+01
8.906280496789083401e+00
1.144322379031838182e+02
-1.584204574429661072e+01
-1.275202682816382804e+01
2.920642750434422652e+01
1.049342158319689844e+02
-4.001871672147024128e+01
1.454278830001873324e+01
1.390842363323287429e+02
-3.197347182475632543e+00
-3.171116871309331131e+01
-1.045951761844203105e+02
-2.722001818141453100e+01
1.189869420005144178e+02
1.578149698289370662e+01
-1.564846972687755056e+02
9.849188688216815990e+01
-6.590062024801699181e+01
5.298118709490166722e+00
-7.615810584944635764e+01
-2.200584822491292947e+00
-7.772003273030717807e+00
2.007394619330704444e+01
6.827765031075165325e+01
-1.870131059007477177e+02
-1.803288770055131707e+01
2.540656320157830450e+01
1.861572982147080069e+01
-4.093087595700147574e+01
-7.694279265882603625e+01
-1.249827757532743107e+02
-1.530311595791861805e+02
2.996073494075620758e+01
-1.617631438250241871e+01
-8.889533944511189389e+00
1.653059359965904918e+01
5.304242103372586570e+01
4.335099922458360311e+01
7.033864561812067961e+01
-1.361726071352663894e+02
2.323692188386553781e+01
-6.499177457332055496e+01
-1.030533901836357558e+02
1.335629910191461249e+02
-2.938598821424765006e+01
-4.143010333119158872e+01
-1.326516947931668255e+01
6.361387179998817487e+01
-1.900180988894024736e+01
4.118584810403388019e+01
3.500365843903183816e+01
-2.061267004095374773e+02
3.186647156610701970e+01
-1.426675690286583063e+02
1.197390305377660411e+02
1.413871283283415607e+02
-1.100527343583302269e+02
-8.509944971714824646e+01
-2.498547744445453134e+01
7.733814116700693830e+01
1.509280858029227375e+02
1.516563544487577246e+02
1.675498460264385514e+01
-2.910141808781690287e+01
-1.415120418798724700e+01
1.422353632753574288e+02
1.458929785732495361e+02
7.793754867886285354e+01
9.308755674512016753e+01
-1.170256372473539130e+02
-1.102026532597150492e+02
1.423690395653273200e+01
-3.471345422813794812e+01
-6.603616468843487297e-01
-9.161390346723409550e+01
4.218247153356014678e+01
-9.691747279864834752e+01
1.287254771524584118e-01
-2.160963493005739338e+02
2.959463312871922369e+01
5.626672951689767643e+01
4.924707711234476903e+01
-2.914016365483346505e+01
-3.248684120373577855e+01
-7.253929775355737775e+01
-6.089551221277101689e+00
7.366816411272473886e+01
-5.558557739016337962e+01
-5.910339951185552820e+01
-1.045808819294428815e+02
-9.223469210095035464e+01
2.017488068648419386e+01
1.175047387295380616e+02
-2.118566785507609040e+02
-4.970511191577215726e+01
-1.477555819869016034e+02
9.359663637606450948e+01
-4.457329947732284836e+01
1.017148072414025677e+02
-1.071952232222084405e+02
9.953457092939014217e+01
8.362332975650303979e+01
-4.129364862356993626e+01
3.146617970531429975e+01
3.266108992113817777e+01
7.237145642997835182e+01
7.287250664811493195e+00
-1.164016449643250155e+02
2.098607185634847383e+00
1.542186049918642823e+02
-7.776428601549233122e+01
2.431901078728342114e+01
-1.165707554685202263e+00
-2.865311920535119938e+01
-1.136331737328962674e+02
7.770417948304321953e+01
1.953190727453415221e+01
2.097154500525715548e+01
-7.115304331190664300e+01
8.457705313972118688e+01
1.838881750086865807e+01
-9.114798948324768446e+01
-9.024590318640153441e+01
-4.006678771607823819e+01
1.032325592115083879e+02
-1.873477395708922302e+02
-2.680837368275971855e+00
-2.172096697215443939e+01
-2.403133333819490147e+01
-5.143794645592565473e+01
8.363018121248417458e+01
1.330231509709645934e+02
8.878300922608699963e+00
-1.348130903647414129e+02
-3.175334957660194490e+01
5.835931268312795339e+01
5.204412440772282622e+01
-1.106439781082450509e+02
6.706212516391092038e+01
-1.255249958706499172e+02
-1.354808783775368397e+02
2.834765195383368308e+01
5.436309521464239936e+01
-7.198800402844061352e+01
1.283839750153246655e+02
-6.431233790082599455e+01
1.025973934516341188e+02
-9.428925839013854215e+01
1.040858870626725405e+02
-6.633506822035869277e+01
-1.948265582906060729e+02
1.038974457537793228e+01
4.790917026421829661e+01
3.985808456821969514e+01
1.097338339762824155e+01
-5.229342484392482504e+01
-5.241680770766364361e+01
7.937899384319779017e+01
-1.144447113790004380e+02
1.016738647764711878e+01
-9.003689953465183748e+01
3.262455637576928069e+01
4.993238472859946597e+01
-1.977781764613920927e+02
8.599797477862836104e+01
1.360586597240697131e+02
1.150697392501492970e+02
4.513799117660575178e+01
-9.909195806068430556e+01
-1.304861870395658627e+02
-2.593415966020825891e+01
-4.178442953167110829e+01
1.116402877045793502e+02
1.046739364705601787e+02
-5.661870233848669187e+01
1.666109176976032415e+02
5.671490448796470218e+01
9.312996295819151271e+01
-1.592163458117715038e+02
-2.946271907483745878e+01
-3.685193903305732732e+01
-4.703545453165559564e+01
-2.950313313166181217e+01
-1.067684285001013933e+02
1.380035577594050835e+02
-2.530811687620565209e+01
1.424599004622413077e+02
2.045621769484825734e+02
-8.526021104550316476e-01
1.287233699923364441e+02
1.796235956817057300e+01
4.910718775164551886e+01
-6.952346253565422352e-01
6.968151120165033774e+01
-1.525050141350690502e+01
-2.325668133361470780e+02
2.332681606431391685e+01
-6.905257782228986230e+01
-1.375279008363809510e+02
1.587463451548350974e+02
-1.776598929719319031e+01
-1.286745305867548872e+01
-4.936282344726595994e+01
5.622145920710159572e+01
-1.544773121034044152e+02
-1.322627337122487390e+01
7.500239827704638174e+01
1.095373054065163956e+02
-1.109449186902606499e+02
5.596295412103288669e+01
-1.737586557742578179e+02
6.234291672823894004e+01
5.697831691385669473e+01
1.258823639494663915e+01
-9.490505690630064350e+01
1.471636147335511566e+02
-5.047684679690394915e+01
5.731396173406450600e+01
-6.361573316781335308e+01
-7.164457619807414801e+01
-2.925351595424076478e+01
-5.415453900992194036e+00
8.353160670139868671e+01
-1.184164808578067039e+02
5.103715863296421240e+00
7.502382711166582396e+01
-1.112243056834916359e+02
7.027807244406323761e+00
