-1.141662858274570347e+01
4.352282266307441461e+01
-4.276450705682096398e+00
2.319850608160638785e+02
-6.501599706449573546e+01
-3.935208066114839198e+01
-3.428874774043735130e+01
-8.052425016820504311e+01
5.062459326389262060e+01
-5.311656137447954507e+01
9.312315527273991478e+00
-5.221143609293687149e+01
5.493719703831767021e+01
-1.800963558365351105e+02
2.893089384086516347e+01
-1.678846162103443191e+02
4.466357561670220377e+01
-3.069787806257998142e+01
-3.025332470911967064e+01
5.037253132543142442e+01
-9.539358704777590958e+01
1.454490350944799104e+02
-1.396472681661238084e+02
7.615525957393333556e+01
-8.680868518047542182e+01
-1.704245497492750516e+01
-9.423652277727319415e+01
-9.617267674014264855e+01
-4.166193279275093175e+01
-2.130229174689846872e+01
-1.495559750642776748e+02
1.460199587321076251e+02
-8.603748956872513531e+01
5.181085526845413369e+01
2.685333755972094139e+01
-6.477711181359278214e+01
4.745329096385793832e+01
9.763627849169068895e+01
-4.509064218788421385e+01
4.882673824053548373e+01
-3.657993246801084553e+01
-8.588312301456086573e+01
4.460051332031682136e+01
8.874309760489137489e+01
-5.207229264197452778e+01
-4.913664606462871376e+01
-2.944712910488139812e+01
3.289381451427311021e+01
6.865276385127032199e+01
2.132988924941543729e+01
-5.365328296935010677e+00
2.850265000562145090e+01
-1.653661794470657185e+02
1.118414695092183848e+02
-4.811238354848324406e+01
6.858475346478689971e+01
8.285538656626114573e+01
1.481188301618954313e+02
9.118709852633543278e+01
-8.426147182836646721e+01
-1.029092794662494370e+01
-2.992042156768195227e+01
-3.988572253386067246e+00
1.246097159901634512e+02
-1.798136989098323681e+02
-7.225512657348730272e+01
1.321079995534562386e+02
-1.553809195985533442e+01
5.296370540013992212e+01
-1.192744058934101190e+02
-9.192146874576235405e+01
5.753165193623391360e+01
1.374828497351078056e+02
4.416825679217020451e+01
1.075676502015450495e+02
-1.412514716038944940e+01
7.923936219889074550e+01
-3.518053103524866287e+01
-7.879768866997219234e+00
-7.465345351812725028e+01
1.991183343416835072e+01
-3.087760847081073123e+01
-6.690103743755764221e+00
-7.435001696107048019e+01
2.868814426013195629e+01
5.597654243426386511e-01
1.777938368892693006e+02
5.838741733415377411e+01
-1.399505870754046839e+02
-4.245355194991370240e+01
-7.762028383980938884e+01
-1.156988837521604410e+02
4.893893254694898332e+01
-1.901456154921139685e+01
-8.649961771577488889e+01
-2.379278354458860534e+01
-1.988664606214009467e+01
2.924023852277763069e+01
4.975480939421051119e+01
-1.095531381526548955e+02
-3.065763002488126787e+01
2.429703421919839101e+01
2.788755109160729262e+01
-1.568741241262274002e+02
7.136058366181002555e+01
-2.327894824685072450e+01
9.405121929885824628e+00
-1.143147914046087550e+02
2.649351777080838488e+01
-1.433386972530282932e+01
-1.177658259869023993e+02
3.939037846649952002e+01
6.750849949061473865e+01
6.547762335566871172e+01
-5.241472457397328100e+01
-2.678280656958418149e+01
1.552970332756712253e+02
1.251109659681628017e+02
-8.318494592859450165e+01
-4.866004493668851438e+01
-5.095913750113740548e+01
-6.590457520269042391e+01
-7.196642811380988292e+01
-5.193765270531812028e+00
-1.744323847587285456e+02
8.803789047768800913e+01
-3.995219289151788189e+01
-1.965673609563535535e+02
6.678912911909857542e+01
-1.262646657408255493e+02
2.405488838175835475e+00
1.789051887651825155e+02
-1.611499202112815112e+02
-4.487613909828619541e+01
-1.370755979293430187e+02
-7.207426687825041256e+01
-1.786744934128620059e+02
-1.949112493369928814e+02
9.378481461458619606e+01
7.144694108418920564e+01
5.226592958009933199e+01
2.130598686087108007e+01
-1.488717869722125542e+01
3.494533113236330735e+01
-1.549991285281354578e+02
1.472715289995841488e+02
-1.045930223898731839e+02
5.363656841145970589e+01
-9.179546714630781423e+01
-4.972596342714277284e+01
7.990167278029699105e+01
-8.070547209243201792e+01
4.601017722637582352e+01
-1.240191221947745959e+02
3.889403142305115324e+01
7.432048713926529615e+01
-6.715296954934994567e+00
2.116558561118510084e+01
-1.026303507800476211e+01
-4.626303060990149874e+01
-4.757745413797402989e+01
6.737679699652514387e+01
-1.548725658122304871e+01
6.234197455267654675e+01
-4.155651825837565383e+01
2.231310013846363915e+02
-3.310540298807516990e+01
3.654221737882220822e+01
6.253714356299129662e+01
-6.130920638304476000e+01
-1.306788771009191237e+02
2.443201254427742981e+02
4.280648110114933758e+01
-1.654155048684269502e+01
-8.931286042653414370e+01
1.574788124749635720e+01
-3.040723408359292890e+01
-1.061574526498211384e+02
-1.471514424383678659e+02
6.321285616926292761e+01
-1.348223969181379900e+01
1.844918128915205102e+01
-9.553769760314516191e+01
-1.283033924892475852e+02
1.726600773785190484e+02
-4.928336177276093366e+01
3.983216973235395475e+00
-1.252116912309966601e+01
3.415973207901848774e+00
3.735830543228471079e+00
-2.780141557369465843e+01
7.856638021655552961e+01
3.244902031292078703e+01
-4.585883098384163503e+01
3.512565258636903565e+01
3.627725106850373038e+01
3.627641010824329015e+01
3.983380285227016060e+01
-7.711696221472814727e+01
3.308929634409157927e+01
-1.360418729920182557e+02
1.482615708981564069e+02
1.309137661763263907e+02
-1.390401655712986155e+02
-2.800004988052455701e+01
4.819591099948544155e+01
5.839239488576089876e+00
-7.943889458141531179e+01
-3.992953223203983981e+01
1.713697423027195441e+02
-6.188223483714555329e+01
-2.794729107774667298e+01
-1.199066997229945457e+02
8.312173877627607510e+01
7.399401194261835712e+01
-3.228419089054611391e+01
2.308554000054390087e+01
2.855297779795232316e+01
1.095474670097316583e+01
-1.088038105184658804e+02
9.016799607791408278e+01
7.321000909600218165e+01
-1.131762287160820613e+00
3.246768670843456306e+01
-2.711720876661473767e+01
5.482810054286827040e+01
-1.227071877198931915e+01
2.186671176405750039e+00
1.335134105056534182e+01
9.434737912459728193e+01
2.783626462127106738e+00
-9.082720110324962093e+01
1.316790880381062934e+01
3.180554042829054495e+01
4.873879779524586553e+01
1.391028251329279186e+01
1.151292464826862556e+02
9.889891815301683664e+01
-1.130979809323210077e+02
1.356218397275322562e+00
-9.103664635826059737e+01
-7.824486578915555413e+01
1.468588417467372267e+02
1.164510050403709442e+02
1.618375494308653515e+02
1.418982136759450157e+02
8.742393621586295183e+00
3.970332041505523080e+01
-5.961234530447604385e+01
-2.506741518612474806e+01
2.874201506275881357e+01
5.654068944522273910e+01
-1.368047824958430851e+02
7.310419573705664220e+01
6.717664039330820458e+01
-1.273982929512122908e+01
-5.180242276678414015e+01
-5.768252372948456497e+01
-1.984547312288650858e+02
7.479892442295738419e+01
-3.267511652779811726e+01
4.640317009595466402e+01
1.383600371252468051e+02
-3.436653327929759882e+01
-1.722323731893693122e+01
5.403964249055019931e-01
-5.954064884907642607e+01
8.550533864485564095e+01
1.514988418721857499e+02
5.859024255859868902e+01
-1.620838677626619528e+02
2.465761202329186830e+01
-1.318703598746901307e+01
-3.110611293859160043e+01
6.890411503465996645e+01
8.442487395486670820e+00
-4.864828512907410385e+01
9.895467125572924516e+00
2.808148774706808837e+01
6.054427123950639356e+01
-3.183340044409630210e+01
-4.079785803366905128e+01
-1.093154291724018350e+02
5.856939849231214623e+01
1.801027413535219424e+01
-1.432987617362236108e+02
-9.930940372142094930e+01
-1.168063285641786990e+02
-2.304594774143069458e+01
-5.135596786920132217e+01
-1.638767522657976201e+02
5.107109796040756322e+01
-3.586735722294503148e+01
-9.719403220869705251e+01
1.430902351991793182e+02
6.091556093920288362e+01
3.378987942716609183e+01
1.593231722895794462e+02
4.190707438650488825e+01
2.585288029396533460e+01
9.912596555933468778e+01
-1.753742843519918324e+02
1.037527380994070541e+02
-7.692223066585854951e+01
1.079625656314068038e+02
-1.868546556098482370e+01
-3.558609797060656632e+01
2.102853323741789211e+02
-5.523666960990411212e+01
5.175645310477447225e+01
-1.122524254221182929e+02
1.835145662079664817e+02
4.958598853547994878e+01
-1.397845182637545349e+02
-1.365956298272746210e+02
1.130323642142683838e+02
9.731545374078926613e+00
1.651662827632349888e+02
-1.367994980991348086e+02
4.540484263124971420e+01
-5.792647562084803781e+01
1.017967590624757861e+02
-1.263754458253959285e+02
6.121399762296336178e+01
1.187533973186208556e+02
-5.246025807776776162e+01
5.830455814424126260e+01
1.749465216211433471e+01
3.980845629640534611e+01
2.817048133725094772e+01
-1.170172248005533930e+02
7.727665487569201019e+00
-1.139566478774999041e+02
-6.736008099423152373e+01
2.996203591127182335e+02
-5.198719014288747076e+01
7.100782084807890726e+01
-8.677947823713080311e+01
-5.976606902456580173e+01
5.517222966684494168e+01
-1.103095029252679460e+01
1.324823307720598393e+02
-1.301035415645097544e+02
-3.918468730489369278e+00
3.703250315929594194e+01
9.208339778996875680e+01
-2.149317157749208107e+01
-1.639083170091745103e+02
9.549874134290232064e+01
9.304275929553223534e+01
4.290065375760053712e+01
1.314239678625943952e+02
8.450636440026988794e+01
1.663467269402736122e+02
6.483894167941450348e+01
-1.750470441702799747e+02
-2.920687531393638015e+00
2.043397689288406980e+02
-5.001021807326278434e+01
1.516910991208231074e+01
-2.761932970004367149e+01
-1.317678613000088603e+02
6.036118496193851968e+01
8.778457405231044675e+01
-5.402203097275411636e+01
2.114630855768998856e+02
-4.669436434000112257e+01
-7.497318294211690670e+01
3.711649968999494575e+01
-4.261545232389001825e+01
-2.053567206698713576e+01
-8.493583377202841689e+01
-4.755672338486944994e+01
6.112093216382552185e+01
-5.931265117199090753e+01
-1.057445677264012005e+02
7.374044186447602556e+01
3.005829774535144594e+01
-1.681333038291158033e+01
1.031213147247678421e+02
-4.714030031894982642e+01
-5.093101918546765461e+01
5.784712488181976653e+01
1.640296817035078902e+01
-4.121939111032620673e+01
8.315120367575293869e+01
-1.013082701997892165e+01
-1.278690024891712085e+02
-7.977567188118450758e+01
1.843810685005344112e+02
-1.527833863022386538e+02
-1.134781434256031503e+02
9.508463048383606520e+01
-7.679325440820522886e+01
1.326337054683572489e+02
-4.930621917156378231e+01
-2.296591845400868692e+01
4.130441855285699404e+01
-4.668138142275001456e+01
-1.710336990119780864e+01
1.575703710335921137e+01
6.262079906732810741e+01
8.979536178497983911e+00
-1.233917926733940220e+02
-5.842241607629551936e+01
-4.438835968731248016e+01
-3.438412298140162449e+01
6.516421467169574555e+01
3.999170147267570030e+01
-1.614389993673811148e+02
1.501924009379528115e+02
8.677360295238531762e+01
1.456717299951235702e+02
-5.308955509948455642e+01
1.278784486525724873e+02
5.011520183464588385e-01
-6.395375329194794034e+01
-3.926420562700633354e+01
-3.421919174617221948e+00
-1.009499837357695284e+01
-5.063278242350237690e+01
-1.918788598035207116e+01
-3.117812393909209590e+01
2.642770505326257435e+01
-1.169135585291425770e+02
-6.745302238132192940e+01
-6.068558377751626409e+01
1.263074745117035746e+02
-2.160106940405283638e+01
1.676325727957254230e+02
-9.477870804075715228e+01
1.523894982357391070e+00
9.668378206435681932e+01
5.814782463042150518e+00
-7.547175677528635163e+01
-4.398652809423944632e+01
1.680768189092376588e+02
6.249561563076708381e+01
1.427552890169613988e+02
1.469968624727149020e+01
9.568782922903373844e+01
-8.506190664320332928e+01
-1.272956372449416129e+01
7.120549162471645843e+01
3.807792005950341974e+01
-1.155276832367029982e+02
-7.993688799958549396e+01
-9.775694961445469744e+01
-7.604107115861314981e+01
2.001849133079966592e+01
-6.752227841784606710e+01
9.926912095633376509e+01
8.502727347560215776e+01
6.886572614379467439e+01
7.131183203413955951e+00
8.373451039974224841e+01
2.373900248797366075e+01
1.493587769705227402e+02
-1.040380446919535586e+02
1.646529423108797516e+02
-1.949609866783546579e+02
7.686604068563879366e+01
5.134549994089759650e+01
1.236384347584636600e+02
-5.329915560150245568e+01
1.256715656740794884e+02
1.557809686114698167e+01
-2.016713451980079128e+02
-8.988508762381146155e+00
8.418095547540950463e+00
-1.286051446219910765e+01
-6.043060068498452608e+01
7.296069888495449618e+01
-8.354688901234498033e+00
1.515846276704419324e+02
4.202633193880075879e+01
4.795381073913216596e+01
-7.342032038376744651e+01
1.088924299774446780e+02
-2.980588481313641225e+01
-7.931021213961516025e+01
-2.736595021768008351e+01
-2.487330166400109377e+01
-6.234414308653971659e+01
9.561223247614169196e+00
-2.535180576599916691e+01
2.767017827303534716e+01
-9.167267522515018641e+01
-1.240721245915229503e+02
1.517595175060535695e+01
-5.126554695508639981e+01
-1.046776410280448459e+02
-6.482927111792479380e+00
-1.808103710338009478e+02
3.394279865149822939e+01
2.908190954946230988e+01
3.033216825415848561e+01
2.593704940733099207e+00
-1.092166166708754815e+01
1.282003956464961725e+01
1.260816349627649657e+02
-8.282646554812851392e-01
8.536862577168837163e+01
-2.206433407899325161e+01
-1.130941622643073430e+02
4.184931526432317028e+00
4.272633293859205139e+01
-5.344676706516216314e+01
9.141974999399938895e+01
1.045710318785106097e+01
-7.022242696426116026e+01
4.272245491857055377e+00
-9.720706455655212608e+01
2.523412181717839786e+01
-1.531860950832933952e+02
-3.513098282904253189e+00
-4.489049466540772215e+01
7.684739629818051299e+01
-3.118560123734651768e+01
2.211871396435960335e+01
-9.583189850597536008e+01
-1.166912960655582232e+01
1.259752984436668388e+00
9.163107231513740203e+01
-9.726276933421901560e+01
-6.970217731810207340e+01
2.885368756873942289e+02
5.207876433868766242e+01
2.867672681656413758e+01
-1.950704778960991632e+02
-1.339396783974546956e+01
1.841220359963517978e+02
1.400361658379659957e+02
4.635943233462160151e+01
4.436603198680191440e+01
-2.664697658488410070e+01
8.151099770494630548e+01
1.213321484640225805e+02
-8.923868628299779004e+01
6.623172746099389485e+01
-5.713299247470436271e+00
-1.579800840872474055e+02
-6.062842630615294048e+00
-1.127462838115334023e+02
-9.388487701499089155e+01
1.263502961036627958e+00
4.337396921857637722e+01
7.274080463103204863e+01
-5.175051024528906396e+01
1.519723610269336120e+02
1.385529845336275798e+02
-3.779845635174753937e+01
-4.855537668009767316e+01
7.674599647737346686e+01
2.088352841831152418e+01
1.724879164147216386e+02
-3.397474792394115894e+01
-5.256525476051273671e+01
1.773880436651115247e+02
-1.091804680335696958e+02
1.703602606079128279e+01
-6.180628671401611740e+01
-1.083956065592625784e+01
2.477504737170596627e+01
6.984657884835714015e+01
6.332398682841623838e+01
8.737878966004976178e+01
7.812602664571224409e+01
4.887256225960824096e+00
-4.555005164968940790e+01
7.728385053592334941e+01
-1.920647344119872812e+01
1.119853756729164118e+01
3.173176787162717361e+01
-7.810968978554680575e+01
-1.031559852707324865e+02
-1.941919455025642947e+02
-1.342211069906520606e+02
-3.673196785953239640e+01
1.330558621481868897e+02
-2.937640449329088455e+01
-9.295378274923601225e+01
1.073755974540594877e+02
1.537991943941376292e+02
-7.558763399143096251e+01
5.646930327112891490e+01
4.336754182184660777e+01
-7.017970114561840944e+01
7.100253113307466890e+01
-6.668084369557102775e+01
-2.848319988673330982e+01
-5.219944608840835087e+01
-1.038316525364443663e+02
-2.644321514331058154e+01
1.785333740908129414e+02
-1.877507538537282699e+02
-3.250555806117267110e+01
-4.791458986552338928e+01
-7.146346216574924881e+01
-1.129088008107960235e+02
-3.999093185676402129e+01
1.347807184092728789e+02
-1.111820680549625138e+02
1.490875228563587314e+02
8.119722032366652797e+00
-1.634197353981559075e+01
1.023131462710358335e+02
-9.134337898240987386e+01
-6.529952017384241003e+01
-9.792991045128334804e+01
2.192783508503985104e+02
2.463864889969580219e+01
7.214828647092012659e+01
-3.638705973661333815e+01
1.576519261007915134e+02
-1.306666644161592785e+02
4.427058532180346617e+01
2.998915123849257824e+01
-7.687534198464624069e+01
1.420579157719989780e+02
1.580477841677651796e+01
1.423795216664693726e+02
9.906100958944942647e+01
-7.084547620849537708e+00
-1.530321497950517653e+02
-1.634251688151194770e+01
1.022022497252326012e+01
4.909982726991789548e+01
-2.704390774594436380e+02
5.211452742237535318e+01
-2.050808105529214842e+01
4.375548967828684965e+01
-7.372511871682503681e+01
4.081095976809184123e+01
-1.317887400303555268e+01
-1.760780699859738547e+02
7.782410716056118360e+01
-5.997211417225785368e+01
-9.007481390270270083e+01
1.844197589292677364e+01
-1.593047774553014051e+02
-4.147861667915580597e+01
5.538845048576808239e+01
1.432056945776026566e+02
4.521231028852440659e+00
-8.458259498759325368e+00
5.393659268791726191e+01
1.134504425306784583e+02
-1.131220447783393297e+02
1.691920155202104468e+02
9.332065882372471322e+01
-4.369643047403367575e+01
-6.779947859174457392e+01
1.377731685532618826e+02
-1.831798799675515852e+02
-1.213457993700161666e+02
6.989706800090317529e+01
9.078513297178120922e+01
1.423683506259121714e+02
7.085864922286336309e+01
1.352563968424130110e+02
-1.954967046364716055e+02
1.670016620402152796e+02
1.516739175940982705e+02
-4.401581011297493973e+01
-5.709872200259228237e+01
-9.985851885880519774e+01
1.672166088706504183e+02
-5.361791152227615953e+01
8.575167010200390294e+00
-1.086918901497658680e+02
4.731842534985408832e+01
1.676986244278312554e+01
-4.485853478732228439e+01
-9.189855650802334708e+01
4.441874043841397679e+01
8.498960215892768133e+01
2.328430066102304465e+02
2.813220579647430597e+01
-1.544972443877327706e+01
-1.262036800389782769e+02
-1.878556918129087094e+01
4.526920318149114308e+01
7.840317412814050613e+01
-1.110933476207620529e+01
7.656230765128603366e+01
5.497467838232505066e+00
-6.370551610949604537e+01
1.192699270100142783e+01
-2.216907928398451944e+01
6.579504839663910332e+01
6.647550510350144215e-01
-1.462215845640947407e+02
-3.594569017422230672e+01
4.662282124783056503e+01
-1.703336850591924190e+02
-1.926284894997502022e+02
-1.074569962505517822e+02
-1.883353166554094571e+01
3.608221846925970766e+01
3.875327311876009162e+01
3.675879808249511882e+01
-2.155431846885143798e+01
1.581428661441355032e+01
5.474639738748084028e+01
1.739627434706761164e+02
-2.577090039612517458e+01
2.871431199592841921e+01
-1.010969055413034212e+01
-9.766193097985433269e+01
1.537085810978677891e+01
-1.640496387732652579e+02
-7.641587313138852267e+01
-3.405780623423744657e+01
-9.630746694302166588e+01
-1.258704248412441444e+02
4.928006688598100027e+01
2.679434437886937204e+01
8.634885252406893130e+01
-3.494390518015958946e+01
5.029643739123652146e+00
1.024975891135317880e+02
-4.718015025463095924e+01
2.284853031744700900e+02
4.452734436881209845e+00
9.141343413753361347e+01
-6.770188958953519887e+01
4.505987146685837530e+01
-8.554841874905788757e+01
-2.435307046304608036e+01
4.168174138912949900e+01
-1.558134670020314871e+01
-1.246840892166937493e+02
-7.755041945592671482e+01
-9.717035013115813413e+00
-1.030474934154591082e+01
6.591223696548794919e+01
5.614394396973069945e+01
-4.222125672347421954e+01
-1.420602995192116396e+02
-1.519176072664604362e+02
-4.766980421817251568e+01
-3.360463043695252594e+01
3.995283712029023349e+01
-5.537794744492922661e+01
-7.557547052926605602e+01
-3.958857578359248919e+01
-1.304306719589754948e+01
-1.049247003090004711e+02
-1.391842583460099725e+01
6.428629267360931010e+01
-1.553455659416391832e+01
5.257162778987675722e+01
-1.851822798069914313e+02
1.105887849104983189e+02
-5.044096007250188052e+01
8.006888073620753232e+01
1.127875431860479267e+02
-1.696995070654201641e+02
1.250214884479808433e+02
4.585517806366868854e+01
5.489313736282849021e+00
1.784556710746212360e+01
-9.302251522053909127e+01
6.074906387076178760e+01
-5.616928709301673450e+01
-1.312329055226459786e+02
5.983789760622701692e+01
-1.350810311470712932e+01
-8.139542825732424092e+01
2.859853371634432762e+01
3.098398189811624803e+01
-1.717260654894118233e+01
6.982428809138063741e+01
3.261534317255399884e+01
1.050733682083322549e+02
6.251955289383474224e+01
-2.049527403319267194e+02
-5.949816011506484159e+01
-1.133218031492728350e+01
8.338838870200423514e+01
8.604507098027937673e+01
1.960474025924868968e+01
1.524713394052356250e+02
8.715710748326202406e+00
1.489431927016642589e+02
5.240839334041451281e+01
-7.880568531915693598e+01
-1.100152548342091876e+02
1.006444704147005496e+02
-8.851721694173900801e+01
-1.732223278129027477e+01
-4.897622463321979325e+01
2.242106210119720444e+01
1.869980958817034633e+01
-5.563976903220898862e+01
-7.656731352880463248e+01
8.976131840379181881e+01
2.576230673614166022e+01
-5.436934864198281048e+01
4.623243909639086269e+01
3.277578083588289104e+01
1.745797570706425290e+02
1.446422475523163200e+02
1.037286397618540406e+02
-1.442516193113600487e+01
-1.144473291118348470e+02
-8.680898509914628391e+01
-1.375960525948691782e+02
9.562650784498640633e+01
8.995795869985350635e+01
9.040421185502481194e+01
-3.825834885784615835e+01
-2.681990651658147584e+01
-4.199847501541102446e+01
1.795079925167926760e+01
-5.580045526918059551e+01
5.624591348104697630e+01
2.186858362604089479e+01
-1.304990774523679420e+02
1.773865957653977077e+01
2.502230975182694905e+01
3.276898360266255139e+00
-9.980669658632928076e+01
-5.590486931915383906e+01
5.584795925748150580e+01
-2.415865641058879376e+01
-4.700169466544918606e+01
-8.725927537397011235e+01
3.121825944894809624e+01
2.038163873387709657e+01
-2.643503923345828355e+01
-1.831444516963283036e+02
-6.747563984774713219e+01
-1.055967214748447986e+02
3.819943727804953681e+01
-1.875579501669506044e+01
-6.161409019018113753e+01
-1.094996858630537062e+01
-3.127480335685587320e+01
-6.897313354162801602e+01
5.881555560603554511e+01
5.000457960432794557e+00
-5.617467818032845628e+01
1.148251449377534641e+02
-3.592456303146428809e+01
-1.017516568264672259e+02
-1.104788239838796358e+02
-8.740476184027944839e+01
3.472053844252423005e+01
-8.433513613552680965e+01
-8.625037498389201573e+01
-5.610272664768807260e+01
8.472277969457479685e+01
-2.975380891894689128e+01
1.025238318287363271e+01
5.543081912701935465e+01
5.199962044214101553e+01
-7.758836444236602858e+01
-5.750060057258969515e+00
7.803964959569520943e+01
-1.246678056947995117e+01
1.620831456570561784e+02
-1.404566974889587812e+02
-5.389548268019625255e+01
-5.387694173508793227e+01
-1.072545854463815971e+02
1.527659806112227514e+01
-9.669954182947639865e-01
1.081801000979713621e+02
-6.406156557275714647e+01
3.147608012525398014e+00
5.050506399523335688e+00
7.933940787721772381e+01
1.046959008988652045e+02
8.142682119897348514e+01
-1.487755259439613376e+01
-9.439402989483623685e+01
-5.177483800517359924e+01
1.062743911882278809e+02
5.593521389630118534e+01
-1.375727093998927444e+02
1.943066228718981847e+02
-9.449352107509078280e+01
-8.637877729492237222e+01
-3.841952655092617874e+01
-3.859503216442075768e+01
-2.251824677826824654e+02
-2.926072979157136089e+01
5.267182804306895605e+01
1.740802943620310517e+00
5.922539644383950730e+01
1.873992443059289599e+02
9.102200719457283640e+01
6.135787958388740293e+01
-7.209720582160798585e+01
3.199127763570060523e+01
-5.356240964647533076e+00
-1.726772152747527400e+01
-9.794639511441535262e+01
-1.501110002111303743e+02
5.053097004396855141e+01
-8.991730854608231027e+01
-8.336292225188360305e+01
8.617053744043893460e+01
-1.447591302187101689e+02
2.622164162538928522e+01
-2.921171823051342642e+01
-1.306761691130804763e+02
-4.058431819885512226e+01
6.028892532520210779e+01
-6.101404078519239249e+01
-2.444063971131178903e+00
4.058916808956293210e+01
5.202068421445781610e+01
-1.740367541912473470e+01
-6.331121047414948322e+01
1.634171480879348692e+01
1.808025241668783778e+01
8.637010523389544403e+01
-5.594570904777280163e+01
1.279093018569185318e+02
-7.392800448312235595e+00
-2.192756028172172478e+01
3.424957647958973439e+01
1.117896175803171666e+01
9.538222264378282489e+01
-8.241466274198167241e+01
-4.372271159655283412e+01
-4.533120626990299940e+01
-5.840291587853821653e+01
3.385387653377710393e+01
-7.735959208622634264e+01
-1.923789869432139810e+01
-4.333079535923389614e+01
5.687644633100563674e+00
8.259417591145346904e+00
-6.532435255070872415e+01
2.023632229919784464e+01
-1.790596272102193609e+01
-1.615657799625653297e+02
-5.889209079429946314e+01
-2.872163389083497265e+01
7.730891321359285939e+01
4.203423750659574409e+01
1.636964055994550904e+02
-3.166643477120214456e+01
1.290376103558246825e+02
2.074764378326824854e+01
-1.081494761900166282e+02
2.567245494599365685e+01
-3.507649081177460459e+01
-7.321543628170458362e+01
5.440772991131532166e+01
-8.826842216261681529e+01
-9.160381699290826418e+01
-5.573390864358705699e+01
-7.418195688512535924e+01
-1.721690471085342722e+02
-6.140113056117385781e+01
-4.688708903569786912e+01
-1.105122829910719844e+02
-8.077642276761766382e+00
-2.209353810882423730e+01
-5.238634943234618646e+00
-1.312708229315609856e+02
1.133187572463419315e+02
9.568923199108716915e+01
4.292402569739791396e+00
1.415131006474469322e+00
7.602314023613580218e+01
-7.120304614485804962e+01
-1.160131779308406550e+02
-1.705316010551508299e+01
-2.097939191634301608e+02
-7.854665510890690427e+00
7.948159900987126036e+01
-1.894355115575004049e+02
4.597026974168192481e+01
-1.033001611663568440e+02
2.028778719631544902e+02
-2.735657873988684941e+01
-1.320926822829715945e+02
6.147255655458088341e+01
-1.011013756688873428e+02
2.950110701014486736e+01
-6.665708373230513928e+01
-1.236231541233661219e-01
-1.117083887182794797e+02
-4.291995390234564667e+01
5.113650984173245462e+01
-1.461152561880487326e+02
1.057824695487286846e+02
-1.451831355574608651e+01
2.034356875436832368e+01
-5.154678976095652132e+01
-2.349405640493842640e+01
-5.241800601701191198e+01
2.699950195716017731e+01
-5.316736579042645872e+01
