5.601491256183294354e+01
4.189130992170667156e+01
5.290245374139661294e+01
2.729856405302035327e+01
2.470348191912930602e+01
-4.980825919866110496e+01
1.908547353994191838e+02
8.338426846185829078e+00
4.122554525748950205e+00
-1.235045911345927863e+02
-7.610327965113870619e+01
-1.133912352462789386e+02
1.836065673722247027e+02
8.855819611346809950e+01
-5.771718159781415380e+01
8.444596929709810240e+01
-7.015199796272325727e+01
2.657552720937069424e+01
-7.085166200138057757e-01
5.423330207649229351e+01
-7.598855940079349125e+01
8.254154962981139931e+01
-1.377543743340185358e+02
-8.941117443182078262e+01
9.707545979242226508e+01
5.672487846532308708e+01
-1.152302660782504660e+02
3.296926721055616127e+01
9.716809892265595749e+01
-1.996902278794368968e+01
1.317214096927673239e+01
-6.423631368399890107e+01
1.670301666430702028e+02
1.420158848163068228e+02
-1.766157771938005396e+02
-8.133796716048951225e+01
8.809778432775500434e+00
-4.848600533222977305e+01
1.638449089010294202e+01
-1.000143837159511264e+02
-4.527876789245948430e+01
-6.207047690429094899e+01
-4.060069035214263522e+01
5.234667972381459577e+01
5.356799831491260733e+01
-1.584508995423220767e+02
-2.476952276590128932e+01
4.860041633145908868e+00
6.290237043148155749e+01
-1.060090062068640293e+02
3.917934394490774253e+01
-2.662675528899913502e+01
-8.154049968771570889e+01
1.259541351433234126e+02
-4.298100965432568188e+01
1.010938170671536369e+02
-1.051256968382758288e+02
-7.231850014050843356e+01
-1.285418248475936025e+02
-2.408300187175525053e+01
-1.881903760522930042e+02
1.477307582033208746e+02
2.166505814241157069e+00
-8.166806175489581676e+01
-3.771217432714713169e+01
3.953418211200637966e+00
-9.408034342963674135e+01
-9.746056891384277776e+01
9.122970130108105025e+01
8.494662201598914919e+01
-1.085974409065006085e+02
8.763531851466046874e+01
3.672270917389751332e+01
1.375695256522606371e+02
8.939520826023441202e+01
1.456746851343887386e+02
-3.440843277897138819e+01
-3.917932129581593870e+01
1.470571167652847180e+02
7.206749148234453628e+01
-7.942817850900820709e+00
-2.774425355179452595e+02
-8.930708244381283123e+01
2.184797151617154753e+01
4.329867559957083500e+01
-1.585868456587283504e+02
5.759262770964721057e+01
-1.864199089739641408e+02
1.229692747616603725e+02
1.575241013521431910e+02
-4.374708804713809229e+01
-6.778369685144535595e+01
2.284885309072916471e+01
1.913946547410476740e+02
3.396617207447482656e+01
-4.761921165976884396e+01
-2.047524527586976717e+01
-7.154093360808489876e+01
-1.029183145684155249e+02
1.305994027176550674e+02
-1.572866678978048682e+01
-8.952344602559267628e+01
-1.152706836463862032e+02
-4.540603928812096513e+01
1.290557814003826742e+01
-1.472998043324364232e+02
-9.759787703234366063e+00
1.147226535938560943e+02
6.636200216868699897e+01
-1.605579989981995581e+01
1.812973518290058053e+02
2.418859056586620326e+01
-6.850788091877285524e+01
3.602726317695782399e+01
-9.086177777416182266e+01
-4.517564549745087987e+01
9.536382566850789999e+01
-1.743724544376413519e+02
6.997729059331740586e+01
-6.793676298117807733e+01
-3.542985695094903775e+01
-1.198840788613871382e+02
-2.133642437692723437e+00
-3.262001838480535554e+01
4.774485769176671113e+01
-7.823168674644080056e+01
2.040160937014024682e+02
-1.789729150165092619e+02
1.894068222025110231e+02
5.940743048966289308e+01
-2.713052873120078701e+01
-3.533999419087565030e+01
-3.823014406760700723e+01
-5.505567604030022721e+01
-7.841083851058411369e+01
-6.227333799730087804e+01
-7.992860770179935237e+00
-5.359900423763122923e+00
1.351302053504705043e+02
-8.735553203843491588e+01
4.113612071362474865e+01
-4.870236427985400240e+01
3.933512864251818542e+01
-9.276052535805808930e+01
-1.284190883303244846e+01
9.144297275518867707e+01
-6.906611893596238616e+00
-4.774760293231826047e+00
4.747166850306562225e+01
-1.942146633488478358e+01
1.151003300341962898e+01
7.381880393510760996e+01
-4.499745915070201363e+01
-8.801478217829880180e+01
-6.444473919723718325e+01
1.240289008978556922e+02
-1.043524698787907923e+01
1.121827894094129618e+02
1.148904030416305915e+02
-4.585617883904848924e+01
5.107059908350676913e+00
-6.224260623527780467e+01
-1.037018775090717781e+02
3.329690299473782034e+01
-1.129110061709390322e+01
1.435477991628732752e+02
-6.423453952777991560e+01
-6.853933020209119320e+01
1.653542079771341378e+01
-5.403449451367600886e+01
-1.080964958309424588e+02
3.440785421505362507e+01
7.201090177495787259e+01
-4.518991560057946089e+01
8.783240389106072143e+01
1.215167686302013834e+02
2.743843775631867388e+01
6.631759878190588609e+01
-7.187710051322891047e+01
-1.250928608581623251e+02
8.898627852284066364e+01
-7.039385167687615308e+01
6.872033503024920265e+01
2.129726837233284797e+01
2.745469077820019876e+01
-2.543777233030047569e+02
-1.643930229688613665e+01
8.548435937977590982e+01
-1.977570067153655131e+01
-4.078157420461029403e+01
-1.095214727321342885e+01
5.181060271550071405e+01
2.896404361659174853e+01
5.760589383079682158e+00
1.073557151097025155e+02
1.526632331356223347e+02
-1.827720157905348799e+02
3.021061085986871397e+00
1.073561269018644460e+01
5.105243138827698424e+00
2.668867742441586444e+01
6.898022410804216520e+01
1.190585903734318691e+02
1.846992905566220422e-01
-2.220779934521441419e+02
-7.741664624660555205e+01
-2.817654267093871923e+01
-6.509322939590838075e+00
4.991410734908571456e+00
-5.016779526747225759e+01
-9.118627238598915596e+01
-6.129461005194624335e+01
-9.383392534218839387e+01
-2.408950647261741551e+01
8.416276543486544881e+01
1.208006301090940724e+02
1.150022353286904142e+01
-9.081704135160766356e+00
-4.919985106740252689e+01
-6.727896406492710923e+01
2.020408532580455301e+02
5.954414501355165612e+01
-2.037475712936987975e+02
5.374813841701097772e+00
-7.276498326669677397e+01
5.435861630273544165e+01
3.215599736595614644e+01
1.201613039310980469e+02
3.416294359830327920e+01
1.079616560933428246e+02
2.879871019280649591e+01
9.472275633870656009e+01
-7.216373464622762413e+01
1.015947946486228091e+02
5.055177189569607066e+01
-1.864493290579536833e+01
8.242592517991170098e+01
-2.426698132617485015e+01
9.345549472149150105e+00
-1.239300854097533033e+02
-1.740208236048495394e+02
-7.111142571111052746e+01
-1.900792584319924572e+02
2.185210812532441693e+01
-5.731199232959933454e+01
-1.043692461330103072e+02
4.117588552293533155e+00
-5.334666979589673730e+01
1.153800658452035321e+02
-1.080463112519284863e+02
-4.436160425817938346e+01
2.179404166765588968e+01
-9.041495996094475629e+01
2.043535091394427283e+01
-4.866644531737342305e+01
-4.643837688773373884e+01
-8.082739833558254361e+01
9.593394815043123458e+01
4.240972917424925726e+01
-3.218181134691688072e+01
1.008960467739954083e+02
-1.069379385022657232e+02
3.164013601450638546e+01
3.859638384324408378e+01
1.218885829791302626e+02
-4.997998122547916466e+01
-5.317563370007203361e+01
-5.589010558116305560e+01
4.181880042292364408e+01
-1.691600944169511820e+02
-7.120454728361639241e+01
-7.014461406817844136e+01
-7.156360049883228669e+01
8.591111367753207162e+01
2.286867254778979373e+02
1.511502643754525650e+02
2.067310269123643351e+01
3.233023705120106683e+01
-4.525199507663162990e+01
-9.263852010629511824e+01
-3.609323516959457301e-01
9.022460821317464763e+01
1.181827070185183572e+02
1.270384919370564774e+02
1.210959365674735579e+02
1.648480768078681535e+01
-1.252086608353811314e+01
3.330454703347817969e+01
1.968641860869428228e+02
1.741739197157460239e+02
1.060143963456334291e+02
-4.363912679236566561e+01
6.667836878589174887e+01
1.032525101556428240e+02
-7.835555847118639861e+01
-3.259408282366385379e+02
-6.464759367409397939e+00
-8.084865155045562801e+01
-2.835689955313032229e+01
-1.182769923165047032e+02
5.944392747798410426e+01
-1.269664444622194299e+00
5.509888990050413327e+01
2.626168999596530185e+01
-3.652899518250114497e+00
-8.019365636269471054e+01
-7.815150956066291599e+01
-1.193917959949163077e+02
-6.408563678442845912e+01
3.051506398576140100e+01
9.968437270954694895e+01
1.188421371914482023e+02
4.669779215798764938e+01
2.110670612124409473e+01
2.251287180755302231e+01
1.709308361426941190e+02
-6.797633935648485703e+01
-7.827988328787843386e+01
-1.182118195279698192e+01
4.018693391313615138e+01
-2.212182902939495222e+01
-1.006506159427040181e+01
4.504489151367197053e+01
1.084175742428115008e+01
3.160948194084517127e+01
-1.374639543110846063e+01
-2.671032327193928424e+01
1.245628146499125108e+02
7.514974213785987445e+01
-5.317696737257504935e+01
-6.004704739154303894e+01
-1.368008867952765115e+02
-3.037490230367354727e+01
1.027790592119343529e+02
8.754310376086901613e+01
1.052178426111881606e+02
7.632914811495415108e+01
2.481455266528053816e+00
-6.701412039356139871e+01
-1.213682293258027833e+01
5.293672485086614188e+01
-1.095739967894791249e+02
-1.089089993248759498e+02
2.008677517189821629e+02
7.892779003958519723e+00
-3.795930883422703772e+01
-9.709025964910756556e+01
9.737639192029519108e+00
-7.004410383392335859e+01
-1.922473210678514306e+02
5.371205324812638793e+00
-7.747199917373905009e+01
2.200073158174728292e+02
3.400166607837105204e+01
-1.065770911688279483e+02
5.268096499248440701e+00
1.348520797077924271e+02
-1.230486170230532963e+02
7.428776193771398084e+01
-4.981552130829050640e+01
3.132519251047163067e+01
4.474229035545506150e+01
-7.227748005277832988e+01
-1.041361975995832410e+02
2.436997972683878544e+01
2.258453431789783394e+01
1.278319714540729990e+02
1.206942733826608247e+02
4.434028101923448162e+01
1.046877312558429054e+02
-7.282341181601451297e+01
9.068108234524919453e+01
8.284774401132143140e+00
-1.480388342825866914e+02
8.793290961735856115e+01
-2.105025448949358591e+01
-1.027644957163030597e+02
1.064086977848710376e+02
7.541962515792187460e+00
-9.697949620482800981e+01
6.954282683888858685e+01
7.624003215755203655e+01
6.031384054475371670e+01
1.303585529145492785e+02
-1.481018353276267518e+01
-1.147435757285886808e+02
2.577462954916092031e+01
-8.314164137660510789e+01
7.492662111757766752e+00
-5.311527808726763311e+01
3.142927441634756036e+01
-1.037798776594360461e+01
1.496327198638922198e+02
-2.908405557520251250e+01
-1.483292289161613553e+02
1.024440728413104864e+02
-1.584902669032327367e+02
-1.719782037436447979e+02
-8.111810202127433911e+01
-7.618459150930873136e+01
-1.011810094619956004e+02
-4.825574458522166310e+01
7.589307028468777361e+00
8.026302843437342460e+01
-1.342229291039616044e+02
-8.123033371796641688e+01
7.750581484037911650e+01
9.740164984578900942e+01
-1.530907312610742110e+02
1.123360834543313871e+02
-1.883133418021940315e+02
7.612531884986180053e+00
7.425089399217627317e+01
4.406847549739691772e+01
1.650684404281459550e+01
-1.474867033210782097e+01
1.268246374147810229e+02
3.112548648209333280e+01
-9.174829306171749010e+01
6.049550130191798658e+00
-2.281560113554622760e+01
-1.092348024386405001e+02
-1.983932289077620936e+01
1.941982966058359139e+01
-1.239699677726534901e+02
-7.564901486190989033e+01
3.152573827787431782e+01
3.853780460522101770e+00
1.207078812588311081e+02
-1.024983843560897014e+02
4.507675213930490798e+01
-1.776637027160969922e+02
1.024514027088110737e+02
-1.300230694724574221e+02
7.181861204112774999e+01
1.577775262752933543e+02
-8.191003692078355414e+01
-1.468909890013117092e+02
-1.639815526665673673e+01
1.470823479199097221e+02
-1.392214863588330331e+02
-1.111338353085094894e+02
-2.930230862754272181e+01
-6.740683222136046027e+01
-2.399891176657941116e+01
1.441013992643617883e+02
4.050954710141874138e-02
-5.711536420034632044e+01
4.851620919312109592e+00
1.136770296266649325e+02
-1.665716172491273710e+02
-1.529565388933741019e+02
5.958464902697827625e+01
-9.099447971266913626e+00
-9.520967779111421692e+01
-4.505039853754378498e+01
6.315571074455060341e+01
-6.481433943918410989e+01
6.177789898779840883e+01
7.586953573692761665e+01
3.726129089552478035e+01
4.942964759367705341e+01
-2.510279500019523979e+01
-1.073847810988501550e+02
-7.866763731960031691e+01
-6.650283262739957024e+01
5.882764065640483153e+01
9.387536138536654562e+01
-7.867933158282481543e+01
8.392923864510967746e+01
-7.736791090369031565e+01
4.791250416952229330e+01
9.862220192439301059e+01
-2.690469406708502476e+01
-6.031368203975639375e+01
-5.780330240474877002e+01
-3.726870427854358070e+00
5.533685302136655082e+01
1.410169215323411507e+01
1.352482459587702976e+02
-1.992165353369638225e+01
-4.659589730114219464e+01
-1.015645677501513404e+02
-9.340457327065274740e+01
5.388423030551359716e+01
-3.262851806826063950e+01
1.349763302548493904e+01
-1.558988922477019301e+01
-7.514242932314931522e+01
1.546572821747275128e+01
-4.870682156351428915e+01
-9.630530177745873743e+01
-1.214141129577293654e+01
-3.874515146955197764e+01
-1.069034094200358425e+02
-6.159950966685402207e+00
-2.911811974425015492e+01
8.758035247945161750e-03
1.174932759561353350e+02
7.374030299269897171e+01
-4.843048850117553883e+01
2.197529876585597108e+01
-2.289875908268414761e+01
2.273106457671138969e+02
4.020491124407861605e+01
7.950921335607729645e+01
-3.873055277799238638e+01
3.198051780082910156e+01
-6.963945227532708770e+01
1.000666588404868520e+02
-8.958761400797595797e+01
7.155466648314917677e+01
-3.622476030160783900e+00
-8.459442550161782037e+01
3.387259341457497896e+01
-1.625072465053847059e+00
-1.488492349885770807e+02
-4.846966676515263828e+01
-3.374182805843758359e+01
3.044735760574564765e+01
1.042574876440799336e+01
-3.685883753675976315e+00
1.327349229588398885e+02
1.369492301550684203e+02
-8.318465512718168497e+01
-1.605166335531736479e+02
9.774534070579726119e+00
7.280820870348084384e+01
1.225179172187260264e+02
8.129342564014981676e+00
-8.833637203406752292e+01
-2.028561727425438121e+01
8.597058821154919883e+01
-1.644474664360335794e+02
4.669653887465586450e+01
-1.062867429458161439e+02
-3.584315517395538109e+01
8.753843974464693645e+01
1.152872853366603891e+02
1.130024736050925895e+02
7.346781773478569733e+01
-1.006377371005783345e+02
1.778056869119571104e+02
-5.342008684791163375e+01
9.719594683135896673e+01
-3.949392776355820089e-01
-1.201599370928489492e+02
-5.030762547620671654e+01
-1.571193528373648860e+02
3.084970913984601992e+01
1.545068585845856290e+01
7.408193276625286217e+01
1.359836359782928525e+02
7.722387720554863222e+01
7.584180114286388275e+00
-3.401987751863321918e+00
-3.791496960042054809e+01
-8.226498073938256539e+01
-1.470733029867431867e+02
1.104374580436420494e+01
1.477698440861776064e+01
2.250014360302488114e+01
-1.427687288428814441e+02
7.573019515581608019e+00
3.927262983454021850e+01
-1.260893600042592624e+02
8.021847791646786163e+01
2.003664981397708900e+01
1.236540136401622192e+02
-3.248507394082623279e+01
-7.458735649150413849e+01
6.169763222293483551e+01
-4.584785890819306076e+01
3.181377050440004961e+00
1.473050424629334714e+02
-5.149218068127366621e+01
-1.299526951840854281e+02
-2.797403205720730313e+00
-1.023084297314007785e+01
2.545706332014107787e+00
1.209344135137972671e+02
2.502055496328398831e+01
-8.411892140775448468e+01
-1.055148937336159776e+02
7.821011019979198786e-02
6.173680863523451023e+01
1.726147021523618008e+01
2.780349541488975547e+02
-1.115194991132345592e+02
-4.952373659811207318e+01
5.869686813833398986e+01
-1.092924421732885065e+02
-9.169150432092175151e+01
-2.011378157944314751e+02
-1.818292327400927277e+00
8.309292796147000004e+00
-7.497863226686031624e+01
-1.367158922295099366e+01
-1.910105222461397645e+01
2.032924056343605912e+01
4.796239808550127748e+01
-1.425440909794583888e+02
-5.847952673040592941e+01
-1.056267091265749913e+00
1.058656645808348458e+02
6.819436004554330566e+01
6.426081141144527464e+01
1.242543135795037159e+02
-3.858973070916644588e+01
3.083863550133804665e+01
-1.582056877688315524e+02
5.612099344991760574e+01
9.171627748034438810e+01
-5.398971335924647974e+01
1.193958850319633314e+02
3.393315615707312105e+01
-2.548751097545861555e+01
1.596333325851293239e+02
-1.633165717429888986e+01
1.330395158868233807e+02
-3.122246169718528463e+01
5.457516975650239033e+01
-2.964836870208607422e+01
3.498614023547015961e+01
-1.881721887514914897e+02
2.593189896244494363e+01
-1.195247918115142305e+01
4.906870670810729962e+01
-1.320811463511071508e+02
-1.331409460862161893e+02
6.824442613165095395e+01
1.008469855446201890e+01
-1.233318894732331117e+01
7.096078256677449403e+00
-5.015120462803341894e+01
-2.108903215775097095e+01
-1.452167396492880584e+02
2.208657351339839749e+02
2.820130632649476965e+01
-1.869119918306297734e+02
-1.083368861844900444e+01
-8.918016527692138595e+01
5.466571653349703297e+01
6.200238933113834605e+01
1.788348529207213460e+02
-2.840627953562838925e+01
-1.518660345006798025e+02
-1.794591222344286408e+01
6.030598165691168333e+01
-2.286499879570197891e+01
-1.019291584617157866e+02
-2.136073103706833081e+02
5.427526965558408989e+01
-1.171941858909134027e+01
-5.237727086780212460e+01
-6.336510843829204731e+01
6.176216996020637140e+01
-2.610289497049460010e+02
7.377336213297695622e+01
-3.972358684343094382e+01
-1.108718031286519476e+02
-9.463589323118256402e+01
1.397217706157753980e+02
1.493662929059012470e+02
3.786170292340925725e-01
-1.550565393606885500e+01
-1.029331732573673435e+02
1.113224207388589093e+02
7.713742282982772736e+01
-4.658600992741438063e+01
2.466822221516623870e+01
-1.159179840564612078e+02
-1.589431672032284837e+02
1.913122414576574926e+01
-4.761568752699279372e+00
6.153024468579535977e+01
-1.022494173930184189e+02
-5.430987463931186454e+01
-3.060712316357652441e+01
-9.531310163496972621e+01
9.127234308505136084e+01
2.706116163489936000e+01
-2.534701694096641518e+02
7.534417592461851143e+01
1.197442426806272486e+01
7.172710530124255968e+01
1.445313013854547535e+02
1.149640393243964240e+02
8.808786779963311631e+01
-3.014053051155706342e+01
2.477786813097301177e+01
-2.559942256317488685e+01
-9.001643006536721714e+01
8.185359195668301879e+01
2.498804757462974280e+01
5.624019631358591909e+01
1.073324767732619023e+02
-7.352436503671582102e+01
-3.487891904395723941e+01
-1.012772656938492872e+02
-1.246041853231097605e+02
8.225832702094598403e+01
3.999893472544675888e+01
-1.573234980097513755e+02
1.872189287872743302e+00
-6.965586421621692637e+01
9.422215648428412749e+01
-5.488392371307732276e+00
-8.333340995989712496e+01
-4.281592614891094684e+01
-1.463944591790024106e+02
1.216451757342330531e+01
1.259358712857709151e+01
-1.998792440134734960e+01
2.657291712836587294e+01
3.629134772702799694e+01
6.463366034324518239e+01
3.472213591941061273e-01
1.053814311313921621e+02
1.788743370848288237e+02
-1.165334938400781084e+02
3.953563027682626796e+01
3.286149055123723883e+01
1.027007093467136656e+02
1.271701761239851294e+02
1.794560502813604330e+02
-8.117528143251414008e+01
-1.179662254323071480e+01
9.168442643399566805e+01
-2.707332004802830738e+01
8.589632630352924991e+01
-1.128112517879472136e+02
2.983161090517342373e+01
6.887479281268760190e+01
-1.804179753713609671e+02
-7.424195583227378847e+01
-1.561547314005298688e+02
-1.781208855736358032e+01
5.757090401528642332e+01
-4.685129199248755327e+01
-1.473935711784905322e+02
-3.708353694429190028e+01
4.999305908354362060e+01
1.815995590598822389e+02
8.169993939778171921e+01
-6.315037153711187123e+00
5.018436803078014918e+01
-2.386502749369951459e+01
1.261161640064186784e+01
1.546526703320096203e+02
3.729147746737299229e+01
7.504869507462449008e+01
2.899855989335790341e+01
-6.544816953462935771e+01
-1.237188286372458208e+02
-8.551856734122551984e+01
-1.386685136927175677e+02
1.129007764595913983e+02
1.821311418765569101e+01
-5.639988120821882944e+01
5.628047937389957411e+01
2.091392426730013554e+01
9.471483500616595563e+01
-7.374070335624885786e+01
6.078273362861479967e+01
3.696751755544462270e+01
-3.030247348330279422e+01
-1.829494493042122940e+02
-9.876258584471615620e+01
-2.125283584786243196e+01
5.634165486163784209e+01
1.164078222314488471e+02
6.760988311583300003e+01
-4.700302294704296457e+01
2.032257006341390024e+02
9.545219625561426824e+01
-5.253328518917045642e+01
-3.662552209614746346e+01
4.005878904784191263e+01
-1.055061404717887683e+02
-6.713095701901607981e+01
2.810555879723535000e+01
-1.307350069509897494e+01
-2.720906784498619047e+01
-1.141879978683040093e+02
4.754634797976767402e+01
-3.286389773254882840e+01
-8.698552144417256216e+01
-4.050691836936982071e+01
9.741082997770701013e+01
-8.799686038356742301e+01
-8.568039614347333099e+01
-4.570846478644259037e+01
-1.232763664507189816e+02
-8.874805949272952432e+01
-3.464585986060092893e+01
-8.342538918394092207e+01
-3.733824851102446019e+01
6.122094056117509453e+00
8.280632773604126839e+01
2.744761518177982751e+01
9.188288148989698811e+01
1.313369274503774520e+01
5.167872578848613330e+01
1.080296336527544412e+02
-9.494911127344118995e+01
1.802494840856689393e+02
7.263660419937897927e+01
1.397006009784062641e+01
3.544906905240124217e+01
-7.525226880903268523e+01
1.193867417607460482e+02
-5.762304774763202175e+01
7.257912303923609443e+01
5.963163693907991103e+01
-2.077094413614620194e+01
1.199668443919943286e+02
1.674744944782353286e+02
-1.155397272810109826e+02
8.337728015891502764e+01
8.185020107392581679e+01
-1.548889824630204792e+01
-7.362533685026873798e+01
2.760880893226954624e-01
-7.456668496936359247e+01
8.180600162480287452e+01
5.609941860554827286e+01
1.029105635006689141e+02
3.471297015819991572e+01
-5.488062001208533047e+01
2.076332822190087413e+01
-1.921528453052288654e+01
4.940079466192970159e+01
7.004115926554608507e+01
3.364854370135100226e+01
-6.166434315077930961e+01
-2.146462191294826027e+01
-4.694164855743910891e+01
2.516441398749847380e+01
-8.442520461109563712e+01
2.012569815792079808e+01
1.915885313702552395e+01
2.577300951124239248e+01
7.731934528027308318e+01
9.067935174786013874e+01
5.350306361095217511e+01
-3.371588883286132443e+01
-5.971169779764542085e+01
-4.662650647252139180e+01
1.016835341047231367e+02
-7.002382473691588416e+01
5.715434665273610193e+01
-4.209538086274054791e+01
1.029719386242757828e+01
-3.274721330150461540e+01
1.006417409494426529e+01
-6.382831847091944510e+00
1.077455092031628112e+02
-7.029066702511344999e+01
-1.903972497361631433e+00
7.956728005240991308e+01
-1.948398682936976556e+01
-9.323346118955759820e+00
8.801826328011750888e+01
6.952497570392493742e+01
1.327301814046547968e+01
6.876012574071826577e+01
-6.184620012310140424e+01
8.542524498338076455e+01
-5.535080788129983631e+01
-3.869722656675914152e+01
-3.317709552570267562e+01
-4.488325646878249131e+01
-1.802888830405291003e+02
6.302819455754714539e+01
-4.418049835588578134e+01
-3.718234994970912055e+01
3.445201910281532776e+01
-1.157941538027205013e+02
1.096324435454235271e+02
1.537580967874726756e+00
2.268345715302304768e+02
4.432093699787717611e+01
-1.107947747922517756e+01
-8.138982550039521868e+01
-4.248441284799250894e+01
-5.334453298282435441e+01
-8.767402572805110594e+01
5.028382842140359088e+01
-8.848372530044917994e+01
-8.087551084207522933e+01
-3.841435847385250923e+01
1.706360029054046024e+01
1.335990094341497922e+02
-1.243545165280728497e+02
1.043910542800228285e+02
3.960081662672894254e+01
6.383224762277774289e+01
-2.042294764179582955e+01
-3.214229267258234302e+01
-9.276606398403482956e+01
7.653371356265246561e+01
8.325474104677208231e+01
-1.272813943483596866e+01
1.195919371768922268e+01
4.779926972308653887e+01
9.130895531538283194e+01
-1.883735063693764005e+02
5.028797116778721765e+00
2.141054706506702487e+01
-2.046492505222536522e+02
5.210071744939901350e+01
-1.225115600109621710e+02
3.003800275596633540e+01
-6.158030878788412821e+00
-6.581487384356738346e+01
9.956376732476815050e+01
-8.315808513282807723e+01
-1.523726914641163388e+00
-6.894153399608035215e+01
-1.321581615975375712e+02
5.018074409813451098e+01
3.192606397572776089e+01
-3.435756896901754232e+01
-7.672487013104209552e+01
-7.239169375823709629e+01
-3.384565024522066068e+01
1.534865191481516717e+02
1.116819362538449099e+02
-1.378908978523007818e+02
-7.149927669188478774e+01
-7.034649296830863818e+00
2.390797775038654294e+01
9.170949320093752988e+01
-8.932055608607241126e+00
-4.998747151102725894e+01
-4.052950333234798563e+01
2.869873957751734039e+01
1.473592655244165961e+01
-9.232091081105194519e+01
1.340721047506390846e+02
-3.537469556905018209e+01
-3.827913888882194016e+01
2.356646539111320493e+01
4.366806972588344138e+01
-9.324354220213859890e+01
2.475290915093650312e+01
-4.610349327351666915e+01
2.009961720856626641e+02
7.728427657211048540e+01
4.194116702013752729e+01
2.721403346601020985e+02
1.671044786330131870e+01
1.745925335927556432e+02
1.275828637487668402e+02
-2.745217501655674397e+01
-1.149519147805719825e+02
-1.321086780629640032e+02
-1.666883364825726233e+01
-1.984532258579245365e+02
1.143599662992424726e+02
7.126894577918208995e+01
-3.932014269134629103e+01
9.875307689843427283e+01
-1.648875396241354263e+00
-4.142330080707960605e+00
-8.686177696321233554e+01
-7.905713794395788341e+01
4.898263172639077823e+01
1.356389171990662668e+01
6.493318169827190900e+01
-6.363319130259998957e+00
-1.941788539518836956e+02
-7.768232542494355464e+00
-1.890215600341213076e+02
6.476189795986400100e+01
2.374519205846829806e+01
1.309323455478523783e+02
-1.244369285847964335e+01
-1.126626078337143468e+02
2.961440333530795854e+01
7.375493421995449239e+01
-1.330468701734657477e+00
3.899942612354254834e+01
5.042204071167896018e+01
9.678025656120189524e+01
8.503349577145770866e+01
1.424050737174433436e+02
-4.929550076797178093e+01
4.262491869546369827e-01
2.035167533152118722e+02
1.201341007099130209e+01
8.304243772313078864e+01
-5.777289515563458622e+01
-4.169675496551669802e+00
-1.562742824140950972e+02
-9.178593209373186568e+00
5.294398427191928391e+01
-1.921927580147179881e+01
-2.780742995947878526e+01
