-8.588711201042370647e+01
7.821314426093374550e+01
1.311644743532211699e+01
7.972633116335435943e+01
1.071753750885625607e+02
1.101715897279932364e+02
2.454486640856779545e+01
1.052601942895479823e+02
-2.324813188096455576e+02
-7.068477756370283416e+00
-1.510767341591012070e+01
-1.141243272826887534e+02
2.086267045166233558e+01
1.100719121309629003e+02
-8.464751717000939379e+01
-1.269694417056179603e+01
-1.219136268213079006e+02
-1.131375073460923142e+00
-1.261039076316106957e+02
5.640941489154213428e+01
-3.371311494706528578e+00
2.277485065209991610e+00
1.850613329947889554e+02
1.054482983054537328e+02
3.073979143806434422e+01
8.372561042950646737e+00
-1.032085813488599513e+01
3.652037254492532981e+01
-5.797627345431427415e+01
8.467876678280688907e+01
-4.146105936946624126e+01
-2.757953642662858940e+01
-1.993113323821105212e+02
-4.411922776010613489e+01
2.851047058440667925e+01
-1.484975931694571827e+01
-3.645752623037854079e+01
-1.178661980978989163e+02
-2.790021352985490921e+01
-1.336355496846482538e+02
-1.344993021676829414e+02
-5.724887505024885570e+01
-2.187225796692412061e+01
-1.783870988078916753e+01
6.506878012456436977e+01
-4.709808478992791692e+01
-1.051216466088274615e+01
-1.506444538082568272e+02
-2.369518431968902306e+01
1.584257003680815146e+01
-1.194228419337735936e+01
5.244910169517703835e+00
1.575139558833481246e+01
5.399441195880218913e+01
-8.138097656427231641e+01
-8.929708163865774395e+01
-7.108995201380679418e+01
6.088713537270687759e+00
2.116008209448627042e+01
1.774077306733471744e+02
-2.974805536070683232e+01
-6.097039762038429700e+01
1.061013632394688244e+02
-3.379186651123265506e+01
7.634884240614383089e+00
-8.681275347721087599e+01
4.033095574798073812e+01
-6.582965850007990838e+00
1.110488033929551648e+02
-8.677506630654073660e+01
-2.377848886513536186e+01
1.020452789477648423e+02
8.156627153003184105e+01
1.722980757307518616e+02
1.434174395155836805e+02
1.740787627109109224e+02
1.029182526225983736e+02
-2.050175485738473924e+02
-1.493290563100013628e+02
1.992159183150430835e+01
-6.155325170679860491e+01
-7.481458810221458577e+01
9.613594803482730811e+01
-3.472153014566751494e+01
8.000497863181588798e+01
-2.086770658326817696e+01
1.482271182451068370e+00
-4.823557257180704028e+01
7.263195845776154158e+01
6.714715419466604374e+01
-1.950084808242529277e+00
-1.315886895697348677e+02
1.299756181978056304e+02
-9.444397727651073637e+01
2.589197637945510877e+01
8.779603856865043099e+01
1.096105380358732617e+02
3.014743781357383767e+01
2.441866132744336504e+00
-8.787902561622743747e+01
8.609512613542376513e+00
8.270069071439984931e-01
7.136881231313505047e+00
-1.325585590970022665e+01
9.279830094472806934e+01
-1.043267866558471439e+02
-1.832627155559060483e+01
4.239040489547205581e+00
5.412526076300832756e+01
1.990759327037376352e+02
-2.739975272377740367e+01
2.877319262660964050e+00
1.256457159984325926e+02
1.104333696662732649e+02
-2.943329279339726057e+01
8.973173593529313763e+00
6.341107134819277036e+01
1.303235916402215651e+02
2.282148006165398968e+01
5.317959557823084538e+01
9.196565748173277655e+01
2.420991980300205881e+01
2.753179429204844908e+01
-9.439912333297682423e+00
-2.341388925209614769e+01
-7.048926681891667556e+01
-2.005746816481543817e+02
-4.045677582950679607e+01
4.000888085633592794e+01
1.293921668162935532e+02
3.402921404143277329e+01
-1.619653489001344440e+02
2.581164665853785678e+01
-2.034538627679702572e+01
-8.710984226813451414e+01
4.395785190453423752e+01
-2.237316836392145092e+01
-1.815156732965300179e+01
-2.033007840741082362e+01
1.378590724650584320e+02
-4.024840720131830807e+00
1.648998360564633359e+01
1.535842166231051351e+02
-1.280860080555081026e+02
-4.817660839490820912e+00
1.033553200216523891e+02
1.518205551157317927e+02
1.981920500281642887e+02
8.730223804552991851e+00
-1.018893245548050004e+02
1.119667372446060085e+02
3.434820357348041142e+01
-1.647222354755031404e+02
2.511642049546208710e+01
-8.072762253894273954e+01
8.849530646660416267e+01
-9.680155597462533024e+01
-9.825499009843902343e+01
1.175171700019860488e+01
-2.064477870949829423e+02
-5.356630371541664104e+00
9.480869985334986438e+01
1.567965559696662226e+01
7.890599015904375335e+01
1.271022354292226026e+02
2.673462512486139531e+01
-5.988771254011915346e+01
1.127981713567238273e+02
2.814639718493229470e+00
4.042180458658467046e+01
6.748461023698396843e+01
-3.355547626355491531e+01
-6.791756838590865542e+00
-7.940271225352579165e+01
8.746424752857669205e+01
-1.432292628441648503e+02
-3.826399021902555830e+01
-7.901581549320141562e+00
-3.966418271704519327e+01
1.139321369276232687e+01
-5.184442932803001014e+01
9.822470465681577423e+01
-7.971686510742936882e-02
-2.752162098073399576e+01
8.295272533537986703e+01
-7.355128163392410556e+01
-9.488586975609369745e+01
9.221009195389311230e+01
9.470634026132668737e+01
-2.719921402433685387e+01
-8.717340131029713746e+01
-1.606453727987236846e+02
-3.251301602036171801e+01
7.063477436940470966e+01
-3.570645977401971649e+00
-1.330748674317907501e+02
2.923484741190915415e+01
1.027624584952832123e+02
7.563982880083207760e+01
1.041821256049823319e+01
-2.333095399001683461e+02
1.744473434070259898e+01
6.798871290360715136e+01
8.280030825586726451e+01
4.536298293790285641e+01
2.806390085590677685e+01
-6.323433133805333739e+01
-1.158465485468432945e+02
-4.526226501922013767e+01
-7.777034861835778656e+01
1.756093038258335781e+01
-2.017639423286532576e+02
5.889141391927640967e+00
-1.406750797498278303e+02
-2.150463748757721305e+01
-1.098789426453945595e+01
-5.437169338166768284e+01
-7.493193670568915365e+01
7.400977429900868287e+01
-7.259850683534543236e+01
7.454797398581347068e+01
-8.319879911735137057e+01
-1.580714205304210225e+02
7.447013933489859028e+01
-5.674477888630300981e+01
-1.843626128423921386e+02
-9.534540088348323650e+01
-8.798887161004346069e+01
2.100506357065787455e+01
1.863319624280117921e+02
-4.327453467192380288e+01
3.725724685105717526e+01
-1.953200443464148250e+01
-1.006049084263235294e+01
-6.620086805159869137e+00
-5.470583214862810451e+01
-2.850628343143655030e+01
5.799066005919529943e+01
-1.165162232190233169e+02
5.684831856821968898e+01
7.345731687338685756e-01
5.917408464991333972e+01
4.523081523487901023e+01
9.989917323593212473e+01
-2.105807126223469794e+01
6.102164258984057454e+01
-1.279119446520145544e+02
-5.083275114804637695e+01
8.817329135621993430e+01
-9.533959458627784045e+01
-2.232741040082390427e+01
-6.651298295659306348e+01
-4.299007680350997163e+01
-4.680201221520191979e+01
-4.680157487325240950e+00
1.489452877627618363e+02
-1.614827397050077309e+02
-7.855231728267725089e+01
-1.148713979306005655e+02
-3.290535599999892469e+01
2.213583158248457323e+02
3.428067046379574379e+01
1.199036327893598930e+01
-1.059350571331282680e+02
6.901860066844176345e+01
3.591621000759189286e+01
1.373172369262371433e+02
-1.029920622147443510e+02
-4.355050179877768102e+01
-4.169951895775585449e+00
-1.038699037535094192e+02
2.098690581276893496e+01
-2.764867910202424284e+01
-4.878142749605644468e+01
-5.222794969698373535e+01
-1.456008203052087602e+01
7.103097816194657810e+01
-1.769248220865481755e+02
-2.302342055975619672e+01
-1.189565666431000324e+02
1.188233716638058866e+02
-5.674623987299457895e+01
4.986871982357590838e+01
9.453250504458722503e+01
2.574411848311041595e+01
-4.163259630462272298e+01
2.651096074156633620e+01
7.057546912459322641e+01
-6.025614186880178247e-01
4.469115355961854874e+01
1.476471018844567027e+02
-6.726901382425058529e+00
-3.705681328463816016e+01
-8.460579511043835055e+01
8.923775445725539157e+01
6.382698729394188319e+01
7.687770288249721773e+01
1.381468930334665579e+01
-1.924805472668794835e+02
9.612388383745802400e+00
-3.983279711074932550e+01
-2.096887629291768746e+02
-1.305263146411172954e+02
-1.439425802471226667e+01
-8.278410358735342811e+01
2.120269519807581204e+01
-3.912593468943740049e+01
3.843281811031166484e+01
-3.685424048565691635e+01
6.065179034080392029e+01
2.554008194030659951e+01
-1.151893425310114765e+02
-1.237585743192299859e+01
-8.598265626770978542e+01
-4.374143582052761303e+01
1.260560053359598811e+02
-5.134742970012706564e+01
-7.004174633129386507e+01
-6.490311405868335726e+01
-6.280222916404459710e+01
-9.071156846654764649e+01
-8.198756845799199766e+01
1.807245410527614560e+00
-1.761593106180962423e+02
1.318325623437874299e+02
1.605548654609612713e+00
4.542495401347975559e+01
1.711213658180241737e+02
-6.384514685754835739e+01
3.164085002119192680e+01
2.781163771794086159e+01
-1.140969502069647206e+02
1.195588632071064268e+02
6.914671169567108677e+01
-1.465918175083360087e+00
2.532274050035057300e+01
1.456746949837598493e+02
-3.450757525949723181e+00
-4.214417451766625078e+01
-1.263769407791618988e+02
-6.385110012594742557e+01
-3.861462081508535960e+01
-7.355967830262044060e+01
-3.661769054213877439e+01
6.007639516067087726e+01
-6.877783832269062714e+01
-5.459614627855456348e+01
-1.306109072146715562e+02
-4.276293240162948450e+01
5.901089278697865259e-01
4.727914469128570829e+01
-2.617707752987310243e+01
9.674963929284356823e+01
-9.785482412395444385e+01
6.490434124635723379e+01
1.935856665901876994e+01
1.666706872673613304e+01
6.794997319342829201e+01
-5.591101010644837288e+01
4.581601781925724737e+01
1.938958814230283068e+01
4.336677527639007224e+01
3.468769145853357827e+01
3.050100319676059613e+01
8.834159311913111878e+00
-8.485464078884599815e+01
-1.665269548207029686e+02
6.922015414341585426e+01
2.507311177346213338e+00
-5.631604285534722587e-01
8.257656604094914599e+01
7.851538320417671457e+01
-3.793544469423956400e+00
2.261076909239523403e+01
-1.237065779071454443e+02
1.539267469086030360e+02
-1.119350032462329807e+02
3.111970026421536417e+00
3.212054934421816910e+01
-2.913055465060227434e+01
-2.782772984629841417e+01
6.616744636382632905e+01
2.047218199684175488e+01
-6.105874276465609540e+01
-2.779561621076907585e+01
-2.614314486979971974e+01
-5.570789551866128164e+01
6.614782580124843214e+00
-5.358944530195431355e+01
-1.875642405728999620e+02
9.630542601540109615e+01
-1.046081568503619081e+02
-3.549132072286921868e+01
-2.543412304989904626e+01
-1.310632385231051273e+02
4.952777503263145320e+01
-3.259737922235591867e+01
-5.762553140899335347e+01
-8.516696575020127113e+01
-1.766093530884762117e+02
4.468266563450324469e+01
-1.904702321826642475e+01
7.668176927878552362e+01
6.425455309873669307e+00
9.029794091644887999e+01
-1.361501744608570732e+02
5.786305456961038374e+01
4.677158428695491210e+01
4.170952072013297141e+01
5.843153353024085561e+01
-1.066392537300390302e+02
-6.960781371185733235e+01
-4.752850974357236424e+01
-3.085219703779431910e+01
-8.955122036190346080e+00
9.811033288911134775e+01
-6.088221315867008876e+00
9.194310765794883267e+00
-1.704399923182661070e+01
7.991798819690085054e+01
-8.370902164112214905e+01
-7.115282288661127552e+01
1.883668020660110471e+02
8.138186262703457885e+01
8.027593206934398040e+01
3.204290481632916965e+01
8.697867001712937451e+01
-2.786917693418816810e+01
3.133042622318723858e+01
-5.155069627695108636e+01
-6.512136691662040278e+01
-6.709634885791800230e+01
-7.532552988974204311e+01
-2.335882420004997684e+01
-1.570718630908074829e+02
-1.284539809431968536e+02
-3.337293275906009171e+01
-4.473057829109647798e+01
-8.989094255871901851e+01
3.202586335558939368e+01
-8.557397139566165833e+01
-3.296237475518994131e+01
2.595506722710050340e+01
9.934123920598588597e+01
9.101975948549009843e+01
3.413788126928555045e+01
7.125112758291061255e+01
8.234732129252162736e+01
4.050697648610530877e+01
6.845586539640409285e+01
-4.289546575012190743e+01
-1.740695524850935172e+01
6.668843538415681849e+01
7.626840999430926615e+01
8.422883851833357483e+01
-6.980962449615567778e+01
6.105371330862810808e+00
1.429396548398789548e+02
-1.375631841907755017e+02
9.036775015490511009e+01
1.356967490196238657e+02
-1.260597395150286815e+02
7.769917383538779632e+01
-3.886612737171670773e+01
-8.524263681624900357e+01
-1.058290762988535505e+02
8.635883396689915514e+01
-1.561390622976876159e+02
-1.051515965422744756e+02
5.346264479985809714e+01
-1.147218285552307435e+02
-9.071722621993835389e+01
-1.345262764827844535e+02
3.293656048538829850e+01
-1.659095100649379901e+02
-7.762285949445238487e+01
-2.284889312046252563e+00
-5.947349524899367168e+01
-1.537376962342565037e+02
9.726094980096507925e+01
9.984643654619061692e+01
5.684382438737080179e+01
4.701317217026500117e+01
-9.074964897261008900e+01
1.106892013764900362e+01
5.096155790278519504e+01
1.178225959797515969e+02
-1.176328880749232724e+02
-1.405141841064638797e+01
-6.261368425853579112e+01
-1.297900279867637963e+01
-7.325750538580778937e+01
9.767341116946130342e+01
7.652130872753879487e+01
4.026745128026976062e+01
-8.293911747321612893e+01
1.104017859200459739e+01
2.283087373877238591e+01
-7.821290863389829440e+01
-6.755965224367106892e+00
4.557535522030443786e+01
1.218550741583229211e+02
6.282284109996537858e+00
-1.717561393039439679e+02
-2.370202726850196484e+01
3.546182421493240611e+01
5.361188820204631611e+01
4.902863965947042146e+01
3.953336937103590465e+00
-1.525288749685870187e+02
6.982328423934528239e+00
5.005854852669173738e+00
1.114728904739221349e+02
-1.405700603292595474e+02
8.212020080919478460e+01
1.311222775975828370e+02
1.184247621582722161e+02
-1.239811339849980243e+01
9.406236470386606641e+01
-2.526956815285826607e+01
-2.019336161204911946e+02
-1.699211529995359342e+02
2.346150798712165653e+01
1.584427624959937386e+00
5.636177895849068875e+01
-8.978905953766873438e+01
-2.156973781697970196e+02
-1.111205914991559638e+02
3.857628150243476028e+01
7.187558771487678655e+01
1.129942989301435219e+01
1.374044986414425580e+02
-3.300440516116667311e+01
-4.501598481408608166e+01
1.370346204055292105e+02
-8.858531363533208491e+01
-6.323607595359524680e+01
-4.783630680342581343e+01
-1.252021057933921000e+01
-1.239364683782023917e+02
-1.296836760486091293e+02
2.378623828146999486e+01
9.292345564978472794e+01
-5.150211174659042968e+01
5.274964965841707709e+01
-6.387319419998143388e+01
1.124326370196229874e+02
1.012250583859657382e+02
-1.115939266539953962e+02
-2.739806571166579019e+01
-1.645068841459635323e+01
-7.698274435679438454e+01
1.063584432245755664e+02
-1.713171582485492195e+02
4.494519079122115812e+01
1.372193619061137682e+01
1.909025737002598930e+02
1.192482383583710401e+02
-8.477825251120285088e+01
1.089156498699517641e+02
-6.866090465145774147e+01
3.466526805041177539e+01
1.713737417278780981e+02
-6.658137820939532503e+01
-1.405975147510438035e+02
3.515679940081349741e+01
9.397094514482115812e+01
6.783596629073863937e+01
-7.978705721221281522e+01
6.110972727676829663e+01
-7.537737689562740684e+01
-3.919657459189348714e+01
-1.307025573541774008e+02
1.436030247559770316e+02
2.177591440376718879e+02
-2.016045853378603852e+02
2.155738448084131420e+01
1.744216835155156531e+01
8.194747310866970835e+00
-6.010570606835479168e+01
1.284149003509258478e+02
-2.721416327162269155e+01
-1.442024942850198954e+02
2.079167906462666693e+01
3.951932103654866779e+01
-1.173114217703724336e+02
1.053820093099443085e+02
1.489132124520004083e+02
5.060249182407378044e+01
-3.742256611743669481e+01
-1.350655135568165406e+02
3.140920041378847216e+01
-2.699014309841566046e+02
-3.886724106092123066e+01
1.223757171894446749e+01
3.616474372753846644e+00
-2.782554840082367065e+01
-4.992326456948233471e+01
-8.642899768814562833e+01
3.199055156269610478e+01
-1.232627038894300568e+02
1.236379854164645131e+00
5.466152570944091593e+01
-8.297446561076311866e+01
-6.434039881886619128e+01
-4.038105517039821279e+01
-2.626460432953280844e+01
8.752631926012392682e+01
-1.306982539998361403e+02
-6.054863052348942176e+01
1.499679873500274425e+02
-3.861174117961387964e+01
5.148505416185906292e+00
-8.261433632185030262e+01
-7.467238909378050948e+01
-6.587456263272106582e+01
-5.177216715810273318e-01
-7.762348217711233644e+01
-6.643230067110008008e+01
1.576006776099320348e+02
1.154296571333116361e+02
9.108222274590404766e+01
5.926763468007265168e+00
2.559586392001409649e+01
-2.064121534110196592e+02
7.095593512969415428e+01
-7.234617617012902713e+01
-1.357998917751586134e+02
-2.967382789020670586e+01
-2.263018313739345047e+02
-2.256987797484515852e+02
-6.617112107502205731e+01
1.475909579560249085e+01
-9.417897656283865615e+01
1.481305346120516901e+02
8.914855308416321122e+01
-1.144122944321656092e+02
-1.062949232838652023e+02
-1.653766530455372674e+02
1.481074493470968321e+02
-7.911144329360539018e+00
5.816597206751118243e+00
5.552544746453492053e+01
-2.020280698769398384e+02
-7.940332029267842984e+01
5.387386837704139708e+01
-6.910057131984909518e+01
3.408385184249763711e+01
-8.119248913606577744e+00
-4.766912006987838879e+01
-1.356732048717909436e+02
-8.242537789582583230e+01
-2.483330752403979602e+01
-7.505269161565571778e+01
6.343805984456698965e+00
-4.512308324005866922e+01
1.744191267354718491e+02
-2.462232974613640657e+00
2.249751907813976359e+01
2.577262119700012022e+01
-7.250312620899873650e+01
-2.762674321838624891e+01
7.956640268331535992e+01
-5.944249776914894312e+01
-5.229629122846780120e+01
4.856856924230215355e+01
-3.651663527265659326e+01
6.534519274857453297e+01
8.568908910647134292e+01
1.961399769037008767e+01
-7.348852575782902186e+00
-1.263300818456105468e+01
-4.415777380175316580e+01
-2.980185618596073382e+01
-1.596148261635258336e+01
-2.269404877996525443e+02
-3.666847958061129731e+01
-1.638217140851539568e+02
-6.970360306759940272e+01
6.948734658039998635e+01
4.299064743287706136e+01
-2.988364424229235183e+01
8.834541347058032557e+01
1.221559616628111371e+02
8.298276980160819960e+01
8.317274012955668638e+01
2.057493241036521283e+02
3.684389264173543665e+01
4.994666433330034749e+01
5.393555636259738151e+01
1.852142104352899921e+01
-9.481367681681231119e+00
1.794523060417084537e+01
-1.151310904442552463e+01
-1.164101426942613315e+01
-2.144236950150332746e+02
3.237700343140807036e+01
-9.627710350198539402e+01
1.329161303097575910e+02
-1.629807943671421526e+02
1.361886770592265350e+02
1.788560886473158362e+01
4.578813914497455073e+01
-1.108389330049243284e+02
-1.356765765239768307e+01
-4.759474015551219850e+01
-4.977325197184520533e+01
9.063679520814245905e+01
-1.412579261277356579e+02
-4.853504760125034778e+01
-1.193308762533891780e+02
1.682832530799808524e+01
8.146436637355445320e-01
2.076116278349187283e+01
7.133363699706319494e+01
-4.448821985640496024e+01
3.548841585458431069e+01
-9.904147330915921543e+01
1.747979052258730093e+01
2.815617552950275382e+01
5.451392180426331890e+01
-6.322739041310774155e+01
1.394752989325498618e+02
-8.582112604059163630e+01
-1.358906230225510470e+01
1.695835409901437885e+01
-4.252019702187372729e+01
4.134055024332589312e+01
-1.704987634637686540e+02
-1.835454521846537546e+02
-6.142913612859350536e+01
-4.058472976721082404e+01
1.628678388414343203e+02
-4.176123496703628746e+01
-1.487041940784759220e+02
1.340340565509199067e+01
3.060373262721241261e+01
-1.314963449537407598e+02
-2.171713830334249806e+01
4.218569083578419310e+01
-2.362420451603522764e+01
8.210662712205858327e+01
1.099341024500946240e+01
1.056479230537296843e+02
-2.413183158258712524e+02
-3.239397369956465411e+01
-3.481465461658044092e+01
-1.891834787865603573e+01
-1.644727043273481115e+02
7.993953798350359818e+01
1.416060959670400905e+02
1.607728618233214135e+01
2.272953463160064658e+01
4.535837234195476242e+01
2.595524666548809378e+01
-1.983258907975826446e+01
-7.602141711734324403e+00
3.683663051973621094e+01
-1.576412971852427631e+02
7.945156946120530961e+01
1.204921489904199774e+02
1.228801516758123711e+02
8.142100284902568319e+01
-1.067592612362147442e+01
3.413073281908407353e+01
-2.468918165347440308e+01
1.287684171891289395e+02
-8.714284573199354611e+01
-2.648702414364465341e+01
-2.464665709161888429e+01
3.436090678564954715e+01
7.947331708270591832e+01
-1.679516969039185028e+02
-4.894015631691630830e+01
-7.954379551759710409e+01
4.965591132083062575e+01
1.358558291311948949e+02
-6.393337360915005263e+01
-3.766022345827069984e+01
-9.695165090678526099e+01
-1.250529886415414609e+02
-3.002794447159119429e+01
1.134975440801871258e+02
8.938887968950226082e+01
-1.073998687063969300e+02
1.571704144749841348e+01
5.224216828252126987e+01
7.177787990245572303e+01
3.293876944193561229e+01
-3.749005088841092004e+01
-1.174968275218105305e+02
-6.880304156047203890e+01
-2.472054763794417056e+02
-1.698112764639593877e+02
1.132874024402786404e+02
6.859591175288325360e+01
2.809008555627908876e+01
-2.236019498725597643e+01
-1.070657256790207867e+01
-3.911903710375867149e+00
1.352441772918135428e+02
-2.074102052331984414e+00
-1.352304693406544231e+02
1.774720466102508567e+02
6.124641324907273088e+00
-7.560842616224694446e+00
4.130199703569683578e+01
4.891450765002308287e+01
1.493479250391683166e+01
8.313995568019720395e+00
2.992682998350467187e+02
-5.897380579452414651e+01
4.563762313260784254e+01
4.905759048657428067e+00
1.415105644757136076e+02
3.764570494498298103e+01
-1.842463146102471683e+01
6.253334986237231874e+01
4.434910356841282209e+01
-5.081107108628773972e+01
4.043221057211142444e+00
2.870562985065860673e+01
6.782137743035393385e+01
4.983227387415436738e+01
-3.411647776581961011e+01
-6.106894757921481443e+01
3.734718720717194884e+01
-3.660942002430203246e+01
3.691352823471584088e+01
-6.703987332042557057e+01
8.946160528030324244e+00
9.552261724631772211e+01
-3.824810421002118233e+01
-3.040964406112453844e+02
3.825591973231483678e+01
-2.612108322852436260e+01
5.048488368157070028e+01
6.583998053253887406e+01
1.314272949910108821e+02
1.942062841414922758e+01
3.005355847597267527e+01
-6.098642016434391167e+01
-2.408236549429012285e+01
-5.890202742331540264e+01
1.643577315064667062e+02
-1.631027822762034063e+01
-7.096170441210553292e+01
-1.951685225702961546e+01
4.914598080297236038e+01
5.872369407673126318e+01
-1.998957237212158944e+01
-3.335500427520570099e+01
5.310545208464042588e+01
-6.147752587068658414e+01
9.659383004771752823e+00
1.288470443917839816e+02
3.255957116319065392e+01
-1.545504614340667899e+02
5.041059088698827395e+01
-1.003875799986457551e+01
-5.757222716216639213e+01
2.358374072724258497e+01
-2.157587165090407950e+02
-6.767800190596013898e+00
-5.059092821959637831e+00
2.555254624128372853e+01
7.324876861608112222e+01
1.276219573205415827e+02
-1.039524744174865845e+02
2.570435258078374119e+01
-4.311043028580873937e+01
7.616499627132275130e+00
-1.400164184084895567e+02
1.703903248545680071e+02
-6.572288067864872119e+01
8.600841328808144226e+01
1.881306288353323808e+01
-2.270093281587264400e+01
-6.112795421399536622e+01
-6.537965085695446099e+00
4.397747048909587875e+01
9.481218497719083871e+01
1.324561507664600697e+02
-4.512562898913463272e+01
-9.747962050548457569e+01
-3.437494930378804980e+01
-2.223392541922134669e+01
-8.467671440024324170e+01
-6.814522355876835036e+01
4.964422803074687351e+01
4.016849194861793926e+00
-5.905749717475219285e+01
-4.718454636425325077e+01
3.719276744630691667e+01
2.561980310818564277e+01
1.152473542435612330e+01
3.024257998287468219e+00
5.571841005766999899e+01
5.480934189567283710e+01
6.904565204561499137e-01
-1.259744212030670241e+02
-8.004536839249186642e+01
-2.994628920655106796e+01
-3.198349866579575362e+01
7.295994210560938598e+01
9.012989675779819265e+01
-4.221893274935357709e+01
2.906479145819004017e+01
-6.041264372802684335e+01
1.088958426398432806e+02
1.629352098082362374e+02
-5.387949629738596968e+01
6.847886162439849045e+01
-2.477973704218039330e+01
-2.689319817496077576e+02
8.055720924300638330e+01
1.071998960845019866e+02
9.391141416018551524e+01
-1.235107468372080319e+01
5.358930927857903725e+01
1.216636487440478049e+02
5.386842477827831743e+01
-1.917989510490296112e+01
-2.082728034043787773e+02
8.647834420526320898e+00
-5.549337169326140895e+01
-2.956912437812682626e+01
-8.286443994916282918e+01
-1.792356624555232258e+02
-3.720122326196755580e+01
4.459316241965540684e+01
7.806937258953911396e+01
-3.855743849311145333e+00
1.017397012921152424e+02
-1.178166970654341696e+02
-2.642152164673544945e+01
-1.085657037919533963e+02
-2.136423721171873069e+01
1.551570876137298960e+01
-6.315213610425011836e+00
7.789076923414430098e+01
3.333869806703508232e+01
8.023306261879895374e+01
-6.202233781162049553e+01
1.872561355630640776e+02
-5.990245133417119661e+01
-1.263527583589764305e+02
-9.062731896258974018e+01
8.487731437607631335e+01
1.168591568035031401e+02
-5.876307209177503665e+01
1.053714765441545183e+02
1.350546441045961288e+01
-6.612423461692110038e+01
-1.286148987157744159e+02
2.173338358165664488e+02
-5.158003034381655993e+01
1.553118359164728020e+02
1.474915426101814697e+00
-1.684417175095671553e+02
-1.041986321269932603e+02
-5.524165038592646937e+01
-6.853453301942242604e+01
-1.638724606429747155e+02
1.556621935200598728e+02
-5.949553133418966411e+01
-1.082125976903633955e+02
-1.041066111018678697e+02
6.514872383407454492e+01
3.240294430444044416e+00
-9.871923524578164688e+00
5.060181799244703171e+01
-7.336485589906774862e+01
4.458740266607580338e+01
1.036293532345322319e+02
-1.048929161539754205e+02
-2.748234351566181743e+01
2.651099671372121236e+01
1.100290349630111564e+02
-5.396595754916069865e+01
3.118249789052647358e+01
-2.993622776143580566e+01
-3.576380524671500183e+01
2.267473616270483205e+01
1.794031985486314795e+01
9.144261321290498756e+01
-1.969542606998377892e+02
9.001904588470349466e+00
-7.475212484841101457e+01
-1.092717489120815912e+02
2.730815815337965446e+01
-3.822025477314087993e+01
8.705882527874118182e+01
1.597202227471659626e+02
9.750324843706859212e+01
-1.568149310932955984e+02
7.266612540346687865e+01
5.614392272430877995e+01
3.756724643015993514e+00
9.972176608452265612e+01
