-9.500121887452375802e+01
6.169538281772380373e+01
7.925424888398245571e+01
7.904036992440826737e+01
1.189273155190516178e+02
1.236537189401124834e+02
-1.993626104772053154e+01
-2.125083287791344588e+01
1.356551477103596142e+02
-1.534168154665481154e+02
-3.214380617654726713e+00
-3.207806577026867245e+01
-2.410632385438872660e+01
3.741580983278208805e+01
2.320103677884031512e+01
-9.777117831650666346e+01
1.555268354852985908e+02
-5.090720917069189166e-01
7.457749028766503585e+00
4.549783068869380287e+01
-3.949116259474894974e+01
-4.626439021433892407e+01
1.499702267830884921e+02
6.886098246334696249e+00
8.171143457632344109e+01
-6.780132020814615146e+01
1.517922601079477651e+01
5.187403316814774712e+01
-2.678653032768695397e+01
-7.132663882652359177e+01
6.990904052237841881e+01
-7.594703409275119554e+01
5.589762072057871478e+01
1.496744758419850712e+02
-2.899335790254621159e+01
7.149041983465811256e+01
-1.064580602998590280e+02
5.279652631836468935e+00
1.221086520592570963e+02
2.547993348394667734e+00
3.753861728606942449e+01
-2.758362759983713630e+01
4.317444765819775654e+01
-5.377602463556983281e+01
-1.078043487172975432e+02
-1.362138332115735651e+01
1.483386853177230478e+02
2.659397369614121942e+01
7.919165825787601420e+01
9.750445130176319708e+01
-7.202985040713484466e+01
-9.581403069290171004e+01
8.619507908930317797e+01
5.493180790844031947e+01
1.302519365989995208e+02
6.276966052560590725e+01
-4.796245731231241649e+01
5.190479280449810773e+01
6.124153666727892897e+01
-1.951708027941592150e+01
-2.627017674054468444e+01
2.588178771641359344e+00
-1.824953753297735659e+01
-4.790993272886687038e+01
-5.899265636682544311e+01
8.964761169740326352e+01
1.105081137032881600e+01
1.501696527198768933e+02
6.522252717839653258e+01
5.912369571918188882e+01
1.307501618886140307e+02
-7.308887495726314398e+01
-1.268575998431262803e+02
-5.710647942372892860e-01
-4.494476088811746450e+01
-6.431073156136902469e+01
-1.590571059928523141e+02
8.246416057493438245e+01
-3.523410706284027327e+01
5.330697392185355454e+01
2.343863061959921765e+02
-2.251452194380872811e+02
-5.974330563358103063e+01
8.418487386065716294e+01
1.700214815830508996e+02
-4.345173704703956474e+01
-6.767860969682163841e+01
-3.475082782127757497e+01
-1.357446233541587333e+02
-9.006752543491342067e+01
1.298450165337354179e+02
1.825336738487586175e+01
-1.728978051804438421e+00
1.611547747588491291e+02
-7.577877885702474003e+00
-1.181663334722633607e+01
1.905325551078754742e+01
-2.029047692704361623e+02
3.096845257745657776e+01
8.584428953103505933e+01
7.584150602421949827e+01
1.541361066192461351e+02
3.784785160800601123e+00
-1.366494391598156710e+02
6.903925335763348414e+01
-3.728941023318610348e+01
-7.095109294495082963e+01
-2.442019151945370936e+01
1.030763038571098207e+02
-1.600172925868094183e+02
-1.924107285977796096e+02
9.620143665496840413e+01
1.546830775798320019e+02
4.491474991804725647e+00
4.624203705085081850e+01
1.873192576899361939e+01
-1.694820094465277691e+02
-4.143064906253126622e+01
9.346735186074933210e+01
-6.085938602190795876e+01
3.299700074442172593e+01
6.534216460365803059e+00
-2.876668788550811584e+01
-2.204076549903923166e+01
-8.597065364739823679e+01
-8.172354398998047031e+01
-3.998615372432393400e+01
4.662308406520462967e+01
-8.931540518965259423e+01
-1.774932725218239398e+02
-5.318218976058834357e+01
-8.397048920449256215e+00
2.369337217592206457e+02
-1.117439983006287640e+01
7.091590531988171620e+01
-5.877813565424692399e+01
7.292464588035679185e+01
-8.903582456346236995e+01
7.205881129840196309e+01
-1.446620976250824526e+02
-8.119594521714342150e+00
-9.335944931857690676e+01
-1.471748099227191915e+02
1.322022101135753473e+02
6.033362342447099280e+01
3.036422904644461340e+01
6.117828947557705277e+01
1.862343211310653430e+02
8.462172733456068130e+00
-9.115496658287291609e+01
2.598463662105518424e+01
6.572130953033668277e+01
-5.498535877348221845e+01
-1.259006505614610063e+02
2.697075302795327545e+01
8.339711756251690034e+00
2.044545754249567722e+02
-1.799743990829988718e+02
-7.951966981172358828e+01
5.173559237651985399e+01
3.822774331311326534e+01
7.339972593827050140e+00
-2.106234863105096267e+01
-1.968341285109996477e+02
-1.991178304690743062e+02
7.992926964712145477e+00
1.191372061038061787e+02
-1.514317037980242731e+02
-2.500503331392264439e+00
-4.111358244141255369e+01
-1.290928587521961788e+02
-1.245093120822698438e+02
-7.052931078744968829e+00
4.903069469708393768e+01
-6.014251229019898659e+01
2.057133810361495421e+02
-2.335005829975561298e+01
-2.482652962733751423e+01
1.195809597609622443e+01
6.502130773930110763e+01
7.375744979713354610e+01
-2.659176136813911384e+01
-4.759124678820333543e+01
6.570704304976739252e+01
8.712857093864310798e+01
-2.974089920759702466e+01
-9.375149987280790853e+00
-1.538686824773151613e+02
-9.357732928217855317e+01
-1.148589452932597652e+02
1.869975283468702187e+01
1.411132362199896875e+02
2.522947244087116303e+01
-4.315523394860341710e+01
5.680559594862631201e+01
-8.826527219680318126e+01
-5.210149733739054057e+01
-5.082919475946087573e+01
2.970280806395799544e+01
1.356909979909534911e+02
1.282383455617885488e+02
3.687603894300743690e+01
-5.843322317561959522e+01
-3.662981304177758091e+01
-5.345570036196330932e+01
-1.032498821894822356e+02
1.693896799238309825e+02
-2.517502171229273245e+01
-2.329199982827930882e+01
-6.200650598846495498e+00
-3.503210465534353446e+00
-1.456510043022106515e+02
-1.062041722854323211e+02
-9.189304092333324547e+01
-8.081482053189824910e+01
-8.405052803468124978e+01
-1.177651840774435499e+02
2.022318861742355978e+02
-1.171822381287495034e+02
-8.266437113196927555e+01
-3.620828296140770419e+01
-1.703295918853912951e+02
-1.158975832774900852e+02
-3.226425015358542225e+01
4.017689053046940018e+01
9.513904090047700990e+00
-1.887729515490596270e+02
2.209464484329127743e+01
2.011856281384988776e+01
-7.176404856894664874e+01
-1.598132646502915089e+00
8.558708683567863318e+01
8.009850767977411579e+00
-8.086709723845534370e+01
1.654661957204587708e+01
1.072413117493160399e+02
-1.045682588001223650e+02
1.220144258169825662e+02
2.116210454321730694e+01
4.742719933834751345e+01
6.304064173379283886e+01
-3.219952441296955215e+01
-2.368784288190398968e+01
-1.087837040023249102e+02
-3.417857485747059343e+01
-5.234637460617960159e+01
-2.634647780373551385e+01
-6.918605319899531025e+01
-1.098618578600169542e+02
8.923169764242453539e+01
-1.051811183194274975e+02
-1.159112711694663318e+02
-5.854128111152139269e+01
-4.673013540120815179e+01
5.604450228777560739e+01
-2.723846977717941087e+01
1.922567107182165387e+02
-1.002200332369234133e+02
4.932535217222297064e+01
-1.125783796352124426e+02
-7.803850468344796809e+01
-3.756020849524983163e+01
-1.592999768628128550e+02
2.543914880787877664e+01
-2.471244805068735317e+01
-1.730050416101360895e+02
4.430903562039882360e+01
-5.343905309387103131e+01
-1.386932884717143395e+02
7.201138306430449632e+01
-9.841850578957341611e+01
1.182867143067219047e+02
-1.630925821429130806e+01
8.288840670532006527e+01
5.261537068096656355e+01
-8.553518378103143505e+01
-2.253772930389913398e+01
-1.110354815573616918e+02
1.998751561287073741e+01
4.575893279601382346e+01
1.704053829077550120e+02
-2.886164453570353672e+01
-2.542585439725749907e+00
1.155420135303239419e+02
1.414587590695374786e+01
-3.913055128011792760e+01
-3.631834923305868301e+01
1.482189287370109199e+01
-1.033583020386806908e+02
-4.747537034752167528e+01
-7.253984507370462609e+01
-8.448878186361956466e+01
-1.331837354937185296e+02
-9.379194837921893679e+01
-8.879500673717309667e+01
2.798925100418480483e+01
1.218379771476334668e+02
-6.726759867254396852e+01
-1.664823636262327682e+02
-8.271091839471147011e+01
1.573791100975360564e+02
-8.534708873144175811e+01
3.501128529702307191e+01
-3.229413506092240027e+01
-1.339914426554256579e+02
7.291187044398722605e+01
1.449145204356842385e+02
1.131425327872689657e+01
1.852137466757217021e+00
-1.819204340214282638e+02
-1.411039423735435889e+02
5.511544638281086606e+01
7.108799406005233834e+01
3.189097232483321775e+01
-1.067183294117304229e+02
-2.927057432213219386e+02
5.857340079913652886e+01
-1.011389625330343591e+02
-3.547286946374590855e+01
-7.065010067956609419e+01
2.329650696306765667e+01
9.788338263582096488e+01
1.194221780619012563e+01
5.166270303934314967e+01
-5.408402837456930001e+01
-1.651703650739577256e+02
2.000870630484112098e+02
2.311013464562973070e+02
-2.554751464610349032e+01
-3.680532859842871041e-01
-2.356398053094576994e+01
3.430767491870009422e+01
-8.044848692271220614e+01
-1.037479544353312093e+02
-9.126523682837197171e+00
5.753306583809128938e+01
-1.776454128261426391e+01
-1.146492920693737148e+02
2.426945549485765952e+01
1.127261522975169754e+02
1.536543392218910071e+02
9.002445467566938930e+01
1.424215634382730933e+01
-7.809451474341497601e+01
1.008468596864434375e+01
-5.269030290313729381e+01
1.153913826296422052e+01
1.875147317487069927e+02
4.334961211915006629e+01
-1.470294356793156112e+02
-7.567561426478189901e+01
8.907215859915638134e+01
1.835246674019620627e+02
-3.947443020794642621e+01
1.087890158155187095e+02
2.178953538216332504e+02
2.373874259510692468e+02
7.417357425354303757e+01
-1.553552223803625338e+02
-8.281167621685428060e+01
7.555001235105781632e+01
-3.111395847437117368e+01
2.165967669632797197e+02
-1.606384077593009962e+01
8.302564523880825220e+01
1.968024481367854683e+00
-4.443909910051971224e+00
1.400860724346774191e+02
-3.913013250127811204e+01
-6.381383098566863055e+01
-8.680662527221628011e+01
-3.003820363468781096e+01
-1.578132793720228335e+02
3.911357901254478975e+01
-7.054474074639314196e+00
1.318485359587617722e+01
-8.394915943442538264e+01
-5.757895647412165374e+01
7.080580173654026055e+01
1.104942506956871284e+02
8.626704615863016556e+01
-3.408416303493348209e+01
-2.586311163346314501e+01
-9.362669682486877321e+01
-3.165596356293375990e+01
4.549287482656244919e+01
-1.226888175371262122e+02
-7.652973289783187738e+01
1.603733695582752006e+01
3.108554141558699691e+00
-9.520632647169431095e+01
-2.957979191150416653e+01
8.588255003568764323e+01
5.588407871087989065e+01
-1.831488146744723053e+02
8.455101627130140685e+01
7.434390181424664945e+01
7.077488424636399600e+01
3.611401626960289946e+01
5.035614840758904975e+00
-1.574257438070094217e+01
-4.185110458496020414e+01
-4.609916157709845308e+00
1.506074150042551985e+01
1.627163267946386682e+01
1.166941701446647102e+02
1.480151629196396179e+01
7.205092327266215513e+00
-2.501865928931353551e+02
-1.425138053363145119e+01
1.504441709266400835e+02
-4.077309764175804929e+01
-1.206974591909548877e+01
-5.675601956785111923e+01
-8.735896050862464790e+01
9.180518971500319481e+01
1.384888324125142560e+02
-1.814549960904454196e+01
9.866759040312207674e+01
5.117350688382190071e+01
-1.483335387788593493e+02
1.372634773851976888e+02
-1.571278306980354103e+02
5.092324006540352777e+00
-5.581258698335226143e+01
2.126155999960786573e+02
2.551995224553255355e+02
2.339151211840155611e+02
-8.562101921677850669e+01
5.302814679870569847e+01
-9.236238437754893482e+01
-6.435544176389409188e+01
-8.016043175090102579e+01
8.834088993680865087e+00
-1.936370989971032941e+01
-2.195890003311339989e+00
2.276374336282068782e+02
6.856167041260546569e+01
-1.166303867336533102e+02
8.606003146778149926e+01
-1.179750164981611107e+02
-2.015802915609386758e+01
7.804470088065683342e+01
-1.076314027767562607e+02
-9.113763850261893396e+00
-2.863991983703468946e+01
-3.714203119774092698e+01
-1.153534975166199317e+01
-1.367691351849911641e+01
-1.116873462061572297e+02
-3.435810619510100850e+01
-9.956941776479094841e+00
-1.861671690661389533e+01
-9.488652405511851384e+01
2.603252921181746871e+01
1.436011482001177058e+02
1.104679600028735820e+01
-5.563456738236373411e+01
-2.885287927420184317e+01
-5.194750646573844932e+01
-2.888617751861202692e+02
-1.113044600725320237e+02
8.023108328798478794e+01
8.798774240627663801e+01
1.073167444922040517e+02
2.154591502334678310e+01
9.176933780618284686e+01
1.429432954546457211e+02
-8.868286955144194295e+00
-8.600656695559473519e+01
1.862032865528997405e+01
9.434922232832455791e+01
-1.756966374184394510e+02
3.076375466096691724e+01
4.529069565420459043e+01
1.021011260416334210e+02
7.102610109141291161e+01
8.997195579172974078e+01
8.265067424634024462e+01
2.187209162829490072e+00
7.770750145377370188e+01
4.234366788169959506e+01
-9.836374901033005713e+00
3.684785816140060888e+01
2.995082860699636740e+01
-2.639600773105181730e+01
5.873858750885815283e+01
-6.721877526413628345e+01
-1.767387649202365196e+02
6.493416888365499062e+01
-3.313634505964845545e+01
1.133923010724401479e+02
-2.112056482766981844e+02
-3.220953413487139017e+01
-5.297647179373410609e+01
-1.470055991719407587e+02
1.149373132779760738e+02
3.342869482573772189e+01
2.840616043724138606e+01
3.968793039863269456e+01
7.477848563676107574e+01
-1.685435945268478619e+01
6.092960445000426262e+01
-2.638158125550234345e+01
4.408900077244183535e+01
4.580002873665780783e+01
7.017365032124641289e+01
-1.659467898963528754e+01
7.631193039145135515e+01
-4.214721774684106492e+01
2.245758980604202648e+00
5.897453297880355194e+01
2.339389864327144153e+01
-4.232065599883179630e+01
1.083044403668542799e+02
5.598873510507861795e+01
1.271331195505539213e+01
4.034537889600154159e+01
-7.136735919382135762e+01
-7.057331046611554637e-01
1.238444654301996053e+02
1.441328341258926002e+02
1.290352657576256092e+02
4.611615001286934756e+01
-3.355438781987640340e+01
-9.044703640183122673e+01
8.589283935847089424e+01
-2.466564996584808611e+01
1.352904659194590806e+02
-3.250104254305133367e+01
1.243327459811917493e+02
-5.818079834807048201e+01
-3.344625122071604295e+01
7.361577968163030050e+01
6.748681799863561537e+01
1.230960889477883171e+02
3.853250875784575413e+01
-6.548157932751357180e+01
-1.556713116835631183e+02
-6.547077837621060326e+01
2.119861912071366206e+01
3.128889474999133924e+01
4.146516797541833199e+01
1.721297922323401792e+02
2.456291420845206019e+01
1.194582174688712684e+02
-1.386049068282781036e+02
1.014952435536723954e+02
1.084134866919671580e+01
6.686717092195942769e+01
5.789977136645232036e+01
5.504470070000125048e+01
2.050046558838187991e+02
1.047048758541889057e+01
-1.081858996687779069e+02
-5.336353773397420497e+01
-1.385456968124080390e+02
1.976750042837845811e+01
3.872181638654898705e+01
4.766575838524411068e+01
1.965227101503169251e+02
1.061445292232654936e+02
3.386628244555882361e+01
-1.166650478058854361e+02
-1.219173964050641530e+02
1.471591336960768217e+02
-9.595814284985334552e+01
-2.456949311792388357e+01
-1.179750526814828362e+02
1.289139663278639425e+01
-9.380795134724664308e+01
-7.169537339944231036e+00
-5.898742547666972058e+01
-2.449142090171736541e+01
1.291684538012612506e+02
-8.858215724951489278e+01
7.831942691217881247e+01
2.796703407028899235e+01
-1.471337072991149775e+01
1.248846297606977487e+02
-9.604538323517567733e+01
-7.387554917982843961e+01
-5.942633736778851272e+01
-6.029480024718308684e+00
5.121394874829515231e+01
-2.997444037905716741e+01
3.182778301262814225e+01
1.350470493731365593e+02
-1.059199595330038903e+02
1.402038705126787121e+01
2.922156847660945633e+00
-9.278593491026606443e+01
1.641502788895670406e+01
7.097531654261693745e+01
4.542506606598477248e+01
-3.673381516581434170e+01
-5.831574810523072472e+01
-1.233153551028770636e+02
6.179349239868402321e+01
-9.578773213647298235e+01
-1.148707156063730821e+02
-5.418135575883092514e+01
-7.357147164013259300e+00
1.734049203791008154e+02
-7.149856176827648824e+01
-2.707616951893930590e+01
-4.323751331547153853e+01
2.625581331755792647e+01
-1.151379082740353788e+01
4.225570999978073417e+01
8.614682251893405862e+01
-1.298450357655550818e+02
8.557184569491813164e+00
-4.597085770408394723e+00
-1.138589369639272419e+01
-1.163544653814307281e+02
5.305690260930290947e+01
-1.368568257788260496e+02
9.102062475599939972e+00
-8.495115439765220344e+01
-1.364263525511067314e+02
7.281352969590781754e+01
4.203917818267601092e+01
1.731293364873800922e+00
6.767188051916541269e+01
1.054862593181262298e+02
3.484705423339669039e+01
-9.224598756838352642e+01
1.046842017528027746e+01
-1.455448702672864592e+01
4.502300769992218932e+01
-1.108920131552535508e+02
-6.297506712014904195e+01
5.188419501608286311e+01
1.233149956492139943e+01
7.186408752495283991e+00
4.402632432231064286e+01
-1.001191474065420408e+02
1.519822950022782493e+02
-8.952325625502690798e+01
1.037392600572599264e+02
1.595124582890958287e+01
-3.250587770180510461e+01
4.957751067827703473e+00
-4.478870336103384631e+01
5.550126764835918181e+01
-7.236513174298309536e+01
3.718311004517523610e+00
1.006649458369142458e+01
-9.785746138854867127e+01
9.767501598277950947e+00
-2.174420758165478418e+01
-8.383836773152305000e+01
3.435316568741930610e+01
-1.571823338632075036e+02
2.229633660791151684e+01
-1.066885307301930794e+02
-2.731450497971684044e+01
1.055067159302624873e+02
-1.331521032781443026e+01
4.244394496441251619e+01
3.923810066833532773e+01
3.307074825974576981e+01
-7.654603992219782072e+01
7.805468144738748038e+01
7.353674887249188430e+01
-2.180107905395925627e+01
1.640146748248226345e+02
3.573752585769683066e+01
3.542399069082787122e+01
5.735883707556227762e+01
3.655349652059462073e+01
-8.379300792223703809e+01
-1.092244821536327208e+02
7.521594467281349239e+01
2.537310148834988865e+01
6.847403617387502095e+01
6.871948324296336352e+01
-3.947277176699466139e+01
2.880609927738226261e+01
5.606624833983018164e+01
4.582497713089263414e+01
6.228384790467944043e+01
-7.335268442738696137e+01
6.366721615653881727e+00
-4.183930407123887107e+01
2.316467959570847057e+01
-4.969984888529558731e+01
5.731084041788172101e+01
-2.758517396895408638e+02
-1.369752134474447587e+02
-6.240244238872638505e+01
1.655936899634133681e+02
6.291832769803631464e+01
1.330344098272017845e+02
2.527459376902317274e+02
-1.073970748493427863e+01
-2.829639876064403481e+01
4.536818475741642942e+01
-5.501298014758578603e+01
-8.825496147997782259e+01
3.376094987589858931e+01
-1.910469821620888808e+02
-6.721129986056638472e+01
-1.375040311892526006e+02
-1.322631341279447952e+02
1.173949324664485090e+02
6.273165258847050296e+01
-1.268190944249733665e+00
2.173791442444788657e+01
2.351066570385056309e+01
-9.953279825192780095e+00
-1.293781373165905109e+02
5.491980479540359283e+01
-3.728646420462476385e+01
-1.018057140140514178e+02
-4.146572366398247667e+00
1.780357466663572197e+01
-7.426313860162069602e+01
-7.367030306147260887e+01
8.064836151684798438e+01
1.487688845926482628e+01
1.069915147225990459e+01
-7.158793685754071134e+01
9.463729589068509540e+01
-8.103688019135147158e+01
1.371342407639592693e+02
3.891831810408732650e+01
5.473335773996407738e+01
1.065392029362021873e+02
6.465343000436042153e+00
-2.687876619053887950e+01
6.710687516769951344e+01
3.303860048222399115e+01
-1.468328305237773002e+01
4.828728465190246055e+01
-5.514545364881642264e+00
3.038407784062120243e+01
3.908289564347232670e+01
4.098944833374995156e+00
-8.674097406475401328e+01
-1.393202243485825136e+02
1.409744393341343596e+02
-8.210155404642058841e+01
5.303019888501163592e+01
-1.274222754809759977e+02
5.227399663027549082e+01
6.747131447808601479e+01
-5.449686560795085910e+01
-8.950507266699393938e+01
-9.002501469487175711e+01
1.255300576430038006e+01
-5.587459454235493439e+01
1.520437009189420792e+02
-8.136109769298730754e+00
-1.301198872976476082e+02
2.131968800576935763e+01
6.357740839506241315e+01
-1.442188675449992843e+02
8.933243045774471369e+00
4.066131427212903304e+01
9.808905444665578344e+00
-4.727938680913412739e-02
-6.561448575555792218e+01
2.259636965418957644e+01
6.246764488478387278e+01
-1.985964363446012726e+01
2.023967716635249303e+02
-1.594303459075124181e+02
-4.003835593444262742e+01
1.214234267124050461e+02
-3.967101607734596058e+01
6.879806794648816037e+01
-2.314984556702879104e+01
-3.800284790851362260e+01
-1.521510340427756489e+02
1.949382625576583337e+02
-1.210708238556197500e+02
-2.151737347635076247e+01
5.656187159100466744e+01
-2.049478784440390200e+01
1.002365776591152269e+02
2.038954991608250822e+01
2.394196749477235358e+02
4.420422610465132074e+00
3.282161713599383290e+01
-2.088400183937998733e+01
-4.178879124883418683e+01
-2.247735821066059003e+01
-1.638405917915744325e+01
-6.364705872260660158e+01
-2.568820368615109828e+02
8.863040570175562038e+01
-7.036986505679685422e+01
-4.241034717026097667e+01
-1.141482684704357951e+02
-1.393713835298161463e+01
-2.391278718939427250e+01
2.030409171607493306e+02
2.162044517444131131e+01
1.058859617243293449e+01
8.345349435523425541e+01
-1.077923928008378880e+02
-7.025588382968852841e+01
1.502716456065464001e+02
-5.422317370660971392e+01
1.020474026623977011e+02
-6.222901185614678354e+01
-1.068083799688917779e+01
-7.770677712888429767e+01
3.519561182005477917e+01
-1.231366531549612944e+02
8.493783959432968800e+01
1.127071822794470535e+02
-7.686738558070445038e+01
-5.326473243152552328e+01
-9.385963540773616387e+01
1.526741872680339043e+02
-1.254734007374114526e+02
-1.871823175576548337e+01
3.217015062905709044e+01
-2.860512579389866872e+01
-5.175811198735848251e+01
7.074545748495683029e+01
4.722094167047103497e+01
-1.178187581354169211e+01
-1.867301667497443987e+02
1.387125216307409481e+00
1.149331342577381463e+02
1.250290726877601344e+02
3.712990835116215038e+01
3.071963489821123261e+01
4.633225808030448256e+00
6.927090750788513773e+00
1.219422459814953044e+02
1.284585358696093067e+02
-8.344156571369748576e+01
-4.246403332789792984e+01
-1.410090712588821589e+02
-5.567935792755647384e+01
-1.495038767542916958e+01
3.717730562589864718e+01
-7.125415324558381336e+00
-4.887139549703405095e+01
6.530312592803082339e+01
-9.414128828278878203e-01
5.090216709838582432e+01
-2.253534076417845533e+00
1.581437203566261118e+01
-3.942539974065680752e+01
7.003124023406238052e+01
-2.165357362465661595e+02
1.265562482888748086e+01
8.223808577726396152e+01
2.045432896244296046e+02
-2.601581959856906678e+01
5.739681633075023370e+01
-2.689701490137593964e+01
-4.678747096386017290e+01
1.027755239750425531e+01
-1.131762019149048086e+02
-9.025406086916827064e+01
3.708794211854188205e+01
1.427158429991227422e+02
5.980549778702073382e+01
-8.176636915970831865e+01
7.307803062592887500e+01
5.933628231927348651e+01
1.941694833801593845e+01
8.360735375644013345e+01
-4.009242048896222599e+01
-2.622877034531911988e+01
7.388836152673789570e+01
-4.765165413378017689e+01
4.869968199017464627e+01
-1.323950356314273513e+01
-1.851924448230290920e+02
1.483285904707174723e+02
7.737004160320183566e+00
4.504070231513398426e+01
5.237040216652579971e+01
-5.510686669524290693e+01
3.659909065679853768e+01
8.945638442927602796e+01
-1.082274093416874621e+02
-1.945050309938155806e+02
-6.541089324276850903e+01
6.544406281119775315e+01
-7.716579056019322991e+01
1.196884802288025895e+02
-8.952430089824594006e+01
-2.833110695061920925e+00
6.474282202468782543e+01
2.541141465698719415e+01
3.265130833684946055e+01
-1.700021467390782703e+01
6.539953784576110252e+01
1.114974358361349971e+01
9.872880980016843466e+01
8.413349691093540628e+01
-2.139963701696810006e+01
1.541762077425552846e+01
-2.213448254814205995e+02
9.603975850255231705e+00
9.346561667238225368e+01
9.180588672669104255e+01
5.056422105449620119e+01
-3.000038894289365210e+00
-4.630768456982634973e+01
1.487241437692917145e+02
-8.276809185010719716e+01
6.678262961727450886e+01
-4.071032138271282008e+01
1.009224490079604948e+02
8.122662699523863239e+01
1.821045808930337273e+02
-1.775332035125661889e+01
-7.285469254306686082e+01
-1.267142440843682749e+01
-1.639622198369345973e+00
6.269636701400479240e+00
8.712185202389552785e+01
1.235346434108254954e+02
2.010173480821141112e+01
-2.111772770379163333e+01
-1.423344321347891821e+02
7.096275150053479308e+01
-5.255029072308037286e+00
7.073945850033115335e+01
7.529639460074768920e+01
-1.087432022787796626e+02
-1.000251359885699856e+02
-8.367558603106498794e+00
1.125232294330908047e+02
4.645165129906816759e+01
4.284064469453670654e+01
-5.411060578335337112e+01
8.687903563755838832e+00
-1.166739670481640161e+02
-5.151040691655815351e+01
-5.478401441027219221e+01
1.289376828278898657e+01
-3.944231101250677085e+01
6.556090281565234079e+01
-1.591884119404954561e+02
2.035560829213698355e+02
3.877126395091240596e+01
-5.418385810093443666e+01
2.964897362966437555e+01
-7.798671376571564906e+01
-3.421404372342897915e+01
2.025832917075816226e+02
5.151777376668451325e+01
-1.092825969988145403e+02
5.129996909353587853e+01
-6.133855008893429783e+01
1.349085373680672433e+02
3.537502662123764186e+00
5.702374589374608149e+01
-2.816787716576719003e+00
8.790933392269872471e+00
3.661692015747195228e+01
4.526153441028875335e+01
-6.529395509530083075e+01
-5.205346126008409868e+01
1.043176026350869989e+01
1.302090859576148318e+02
1.385975177900024278e+02
-8.812716486852360731e+01
-4.008514291267731977e+01
1.799734842682299814e+02
-8.401624388436110280e+01
-1.061312042253842094e+02
6.014153635587650371e+00
3.221279857315069961e+01
-1.012952805988208693e-01
-5.837435330271668477e+01
-1.802120313840458010e+01
8.112437626178342498e+01
-9.944970359108728530e+01
2.557802835100561367e+01
-1.181696909455518352e+01
2.056282177540036926e+01
-2.421557085282173887e+02
-1.620133727172799922e+02
-1.232911631709943734e+01
-1.545505254540138829e+01
-1.712128630698187521e+02
6.490165932572788954e+00
1.065618196635365109e+02
-9.891651152345178843e+01
-2.032749594526051240e+01
-5.624546420380082168e+01
1.196249625485148584e+02
-2.247583711386932634e+02
-1.438392220258701570e+01
-1.420196938395636153e+02
2.425384044865385391e+01
-1.643312825394443450e+02
-6.158850958883163429e+01
