-6.299611633995368010e+01
5.561332672509187347e+01
2.234982727858433194e+01
-8.548622062304578151e+01
6.277624453158389173e+01
-1.251289609147757176e+02
3.165049478148824758e+00
-1.213204716030963084e+02
3.061212734979810079e+01
-2.575425259766450381e+01
-1.606348101566356545e+00
-1.417316540059679539e+02
3.350317462204326802e+01
2.755593028237624509e+01
9.626009639299685716e+01
8.468107442597800016e+00
2.495361362161617365e+02
-9.943585143328893139e+01
-1.385036407596523667e+01
-9.627772475815930875e+01
5.000154046848265921e+01
-6.372679149776472940e+01
2.483087940171535024e+01
5.944107476193508433e+01
2.372189513336470057e+01
5.690640725125900445e+01
-4.373082939315351325e+01
-1.214019169776355227e+02
1.938638800100854809e+01
6.945747508899920319e+01
-1.181740595909432585e+02
-9.132055660703446165e+01
-1.933478901192334263e+02
-5.554826202372959898e+01
2.259315134915048588e+02
-1.924462522635386463e+01
2.038086839391844407e+01
5.171295529475533925e+01
-1.703022256740471718e+01
-1.103585782535126327e+02
-6.716836066228438540e+01
5.418325515907478351e-01
2.464125745299482517e+01
6.664492000170271524e+01
-1.360375961221207035e+02
1.199449955435965762e+02
-1.569360516261293981e+02
-6.510699804182134187e+01
-1.113098472705903532e+02
-8.379956976297162896e+01
4.356546533669504839e+01
-3.435359450968594075e+01
-4.251944366421575694e+01
-9.587728814540453470e+01
2.805578536522877187e+01
5.894351285462749956e+01
-1.269317487656365273e+01
-1.130901273595467558e+02
1.277227494415830300e+01
-6.146846213032848283e+01
-1.407536139251174312e+01
-6.389300389310037787e+01
1.107093048174283325e+02
1.286802608762565114e+02
-1.827044645979355053e+01
2.703173643771942469e+00
-9.918463033698834863e+01
-1.235664821049277720e+02
1.245389442407212357e+02
1.316955959174050577e+02
-6.734963768778330007e+01
-1.296344803731132345e+02
1.936006176017230729e+01
-3.278849303921123237e+01
2.238601292570100441e+02
3.925996785473569872e+01
-1.182011675815972040e+02
-3.454624273706897242e+01
-2.190638223894657344e+01
1.695734444600215909e+02
-7.213975550035578976e+01
-3.033447862792319683e+01
8.275839193738222832e+01
1.445069352904964965e+01
-2.171897773297829914e+01
-1.508907750259568026e+01
-1.392249743402624418e+01
1.229135532750131077e+01
2.095188561755033874e+01
-5.703165801791021750e+01
3.417706431297968805e+01
-9.979930050101245342e+01
2.992222838795980877e+01
-6.296567215022346886e+01
1.643235916743796565e+02
9.221271803637324638e+01
1.176438303826755316e+02
-3.242091924922149815e+00
3.895010998730757734e+01
2.855463574008577154e+01
3.645750552575943004e+01
4.322015340131818562e+01
-3.281137902485998836e+01
3.357893730136413524e+01
-1.998564836842446084e+02
-1.051218484889173910e+00
-2.506648377296051535e+02
8.941630238092255922e+01
-2.540223271031764796e+02
-8.569032637622996162e+01
-1.191019127803549367e+02
-3.467492723157669587e+01
2.557052620014524891e+01
1.879675786970132023e+01
1.941437206299857010e+01
-5.018718497610704787e+01
5.815683817458228333e+01
-5.224350770093817431e+00
-2.377637738912638099e+02
-1.157467457014058425e+02
-1.308049677743266841e+02
6.492565941670554253e+01
5.080770263227317685e+01
-9.579322039217696272e+01
-9.615745009419258338e+01
1.483541431863498694e+01
2.406109673508933255e+01
1.666309735729423380e+02
-2.241822685977355434e+01
-7.557043286831381579e+01
-9.483753810735477430e+01
5.637917433048303195e+01
-7.075692620608252525e+01
-4.599909424718131135e+01
5.773688329656044260e+01
-3.230860828619033498e+01
-5.997812662994407873e+01
-7.204479541319177827e+01
3.522566159394409624e+01
-8.076510009068640272e+01
1.024438289214127877e+02
-6.863796925345882016e+01
5.978522033582231998e+00
4.756584638881312088e+01
-6.332955019849796940e+01
-9.262674981032628807e+01
-8.258177814942783357e+01
-4.336629251106513294e+01
6.163188100635416333e+01
-1.109911028634468266e+02
-3.473209882008378457e+01
-1.600204070814490365e+02
8.248809371458608553e+01
-3.946264247566037398e+01
4.904272201253442631e+01
-1.301981106272778561e+02
-2.480626939933450714e+01
4.799610164438404780e+01
-2.457505657780821196e+01
-5.476110393359316930e+01
-1.232790046059154179e+02
7.246458914318333200e+01
4.162126239477841949e+01
1.110443528436932468e+02
4.430240009381799382e+01
4.411497565401393928e+01
-1.155687432259850489e+01
2.838557285755214465e+01
1.493758658291075925e+01
-4.815733393175259280e+00
-6.050235626717771709e+01
7.919929655955728265e+01
-3.488197457926092682e+01
5.142584499906224949e+01
-2.400645480771129670e+01
1.022730943448183361e+01
-3.878896092184722022e+01
-4.246516825621807811e+01
8.703050444524934903e+01
3.688488220441707455e+01
6.863043661893054548e+01
-1.103290258458405475e+02
1.549872518998041682e-01
-9.796730638879181186e+01
7.128963398573490373e+00
-4.470933357903287941e+01
2.484853504310887473e+01
6.071288461550555837e+01
-4.552003685160891422e+01
-7.357902174097935699e+01
1.003987836342976010e+02
-1.519240343803037341e+01
-2.259237354494761973e+02
3.730590529025641899e+01
1.414803167968993058e+01
1.279498424333862161e+01
1.829121574646592592e+02
-2.244498899009786541e+01
-9.401749123850038359e+01
2.044934149987734315e+02
7.501600293809024933e+00
-6.944033016809845549e+01
2.866177816334835171e+01
2.489577563360504442e+01
2.470799109868693222e+00
-8.157859131935703090e+01
3.998388472472729660e+01
3.251980373142774283e+01
-1.397843657357275049e+02
-1.064739685002414689e+02
1.478820033130938896e+02
9.651182755565862692e+00
6.394701827390214532e+01
4.487275034323284473e+01
7.018790154758984556e+01
6.363345477788318760e+01
-1.389508844868439175e+00
1.113584762569649769e+02
-5.754111272643068986e+01
2.262849894447622390e+01
-1.734745189015800193e+01
1.012943771023413433e+02
3.456004867624411503e+01
-3.330485008231860888e+01
-2.273734745254535383e+01
-2.690238999118633956e+01
-2.035102693505724147e+01
-3.677079177551957656e+01
3.119825200921223640e+01
-1.096270700180074442e+02
-8.683873315054152897e+01
-7.107515304852533689e+01
-8.481028708361041879e+01
7.705564600869415415e+01
-9.816767771413663013e+01
6.570719039268765016e+01
6.342755775274480357e+01
1.651641521492411258e+01
3.860670183606100636e+01
-5.486544748644314495e+01
3.384297352696128058e+01
-5.441356236939213176e+01
1.142776088724860983e+02
7.361306795184005125e+01
4.307480319703625327e+01
-2.497608608163588073e+01
-4.433223309802220768e+01
-5.824093970501002815e+01
8.055768178247515721e+01
-4.502044810937068320e+01
3.983526100561086736e+01
-8.837443342508774435e+01
-8.454470486450256317e+01
-1.185845732283017924e+02
5.236888053227669104e+01
3.044341221184396318e+02
3.033143407993665264e+01
-3.353139787945103478e+01
7.906779179114454337e+01
1.052538151284611274e+02
5.662754479492301130e+01
-1.557746913981806358e+02
-1.521912886713336661e+02
-8.805730109052456100e+01
1.847737273700986194e+01
9.773873641154583680e+00
-1.069092838938003709e+01
1.205698498818977242e+02
3.865414624985152159e+01
8.425342552814376518e+01
4.905003392990339961e+01
-5.096276273319705297e+01
-3.644053955956282209e+01
6.714277343963031797e+01
4.339466411105706101e+01
6.388467716236863936e+01
6.497451446498548222e+00
-2.532002748367514755e+01
1.272677143524366983e+02
-6.239629993225277893e+00
-4.605015362608718021e+01
4.016411476076977749e+01
1.520009010144440253e+02
-3.312661373292376421e+00
-1.212628109074487526e+01
5.812278131277124515e+01
-4.419500318188612198e+01
1.313885933942654960e+00
-1.204650887344319585e+02
9.871672597779246416e+01
3.943539770105484621e+01
2.736403513780008723e+01
-2.026086785232911680e+01
1.644016769884383393e+02
1.177973758965551099e+01
2.098693475678733193e+02
-6.366569090032165690e+01
1.515418763231330388e+02
2.329188808630441532e+00
-5.670848644189644716e+01
-1.742240694338897100e+01
-1.915108407864200615e+02
-3.957540668799755679e+01
-1.329578818160962683e+00
-4.901131131903431282e+01
-8.011293601967476263e+01
-7.145247807938767437e+01
6.429369873389396162e+01
9.774382789784286274e+01
1.203661133840419417e+01
4.767922504223083990e+01
3.529569854825743036e+00
-1.224154395852708035e+02
6.728942061554478471e+01
-1.544883958116324152e+01
-1.151602063036194181e+02
1.200336252541393947e+02
9.741554221304120631e+01
1.067056650693832154e+02
8.707155099708330681e+01
-1.968745214572438158e+02
-1.276270079884621822e+02
-4.174669007199254622e+01
1.000737142760501541e+02
-4.153191162542765369e+01
-3.085055333497140495e+01
2.046629708485215815e+01
-1.593074775279403070e+02
4.441983749404702309e+01
6.461622280249792993e+01
1.192046576012423031e+01
-1.017485730131374169e+02
-2.482419246285007119e+01
-8.492583684440054981e+01
7.426150798690555632e+01
-1.522611297724060364e+02
-6.197684782688838823e+01
9.331508265069919617e+01
-6.033738431426963444e+01
-8.304469765731870723e+01
-1.041071524587824939e+02
-5.704536586716189817e+01
1.216448626237563388e+02
1.014184957783689924e+02
1.291913449174829687e+01
4.869728441385605677e+00
5.264715333301312228e+01
-1.246831564599964679e+02
-1.606821334192337645e+02
-7.761574865574475268e+01
-6.800600423922597315e+01
-8.995687400537799761e+01
2.228527673575957380e+01
-3.463586354584614213e+01
-8.575581988142765510e+01
4.477611992035196664e+01
4.932651497711473354e+01
-1.257842549908506840e+02
2.044614935009796852e+01
-6.151504717045929027e+01
-6.663091080081480300e+01
1.944040171167079052e+02
-2.778314922382624275e+01
-8.115308477592031977e+01
-4.710270657786546522e+00
9.644628070770325223e+01
-2.163709560184608094e+01
-1.234949479179794025e+02
-1.242249066296241189e+01
-8.317516457349471537e+00
1.965990195571162857e+01
6.255221019701738072e+01
-2.904450432606934029e+01
-4.882584730012614926e+01
-3.426580506712969765e+01
8.537096879621864787e+01
7.791734113645748749e+00
-8.501542364896509696e+01
-3.021779658631455145e+00
-1.370734851867408679e+02
1.503135256412024923e+01
-1.132573487253007301e+02
7.337542053913198004e+01
7.287660533128147655e+00
1.083439114366237987e+02
-5.000189199097250281e+01
-7.749513896954302083e+01
-1.553059320731804505e+01
-9.252013975276430813e+01
-3.761606519558126749e+00
6.284369304513597854e+01
1.312170348007813914e+02
1.315197103167711532e+02
-3.725875924833335517e+01
3.353190997071729385e+01
1.575590130877600927e+02
-3.372752335683371427e+01
1.500327549928509185e+01
-4.759335923893918618e+01
5.663727766795893359e+01
-6.901807304732558990e+00
-6.177042570035369806e+01
-1.003224614537265751e+02
7.857072026269452181e+01
-6.752142620293327901e+00
-1.552102889012490294e+01
-1.181883032056404659e+02
9.423230797797776859e+01
1.158600390937027713e+00
-4.171108159939015536e+01
-1.141096203687069766e+00
3.905514147878363218e+01
4.008768737510798985e+01
6.469823055666961409e+01
-1.956471597059662031e+02
-1.201087418500199391e+02
-2.839037111359320420e+01
-3.061956926741279261e+01
1.153763877477689590e+02
8.069082957069115025e+01
-8.109690259064238660e+01
1.260333729051316709e+01
1.444584609697968745e+02
-4.500979547963506633e+01
2.928649769301479822e+01
3.461402815590153281e+00
1.296569814559648570e+01
6.858834510012414398e+01
7.841984104411926282e+00
-1.254289879093077076e+02
-5.665502183158641003e+01
3.418563131484199857e+01
-9.994458292087405482e+01
-1.488767870769423780e+02
1.149719539535809361e+02
-1.498699353839133721e+02
7.225582374079485248e+01
-4.827581861290696708e+01
-1.173916232190775730e+02
1.170336209490583315e+02
6.497266746105623270e+01
-3.443495445945462308e+01
1.525670402791295466e+01
-9.114221873717578415e-01
3.462181209856859709e+01
8.911998435025448373e+01
-2.181574933723055310e+01
5.338135355731304088e+01
2.825572520011586874e+01
1.443773544103855500e+02
5.265337006569886569e+01
4.481934668998055926e+00
1.108261868221968030e+02
1.069363936430499962e+02
-5.987353320014189251e+01
-4.762574745213092875e+00
8.662118685262144879e+01
2.506963914284362431e+02
-5.347363948608623474e+01
-5.807189553551355488e+01
1.187160686860276968e+02
4.530354198925383713e+01
-4.065140944199571038e+01
-1.224639214657765507e+01
2.046473713823449714e+01
6.197812859402429808e+01
8.988342025571367344e+01
2.006795686191355799e+02
-2.845643115744710983e+01
3.185885262527822448e+00
-1.347473246195126073e+01
-4.825925852017740425e+01
1.852513751377213325e+01
1.369322527922917914e+02
3.845177116115834082e+01
2.236009641172945805e+01
-1.451454916407249414e+02
1.851978874000265307e+02
6.200949686093667168e+01
-8.752392345978753596e+00
-1.981174909891460345e+02
-1.717854658486002251e+01
-1.141027007436229646e+01
-3.610393880360783214e+01
-1.882064787687905607e+02
1.161663825903454921e+02
4.527939160614255343e+01
3.383861586324324122e+01
-4.557731026065266633e+01
2.872209105973870535e+01
-1.116017736843300057e+01
1.018033485167216696e+02
-1.049783522503477684e+01
-9.761994837518835766e+01
5.174041960419504704e+01
4.281438999184277350e+01
1.405688224703130906e+01
-1.871668770122616721e+01
8.975615227001668472e+01
-8.108081245901874468e+01
-1.568471209883805884e+01
-1.580069827146523096e+02
-1.507953826975383294e+01
-1.012728595932535427e+02
-1.388111836641122920e+02
2.586606527469233185e+01
8.080785363012000744e+01
-1.489388420861364466e+02
-1.084406017607843076e+01
2.186560561452217399e+01
-1.111787403373066141e+01
-1.237118866511636668e+02
9.854875847358097474e+01
-6.846205198529059999e+01
1.739278383093536888e+02
-5.249561372357970157e+00
-1.577476100938352488e+02
5.012791491979589154e+01
-9.474322743849580775e+01
-1.574259109868256523e+01
4.225143398163432806e+01
-2.775945310706460845e+01
1.393697920809291304e+02
-7.505685423016001323e+01
9.540000796196534960e-01
3.973897277861160404e+01
4.151967618628708578e+01
-9.523151216469269542e+00
-1.332936599486839668e+02
2.416397225487557066e+01
-5.363801804808768736e+01
-8.226439770233812965e+01
-3.916913024272491839e+01
-1.008641407010528113e+01
-4.617560279032576709e+00
7.907035170783001377e+01
-2.259253572290027137e+02
1.910487624021420174e+02
8.344278824593052946e+01
1.147206409335089745e+02
-7.507674633343252424e+01
5.859637963912410896e+01
9.125707861182564784e+01
-1.497350194919354749e+02
1.256160828895870765e+02
1.908367739721433054e+01
3.058746270958887692e+01
4.207670954599784352e+01
-3.160546213222862733e+01
5.854271041075897131e+01
-5.080899651636887171e+01
1.261405144373348008e+02
-4.515195381414984155e+01
-6.024275211590298795e+01
-2.004389185662318695e+01
-8.683780816012109938e+01
1.288743708980337601e+02
-1.386704490159896750e+02
-6.262397760915921197e+01
-2.642465869160049330e+00
-4.933211117197163986e+01
-5.390707412559832079e+01
-1.044563870244522574e-01
-1.425481332890562003e+00
-3.691587683705582634e+01
2.094262780155942139e+01
-1.365569383365535430e+02
3.980430276851504345e+01
2.015725804120116393e+01
2.318219184931461996e+01
1.445188442468291612e+02
3.341594591451805485e+01
-1.174730213243299914e+01
7.855278754428525190e+01
8.115361431264005887e+00
-3.760524216272574449e+01
2.128827882468772614e+01
3.401659231414293316e+01
-1.076462004596407382e+02
2.071601253714743152e+01
-1.123779079718605658e+02
7.579779788280181840e+00
-9.835000912279383556e+01
-1.205725608527018977e+02
3.282297237592319306e+01
-1.480052335217048949e+02
4.743989879326775849e+01
-8.581199785515320144e+00
-9.678288078540195727e+01
5.372207925905888715e+01
1.412021217630462786e+02
6.129181034725789345e+00
9.128731850793933233e+01
1.135943367518031266e+02
9.736682347494335943e+01
-9.681258066084498637e+01
5.893750242240874115e+01
1.703477777605358483e+02
-3.218242564024762942e+01
-9.777730851111979149e+00
2.211269141730100785e+01
-1.181144501950351611e+02
2.763517320158550561e+01
4.318799452180886789e+01
-1.957680627036066667e+01
-1.057416588728108451e+02
6.911276077004804108e+01
-1.584862170238510970e+01
2.368991614317613781e+01
9.296162843018301203e+01
-1.672811991699654754e+02
-1.599680578525950523e+02
4.484254480912731822e+00
4.613910002814434641e+00
2.734171422173387000e+01
7.215271180639139459e+01
9.600950705456199330e+00
9.530074171503619596e+01
-7.416176961173961502e+01
9.007632256228333745e+00
2.395209706204637357e+01
6.367244029191445520e+01
-2.297857775552980115e+02
1.680123024203969635e+02
-1.343490381552846316e+02
-7.475155221536118688e+01
2.934180625361037897e+01
-1.786127824969366316e+02
-1.326942737160546812e+02
-1.177882548951609998e+01
8.405621419896080226e+01
5.343576550170542561e+01
-1.374386307410065911e+02
7.455277305854035319e+01
-7.152674048122834449e+01
-6.514424985576403060e+01
-1.812806079889343778e+02
8.658776248518825014e+01
5.945880390433757157e+00
4.484602985013835763e+01
-6.321446961071831083e+01
-1.392152726457838128e+02
3.129688778334724031e+00
1.161306912903969391e+02
9.692116724882816925e+01
4.021637489014421618e+01
-2.795630648311738753e+01
4.654660065672898384e+01
7.589413552863652512e+01
-2.482633314348965214e+01
4.643192645665244811e+01
7.088400145875228020e+01
-3.417945224643523261e+01
-1.029891932372524366e+02
-1.583258681164920461e+02
-1.991575791428518372e+01
-1.524494305804131784e+02
4.867116112727386223e+01
-2.203447627646107065e+01
-4.772782775165705971e+01
-1.048056885757267587e+01
-1.674023943477857657e+01
-5.020239186334159598e+01
7.152179600913174795e+01
1.606237176349478943e+02
4.115243224039949865e+01
-8.913117449968254391e+00
-1.076552407740956738e+02
9.764055425360618212e-01
6.454706074154636042e+01
4.423731017134901577e+01
-1.277111082058487881e+02
-4.395714888073026572e+01
3.538040313430575878e+01
-6.342351638208836562e+01
-2.202432102936957108e+02
2.576634277821288421e+01
1.302414846743680066e+01
-3.622588900076800567e+00
5.605457571331985633e+01
1.654133178602270959e+02
1.381376963615204829e+02
-2.267621060453504356e+02
-4.414338361384421461e+01
-1.310309142963955367e+02
6.351128638493153744e+01
-2.673342811790686468e+01
6.944850461083349558e+01
7.833565966621948817e+00
1.425098101389203009e+02
-4.863390627938601796e+01
-1.143961356298781880e+02
-2.097794843082741423e+01
-1.225369577803034673e+02
5.178019615491089667e+01
-1.807178259513083773e+01
-3.448571053259766472e+01
1.307210618856990614e+01
-2.524666164442565375e+01
-3.869824423608322661e+01
5.517610478869737989e+01
2.237096409094291261e+01
-1.450093022603660353e+00
2.258738214945582001e+01
-1.515663745763535353e+01
-9.572095777776914360e+01
4.131416854613084411e+01
-2.117321785427847374e+02
-2.913407508008980074e+01
-1.017675527783667100e+01
-1.110007106480681642e+02
-1.394220725311811862e+02
-8.165735375447155775e+01
-3.588776713775104810e+01
-7.304173583196799768e+01
2.472158297717932740e+01
4.655947882500819901e+01
1.738670378288894725e+01
1.158909168603506146e+02
2.854380601004710627e+01
-2.180696309554883214e+02
1.247913340025471882e+02
-1.497087417020029498e+01
1.087890980653132829e+02
-6.327552317357700851e+00
-1.245006128772612755e+02
-6.596999723621158829e+00
1.274196579398474967e+02
2.078484479589430478e+01
-6.586440722167991169e+01
4.886091746693392679e+01
-3.434346631394559068e+01
-1.822366823317462377e+02
3.069676162146672382e+01
7.446236899013041466e+01
-4.397639973291769877e+01
4.774925622216821353e+01
2.028522692940717604e+02
-6.354937405678436591e+01
-1.685445691517450086e+02
9.311893911033735094e+00
1.641238637468683947e+01
7.028258149629981233e+01
2.709089226058299715e+01
6.741418939775255126e+01
-1.508820074917087481e+02
1.291266282672157502e+02
1.057443189611644243e+02
-8.905789241618941787e+01
-1.252942418377903095e+02
-2.821685465059216824e+01
9.130594253293489615e+00
8.508656595578869997e+01
-1.320194719697810228e+02
-1.832909887621403016e+02
1.248007350970878235e+02
-5.239537897613467976e+01
-1.552750313161423712e+01
-2.445684154635050618e+02
-5.593411332470238762e+01
1.033681756649618393e+02
5.479188920250402361e+01
8.425244959748057738e+01
-6.137133321965357169e+01
1.565330617427067139e+01
1.107117994916384305e+02
-6.071704926808115488e+01
-5.390943467249428522e+01
3.866202780103969161e+01
-3.345699724809878006e+01
-1.453093248498676360e+02
-7.083053837102251293e+01
3.712886783130014123e+01
1.332966507554149018e+02
-9.487959502110732046e+01
-8.390898139990522253e+00
1.321294969743966305e+02
6.217619816802834265e+01
2.366758754835739609e+01
-1.273846782568428893e+02
8.058034682766505341e+01
-1.521917346933661719e+01
-1.008983598144367306e+02
4.801434793062703932e+01
-2.032048958636344693e+01
-2.249441764008886935e+01
8.200197009760563560e+01
-1.266869920544841506e+02
4.437808993814044101e+01
1.053141065495488959e+02
-3.265645060774863140e+01
-1.447331426597047539e+02
-1.793330207552970137e+02
8.914248177428433451e+00
4.730551187240954647e+01
8.341299164962859436e+01
4.229866589417137135e+01
-2.259147014023566058e+01
7.780018509071867072e+01
3.244081568204523336e+01
-8.612060805594596502e+01
2.215397029380330594e+02
-1.553344956378531379e+02
2.060683692396235145e+01
7.901684476520122402e+00
5.396152862332862554e+01
2.136030494911800588e+02
4.826082885356498764e+00
-3.946107584579089433e+01
-1.126589916069183417e+01
4.198965293438257618e+01
-1.118988281557697633e+02
-9.520658743820114012e+01
2.906571219838522779e+01
5.474812999718744067e+01
-2.405992864246193363e+01
3.092780755597810938e+01
8.311894479509116707e+01
5.496680147427415619e+01
-2.710132748513353818e+01
9.773604305754373911e+01
6.182364348596097159e+01
-1.446652957861381816e+00
8.841500526474607113e+01
-3.307411366369877204e+00
1.367669212803037340e+02
3.912606932406048088e+01
1.591148168012403517e+02
-1.444810974012363829e+02
1.855043471042725685e+02
-4.532055385927418456e+01
-6.084208408239004484e+01
8.728059475498100994e+01
-1.131357892238850695e+02
5.370614402972410772e+01
-1.124557969180347641e+02
-1.163023288126034060e+02
-1.251191996579757770e+01
1.088592233333180559e+02
-3.350556132305895574e+01
-4.154619325217526082e+00
6.073396942860482994e+01
-2.745652652635869728e+01
8.224462993839824776e+01
4.817360541901540927e+01
-1.080905755909672052e+02
1.298633827234146167e+02
-1.843559659928897361e+02
7.920409821545344187e+01
9.552939029230847723e+01
5.869405811421228947e+01
8.037989359039089265e+01
5.966921710639587673e+01
1.102731241007641216e+02
-4.949735550679540808e+01
-5.750982105366361452e+01
7.934547572235304358e+01
-2.490858643707474940e+01
-1.143506453869296706e+02
-1.059850193131029350e+01
1.400133219391464365e+02
1.681739562430584201e+01
-6.074558596285329060e+01
4.030188931283927900e+01
1.162419106341969837e+02
-1.227144066975115066e+01
4.097970141612920258e+01
1.362610240801335415e+00
-1.793999633166222907e+02
6.535845277666658149e+01
-3.984718569395941934e+00
-1.537644739591619327e+02
1.682579281692683253e+02
-1.176387450632773977e+02
7.011050184319306311e+01
-5.788480975070782364e+01
1.910412241284099721e+01
-8.026266778247903133e+00
1.046104738465725319e+02
9.107665899125888131e+01
9.119051235156679525e+01
-4.796083414101616427e+01
1.454249071766116685e+02
1.359112267881770606e+02
3.295997592061814530e+00
-8.880919750031097237e+01
1.929344671516242826e+01
3.630663663884505610e+01
5.288141610878579257e+01
8.703043542806717880e+01
2.068595160517144791e+02
1.831433300184799862e+01
1.012251026156428590e+00
-1.288184245358526425e+02
-1.082060169099989793e+02
-2.960617856067996101e+01
2.481769256387887168e+01
-1.131766592684059844e+02
1.101150435115508657e+02
1.209165935422747680e+02
-1.886748958154533895e+01
3.978847937719194761e+01
3.807676851372913518e+01
-2.470856821856337149e+01
7.778145063840599960e+01
-8.815804724532064540e+01
2.085276178802860159e+02
-1.853092188961224451e+01
3.379204155660710995e+01
1.560081411759425585e+01
-1.477626628269928233e+02
-1.574956178645547666e+01
8.044185567362683287e+01
9.751806102378596108e+01
1.943510994555757065e+02
-2.321509111873070808e+01
-1.785701816031698641e+01
-1.071514118751048983e+02
1.182560805881478529e+02
9.367638890445381605e+01
-3.038237848627618476e+01
9.280702238979127117e+01
3.668605501226848986e+01
-3.533970809793592593e+01
8.719478102041802003e+01
1.239326867165009105e+02
-2.507668361613265517e+01
7.134197494375524684e+01
6.403143684198428609e+00
1.036402290368101120e+02
-2.481024642303948724e+01
-4.316308859986099478e+00
-1.453925722404272847e+02
1.435121898106346272e+01
-5.379575919551098373e-01
-8.257457625690124203e+00
-8.703692304902018861e+01
4.486107002111645592e+00
-6.369207705244224371e+01
-1.990750283190940451e+01
-8.945080482151867329e+01
7.082704677315973640e+01
-1.450981823589057171e+02
-8.930349371331686825e+01
-1.445922704350306986e+01
2.036197950593269468e+01
3.577105610394189483e+01
-1.077897521227860409e+02
-6.202252275361111344e+01
5.000928673173167738e+01
1.487246008205735848e+02
-8.562133414264604880e+01
8.862644132052043489e+00
1.147301115752622280e+02
6.577692148878112732e+01
9.653224024969037487e+01
3.842259694563736616e+01
4.327512760634041911e+01
-8.717879779112388405e+01
2.189323465741692942e+01
-5.828491711046666524e+01
1.311715441916105647e+02
7.534664949443757109e+01
2.997634846793886609e+01
-1.287687539936275130e+02
3.967382651289802453e+01
2.332413483273384713e+02
-1.348876880713518176e+02
-4.608567195744147682e+01
3.713214669642039212e+01
-5.717882280628657554e+01
-1.016946602474089474e+02
-8.644184736713557982e+01
1.549245509624295778e+02
-6.094535627289680235e+01
-1.045117077736136224e+02
-6.212767398152886500e+01
2.005697496710878269e+01
1.484646323569986350e+02
1.239523054840630634e+00
-1.806584024620308071e+01
-7.476068700869922168e+01
6.984486695251544575e+01
7.238474448323705701e+01
2.587881601681755228e+01
-9.104144552841661664e+01
4.586385454713082233e+00
2.336853365016209239e+01
5.207416316641131715e+01
-1.861857093699310184e+01
-1.170085637541233865e+02
1.097866123293401444e+02
1.905661557987064114e+01
1.829247865855837176e+02
-7.729645376999916095e+01
-5.551269343420995739e+01
9.538482305781425907e+01
1.547741332769670350e+02
-7.204822922751760927e+01
8.645043994397249776e+01
