-1.421371791733086631e+01
-5.773797015613862271e+00
2.268886443893930505e+01
1.175602035319754464e+02
-9.919161457197887444e+01
2.594065885090911650e+01
3.305682606430993786e+01
1.001384835233507147e+02
-3.244415890903020028e+01
-5.061106611529084631e+01
-7.284499568652726964e+00
5.421905122955453571e+00
1.122205458395401365e+02
1.165418601114182877e+02
-4.678765898810442359e+00
7.108342985766938682e+00
3.361581139991754341e+00
-7.824913169350475428e+00
-1.096387658026261391e+02
-2.961645881328828445e+00
1.349862771812371705e+02
-2.606397227533419780e+01
2.101563695362377260e+01
-2.792840333081367277e+01
7.294054586091964154e+01
-1.073645355803548824e+02
-1.939297525843020864e+01
-1.430847768083566862e+01
-4.135142295068270357e+01
3.683787052816626328e+01
-2.977948014343236594e+01
-1.317520023276846786e+01
6.136231786396595389e+00
5.446221754457222630e+01
2.419110464808302652e+01
-1.291625372784803005e+02
-1.154786583692677908e+02
-3.124454535888390794e+01
-4.878426165136976778e+01
3.906965074531747462e+01
2.760531767042168738e+00
1.138187521141464345e+02
-1.361890951358657844e+02
9.683447072064694794e+00
-1.880766887388266184e+02
-2.293168013218792467e+01
7.438248429030815601e+01
-1.468806950536033185e+02
5.340521657360466179e+01
1.379457123790080857e+02
2.378105162813661764e+02
-6.647427357621398691e+00
5.460638940226606053e+01
3.150302241830640781e+01
-3.186767354947286179e+01
7.887916044342406963e+01
9.275846547893786465e+01
-1.111544261162593550e+01
3.587632349082479521e+01
5.772133511595538380e+01
-5.523969198712563866e+01
-5.523822984041007089e+01
1.181075061684338294e+02
-1.345310851993973600e+01
-1.189639634183658323e+01
-3.334603966201846248e+01
-4.139926371522252424e+01
3.708172139038403969e+01
-2.987885115001323655e+01
1.826366869505572481e+02
1.648856264194398591e+01
1.010205872171183046e+02
-7.832618002180950612e+01
4.433871416320485537e+01
-5.694874228461754484e+01
-1.507153221263380516e+01
1.219587890375465200e+01
9.809511345151582518e+00
9.644316395656311158e+01
-1.571966828062707293e+02
-2.044532087659331125e+02
-1.679234859235159050e+01
1.695469473282371951e+02
1.080287660534584049e+01
-5.681127378571878950e+01
1.378409211247139581e+02
1.601291568967615717e+02
-7.536768160314724696e+01
-1.611762963498077283e+02
9.413603065432756978e+01
-1.417330318412634824e+02
2.884433604485924008e+01
8.851476766213208691e+01
-6.526810009370313992e+01
-9.657206062327423979e+01
4.075660571549484246e+01
1.153726223588841435e+02
1.006747153087234992e+01
1.877191404239048040e+02
-1.763742356765719421e+02
-2.285734579153961121e+01
5.156910038774880434e+01
-6.035494406404970924e+00
-1.285090975522099654e+02
7.265307786576657101e+00
5.043489744308828904e+01
1.395191161106577056e+02
-1.043771330648948226e+00
-9.252551656201268315e+01
6.011275420009212667e+01
1.647216998811242661e+02
-1.071182054136947954e+02
9.390523396373373544e+01
1.110625663678389117e+02
1.927145589133604062e+02
-1.691566776468448552e+02
1.979141934583378504e+00
5.397354082439694167e+01
-1.611206016079733061e+01
-2.220342475729029275e+01
-1.693062002569939750e+02
9.780060951072638176e+00
-2.288762278082455737e+01
1.254319728306047352e+02
-5.599177868808535408e+01
-3.618552427689387230e+01
-1.856155663379031466e+02
1.923371083701779867e+02
-1.397476539717089850e+02
9.943829775132132909e+01
-1.249376951769822170e+02
7.819476785217230486e+01
9.120988394253043907e+01
3.459412643458954761e+01
-7.502941122513772143e+01
-1.758857713890918362e+01
8.688028967577626815e+01
3.326760196472906728e+01
-6.794712955168036217e+01
8.908858045774864820e+01
1.594433189547725149e+01
-1.648601441425349368e+00
-6.704980615945625289e+01
-3.822181101656607893e+01
1.267227966006494988e+01
-8.789170868343747145e+01
4.364698400123639743e+01
-2.034252197281847074e+01
-1.919519451916432118e+01
1.941414279238592542e+02
1.541437193930882472e+02
-1.447358969771057957e+02
-7.255278083597786143e+00
6.806090710875147920e+01
3.175153984891653991e+01
-7.565980650074710656e-01
-9.963601055567319520e+01
-3.334385179285480660e+01
-2.107397354011692414e+01
2.313791858514383293e+01
-1.564894831744670682e+02
7.205682902399415468e+01
2.028639251838522455e+02
-5.554791205185792080e+01
1.594546563909321719e+02
-2.110845560193882591e+02
2.099212803016980047e+02
-7.804784894348647128e+01
-1.469288300767456406e+02
1.181967408105920185e+02
-5.257345521691956236e+00
-5.864269024909287964e+01
6.300673630446664397e+00
3.439167139685903862e+01
7.533282248739389786e+01
9.796235710321404611e+01
9.021056894019127981e+01
-2.982101079189509818e+01
-3.641910111166625086e+01
-7.876382429942654539e+01
7.918615551594560031e+01
-8.524610210968599233e+01
-2.076930835959572619e+02
5.749058764810044408e+01
3.570323292909984048e+01
1.701678103001412268e+01
-6.903584987770112313e+00
-1.530236329262063464e+02
-4.205495163029463868e+01
-1.392888580996679480e+02
-5.766694553319435812e+01
-1.103416331892633195e+02
-3.922890029633826714e+00
-3.932218509258915251e+00
3.016624509904225704e+01
4.648157637967473477e+01
-2.197202154462762849e+02
1.113430897973530023e+02
-8.279953226602715688e+01
3.434615585891507550e+01
1.789873953330767336e+02
1.168998967587271238e+02
-6.116896005954306048e+01
1.288345498413345922e+02
2.487261668138416759e+00
2.053820720788285428e+02
-4.233870848521840458e+01
1.582394040307610439e+01
-5.838990584928878746e+01
-5.476816338024858766e+01
1.247221423406013230e+02
5.844268206194900728e+01
-4.605476916492989403e+01
-8.465905822083585974e+01
-8.593733386859058498e+01
-1.265023987110531767e-01
5.978314268278855792e+01
3.901535689331068824e+01
4.475711814952564538e+01
8.066124598781264865e+01
-3.322318754580681599e+01
-1.176499153648284306e+02
-7.938854651310350619e+01
3.247806041614590100e+01
-1.056344295195274299e+02
5.219461306874563178e+01
-1.027584763422565146e+02
-1.523589334144787699e+02
-2.414207528162582861e+01
2.656552810987187740e+01
-1.135334726228101374e+02
1.740221240809177505e+00
5.076132788837880128e+01
3.647192935052667906e+01
1.198030002300121133e+01
1.283988967379214152e+01
-6.969405706434487513e+01
2.636270301386151118e+02
2.092734406011621218e+01
2.321679889083181436e+01
1.314474429504490729e+02
-9.109994654788192037e+00
-7.073749769594383174e+00
2.313127013808233912e+01
2.417953095729846069e+01
-3.059217869187099481e+01
9.930295369862871269e+01
7.522978694305786007e+01
-9.927500801672765363e+01
8.819398731558843352e+00
-1.761536940432963547e+02
-3.876479646780823884e+01
-2.901591569028694551e+01
-1.344204767335134250e+02
5.411341634401279777e+01
-3.116316363106222553e+01
3.635620139000998563e+01
-1.695045465657917703e+02
8.935428831264346172e+00
4.009872278745083918e+01
3.603170514553319492e+01
2.899825432774939671e+01
-2.025470010538760945e+01
-9.784805801853713092e+01
4.494573214516429260e+01
-8.941013209474243695e+01
6.023443923502701836e+01
-3.906860134878039759e+01
6.928792862217672166e+01
-3.416042278595224957e+01
-1.050218150817723739e+02
-5.580401890202351467e+01
-1.050334833842286599e+02
6.708440633571646572e+01
1.014462998233154067e+01
2.959379572051566143e+01
1.000092808152496815e+02
1.207656028124213350e+02
-1.488284882250666499e+02
1.868081779748951874e+02
-4.776446641499718737e+01
-1.970196276602809746e+02
2.028695880122383954e+01
-3.443985615135344602e+01
6.529645548944415623e+01
1.692367302591000566e+02
-3.937511633941745259e+01
1.581649840851778208e+02
-1.017732200122286912e+02
-2.189270284470366335e+01
-9.984379130130751623e-01
1.258498572542134610e+02
1.158347496065770201e+02
1.734607101525332098e+02
-3.854233604883204123e+01
1.547301471223003091e+02
8.486501199941578477e+01
-4.495861988174303825e+00
-1.997502451458065877e+02
-5.146765371833315506e+00
8.927498352891672084e+01
2.579051928028468499e+00
-5.527318505285467864e+01
4.506569757137764753e+01
1.578774894277748047e+02
3.355265044149020071e+01
-8.036041689970251412e+01
-6.899492589833450040e+01
-6.812278061414544084e+01
-9.180707934465036146e+01
-1.574312486035911718e+02
8.012202595557181439e+01
-6.055063011409501428e+01
7.619052079235142116e+01
-3.993817280495259325e+01
-4.495887110568047973e+01
-4.917196831759076048e+01
-9.754280274151321350e+01
7.028513463043736920e+01
5.264755342088212586e+01
-5.803775168093780223e+01
5.373596734790135088e+01
-8.267390314687055763e+00
3.271919030857380761e+01
-1.172849865616252742e+02
-1.789120966238696653e+01
6.450347919264221730e+01
1.480663129293279496e+02
5.768401557810865654e+01
1.148765914073482435e+02
-1.039708878830711996e+02
1.540458547742397322e+01
1.891584424662303476e+01
1.107883376762643906e+02
-5.579639104480798295e+01
2.704711314470774752e+01
1.162557484249594495e+02
-1.126851482347174169e+02
8.052931590072898871e+01
-6.231075394971102099e+01
1.355776169155414834e+02
-1.660688195548282309e+01
1.374984433147198786e+02
1.416749726481373841e+02
-1.613675411765111889e+01
9.537851103886357151e+00
-1.338283416453772023e+00
2.183453790326654875e+00
-8.161431117711308048e+01
2.847961970347905769e+00
1.862479323420318877e+01
-1.144545575914691824e+02
1.614726024601759775e+02
1.378332104117487802e+02
6.209900086280472919e+01
2.901178187486026872e+01
-1.521714728170950650e+02
-4.946447166576326282e+01
-1.069523847003203656e+02
1.890576562805327683e+02
-2.391613367377312560e+00
-8.269715475993393738e+00
2.058622194553610427e+02
-2.728931933166355748e+02
1.944894026325707515e+01
-3.720837585615555554e+01
-1.665174997184880112e+02
6.361923649115173163e+01
-1.969504938938127054e+02
7.139296167708582175e+01
3.049296617520639430e+01
6.853224161041272566e+01
-4.739264109824190996e+01
1.873943057560960028e+02
-1.827562046474831092e+01
-2.042279469629702504e+01
2.324410929747998011e+02
1.723529959558558033e+01
-7.027879102295348446e+01
-1.336428352013525966e+02
8.465763556870837192e+01
1.337895243697649050e+02
-7.123676178303399809e+01
6.098893298679777075e+01
-1.035840599289487756e+02
1.761801605738896797e+02
1.170174749227797548e+02
1.053249438701192142e+00
-3.869782258776660200e+01
1.170261629034896913e+02
8.402067286862358042e-01
-1.860307051549096116e+02
-8.435547161278178407e+01
2.378047266335222787e+01
1.487953123659941923e+02
4.390383952742234186e+01
-9.553214821159687631e+01
-1.804656855277210070e+02
-3.054198098137977624e+01
6.107487411880268269e+01
-8.841525712084403210e+01
-2.206079513400265171e+02
3.003871039955799915e+01
1.215578261665103099e+02
-1.155253406408367027e+02
-2.331431012926218784e+02
-7.555604752804353552e+01
-1.016049762511990053e+02
-4.909543453159083271e+01
1.052692661497523119e+02
-5.936863104700413629e+01
1.629015497602612186e+02
-4.653567421439148433e+01
1.115042316839171654e+00
-1.484333874949651602e+02
-3.811684580829707159e+01
-9.323749642346618316e+01
1.347159865571422088e+01
2.124535879136374561e+01
8.986741410860791746e+01
-1.172108288085578067e+02
2.192335535158976967e+01
-9.248755464173289909e+01
-3.531590146479292258e+01
-7.835549163773364967e+01
1.341114486187152863e+02
-4.415634992440281081e+01
4.351691031586675962e+01
-1.664505096794954682e+02
4.129764395301394941e+00
-9.202752424684325305e+00
-6.744267716745106611e+01
-3.955588113459066335e+01
1.728881538670430302e+02
2.380991263703285554e+01
1.972321729137362567e+01
-1.049749460105328751e+02
-1.035891281596859983e+02
-9.925886906413018096e+01
-2.319012235634125574e+01
-4.721227030509547262e+01
5.850170997284065777e+01
-4.049341919358524677e+01
-2.351173179164580063e+01
1.073703855458567489e+02
1.067276438861636336e+02
-1.974303406023702792e+02
-2.260365619470925225e+01
-1.093662270613640253e+01
4.775018166833242361e+01
-1.021542372715638294e+02
4.883147274826261430e+00
2.833838343480489641e+01
2.823579221112764603e+00
3.122370815937032518e+01
5.593815196893876873e+01
-4.218894226711431372e+01
2.644026356816155499e+01
3.891787902001732391e+01
-8.101757371178375422e+01
1.088256177220002030e+02
-1.874832763633081356e+02
8.102102830335708461e+01
-5.030736658988779197e+01
-1.578699552059411531e+02
1.002187505969442727e+00
4.951761676210367114e+01
1.937320333652957345e+02
9.530799995347283016e+01
-1.773775672235699687e+02
1.414288615343568623e+01
-6.407964737320797610e+01
2.430173369601147897e+02
2.141573811903953128e+01
1.148054862079794525e+01
2.339693882850390239e+01
-4.180066721907916616e+01
1.269586740949877246e+01
5.223326055123866496e+01
4.523388218490332235e+01
9.467765187324012288e+01
3.630196957767586952e+01
-6.574130308553414181e+00
-5.127763537771834024e+01
1.996546362559869294e+02
-7.738823402224770387e-01
6.285051041007394446e+01
-4.336819634579827998e+00
1.694580786952967344e+02
6.955104983600421065e+01
-6.936137144898088991e+01
4.064928593122348843e+01
-1.337149160716907375e+02
-1.617971378483459262e+02
-1.979252765829768350e+02
-9.787043759761868245e+00
1.078946821085150098e+01
-1.627490006800779554e+02
-1.787538135187116595e+01
-2.844793793054637021e+01
5.463374190828908183e+01
5.847789591703108414e+01
-2.774439988754423894e+02
-2.719526021438267094e+01
-3.030580775205323718e+01
-4.547329717697420648e+01
1.016295234248933355e+02
1.137809629036318313e+02
6.951674532812195650e+01
-3.740917948131119886e+00
3.539604620302765881e+01
7.575404431263794436e+01
4.754094677084523823e+01
-1.511566003946565218e+02
-6.223569122226667583e-01
-5.133283577884713367e+01
-2.839691456117961010e+01
-2.274977901437532921e+02
-7.981619958237266133e+01
-2.105885546341567505e+01
-2.184520973609275813e+02
2.275655443243225591e+02
-1.069864198789561982e+02
-1.555174569353457912e+02
-5.004081854603644786e+01
5.813327862284391045e+01
1.029996813889052873e+02
-1.206307787329609198e+02
5.346990705422545176e+01
6.365042609248745720e+01
-1.745101644515247870e+02
-1.825364535690896162e+01
-9.607220428464790984e+01
3.788165185198710816e+00
3.627409508974579921e+01
1.677414231509945921e+02
-7.497562838886265979e+01
-1.210431346438250877e+01
-3.819195986900064810e+01
1.218967629520203246e+02
4.851559712120030810e+01
-6.706381662978196800e+01
-1.297228394165614986e+02
-1.166701790172380839e+02
6.167672725336991846e+01
6.547175167206084723e+01
-1.512807851217419852e+02
-6.212426709618684839e+01
-2.460740642178903315e+01
-1.231108470722494417e+02
-7.876225928733899195e+01
4.218719289967675223e+01
7.346872480513133574e-01
-7.430138566934088828e+01
2.532825680710513794e+01
-8.598904486938552338e+01
7.500184044855677712e+01
6.863923024456056510e+01
-5.162099389389454274e+01
9.292083245520923640e+01
1.961537813750474015e+02
-4.953444334891839418e+01
-1.036663570670173229e+01
-1.051489607709924314e+02
-1.678660190645650729e+01
-9.787289080096260818e+01
-1.194524883104531199e+02
-1.683808941981224336e+02
7.089389004581492770e+01
-5.233313974060946094e+01
9.737767759011850899e+01
-8.711384584316239454e+01
-5.003817044390989821e+01
2.366010637976958098e+00
4.521305051586826096e+01
1.363552731447857447e+01
-2.228700108360150622e+01
1.188834056965349930e+02
6.898355406128483480e+01
-2.765859258882678517e+01
1.220386368133763142e+02
1.065159557348341508e+02
-9.298189759380737485e+01
1.181198338903426048e+02
-1.867429971388268939e+00
-2.772880520984923578e+02
-3.643561334857812994e+01
-6.362019947138799836e+01
5.428205550173103688e+01
-1.209055135429144023e+01
2.602257777553764129e+01
-7.200320319563550697e+01
-1.099372835824689076e+02
-9.268275186918447162e+01
6.610145994596270214e+01
-6.111163893906969236e+00
7.636796944370678020e+00
-1.045209473462961824e+02
-5.670790403813884240e+01
1.004364256654198613e+02
2.238983608214275733e+01
-4.684802279292664196e+01
7.563195861341343118e+01
-9.768731020014139688e+01
-1.150739824054025462e+01
9.277398869005342874e+01
-5.677408481995601619e+01
-4.924861014462514675e+01
5.238776303556653602e+01
7.740855259140431599e+01
4.052444657403308526e+01
6.195442749788077919e+01
1.322221870946744673e+02
7.538174205747641565e+01
-7.863604501200546792e+01
-2.730516092536201356e+01
-6.367535065295768248e+01
-9.513240193591343541e+01
8.000473149218599644e+01
3.444714329795797170e+01
-1.174519441320756385e+02
-1.640753465880129625e+02
-5.947745564550530872e+01
-1.214924388698631788e+02
-3.411079479930710079e+01
-8.393482707546492350e+01
9.715240554168144627e+01
1.005709041672015047e+02
1.027220728607182281e+02
-9.380289438196095375e+01
4.396729390234416002e+01
-1.088887737688989006e+02
-7.135206219976416264e+01
-5.975067781876106920e+01
-9.019329834482741148e+01
-1.540029396556789152e+02
1.040697594166842066e+02
-1.312120822630509736e+02
-5.437135279611158722e+01
-8.564855392462823147e+01
9.673708435451152354e+01
7.409861475098790784e+00
1.667651054256673149e+01
-4.311144239744459483e+00
-1.558634395795482988e+02
2.726284768913596679e+01
-1.063194171717091194e+02
2.364224891253047076e+02
1.533261728549961731e+02
5.142944260716003413e+01
5.127315172030506574e+01
2.803369485745396261e+01
-1.257283753912586377e+01
8.332277105638394232e+01
7.120285214370407800e+01
2.894231520065186558e+01
1.290590790157159518e+02
5.955625774532090588e+01
2.324379090211023424e+02
-8.881430961943694058e+01
-1.424998864642639873e+01
-3.821991516730483340e+01
-5.557945487234932358e+01
-8.388945621341122205e+01
-1.584512578129010230e+01
1.362351855594444601e+02
7.070417879932179517e+01
-4.139490998677761269e+01
-1.709863050246375167e+02
7.850454601023731982e+01
1.493110970669710014e+02
-6.438968528756301168e+01
5.869539529053064797e+01
5.557689760339864193e+01
7.464261626639387259e+01
6.164539820252311131e+01
-1.278907594931526859e+02
1.836370756104103918e+02
6.439176643930063904e+01
-1.413110577030064690e+02
2.008901063651997987e+01
1.051290080543731520e+01
-3.173736208659459024e+01
-7.506089166845066529e+01
7.548932233479426657e+01
-3.111407266767175273e+01
-2.121797794530541026e+01
-3.706918734223093281e+01
1.042094954486233149e+02
-2.341873595793782314e+01
4.586363108292889024e+01
3.184204449964715522e+01
3.938594143176560891e+01
4.874965470661011047e+00
8.634301195890141400e+01
1.205567837943201326e+01
2.669187255980712159e+00
1.280035262305989185e+01
-1.742909100545283252e+02
-3.814112015186063331e+01
-7.109700398965047441e+01
8.886510731049751755e+00
6.048378282774052650e+00
-1.236137179043358572e+02
2.799195144444077599e+01
3.992541365533092090e+01
-1.860353425339491196e+01
-1.362208867986715575e+02
7.955772509673208504e+01
2.759017633346746212e+00
-2.401947594050391999e+01
-8.879647415896680229e+01
-9.046451263832656764e+01
3.215048149023041191e+01
7.694334784872333444e+01
1.398488858574562812e+02
9.200012347121867151e+01
-1.160256245162722522e+00
2.255808919108366695e+01
-9.769433994446042391e+01
6.046901525758643459e+01
1.437882696480582112e+01
-1.976413937922158226e+01
4.374851774292089601e+00
6.583245929294983512e+01
-3.732748438260437496e+01
-2.293633150634272511e+01
-1.225591950021369172e+02
-6.307999727986648253e+01
-7.860149909545640412e+01
-9.795835932204046514e+01
-4.700128267255433201e+01
-8.330992448258835736e+01
-1.269809984301388113e+02
-4.131986204575176203e+01
5.834613593908652263e+01
1.582976958316567107e+02
3.803830633176642095e+01
1.431987239077503915e+00
-2.152239124415949618e+02
4.969523930258429090e+01
-1.817849987911659326e+01
4.176573355792405096e+01
6.297614549953522101e+01
-2.318730040143865949e+02
1.100031796972637892e+02
-1.487280259156500790e+02
1.228167655473728388e+02
-9.674756331171192869e+01
5.882727186257871210e+01
9.294322254810167294e+01
-5.299566719946640347e+01
5.121159521085846933e+01
5.734405809848183821e+00
-2.582742627644051367e+02
1.277268897113707595e+02
-3.991796366040170341e+01
-8.800410489404704606e+01
-8.337413659567981483e+01
8.191985225080061639e+01
1.139667949625604138e+02
-3.118134384997594566e+01
-3.232899489555746442e+01
5.967026482014169630e+01
7.077249489498765911e+01
1.616931350421369018e+02
-1.105195523256716257e+02
-1.275300286187620458e+02
-8.274653728634532968e+01
-3.277623960542440784e+01
-4.829736225094077184e+01
2.748780863319695200e+01
6.144155918445950704e+01
-4.844193920179722568e+01
-1.947350915599117513e+02
-7.649887893871704136e+01
1.081555027790115844e+02
1.413984693942877513e+01
5.051935208291263990e+01
2.582704752036505980e+01
2.356545082612397835e+01
-1.157465339787241163e+02
7.607738992980051762e+01
-6.991054866885582442e+01
-3.449237860256648247e+00
-2.879500734086593994e+01
-1.139268302601019940e+02
-8.711805131296146953e+01
-3.848558429781490986e+01
5.349289096941242150e+01
-1.149292609754147918e+02
-1.033528189207130197e+02
-1.835171336274175928e+02
4.012016455357183986e+01
-3.929887290245796194e+00
8.286497611844221467e+01
-2.017282718696833754e+01
-2.073304467534546802e+02
9.918920561773539646e+01
2.547748232538890889e+01
-1.360837022430559102e+02
-3.881964402986780982e+01
-1.472848039331879590e+02
2.849415168478206439e+01
-5.091575961358081770e+00
4.258058011661419329e+01
8.165549868692609436e+01
-1.894696625985902827e+01
1.632579676347311306e+02
-7.432999432841693022e+01
5.716779134339341084e+01
-6.845233471721456908e+01
-1.619460290465073342e+02
1.694989333022092808e+02
1.504111235108857727e+02
1.568991595000303789e+02
6.232679347963838978e+01
-1.302327003578149913e+02
-6.100677047655958063e+01
-1.083436072790230220e+01
-3.330140524367141808e+01
-5.321573302975818365e+01
2.623339078901613064e+01
9.329007695326332339e+01
2.823797819702911838e+01
-9.985362440506916926e+01
1.096930153109781543e+02
1.249917205757498664e+02
-7.378953564066600279e+01
-4.749233564799273211e+01
1.370773556178457966e+02
-1.806189175328616727e+02
-9.131941786527318072e+01
-4.343074843616835068e+01
-9.250455634469624044e+01
-1.489336456274849896e+00
6.601500346123994056e-01
-1.572450752658148758e+02
1.667587876030173177e+01
-3.138273933400898486e+01
-7.450588774571592410e+01
-1.363578911003017424e+02
-4.572302618788839368e+01
-6.591721062061249370e+01
-6.384259716456899980e+01
9.182571975109499363e+01
3.664439323039207608e+01
-5.560469444710987830e+01
-7.418530822532378011e+01
-1.901459812242588612e+02
5.625442056996990203e+01
-4.225498458023490400e+01
1.246466037194973353e+02
3.704331506854821754e+01
1.758660606346392967e+02
3.704447974836962487e+01
-1.762185267910802722e+01
5.381143255231680911e+00
-8.126029933416312190e+01
-3.342217779063593186e-01
-1.681818171473565116e+01
-1.232201356809412829e+02
9.102281636368405771e+01
1.597411615045170485e+01
-3.964440462700144252e+01
2.481048741337522401e+01
4.219950674151518655e+01
1.869854558136814049e+01
-6.606418796987075837e+01
-2.179933378502320807e+01
7.782692979335197947e+01
-7.365424578219415253e+01
7.129640289660274277e+01
5.547932821780628387e+01
6.048890155166806437e+01
8.380420429576543029e+01
-2.878441795416414450e+01
-1.916708673399752882e+01
-3.148006251287631585e+01
5.799283643999163473e+01
2.556644657398736911e+02
-5.901165758148629692e+01
-1.985300084548967448e+01
2.143265158471325549e+01
1.318807395805777389e+02
2.632342037134423407e+01
1.246800170530018192e+02
8.725539536803249518e+01
-5.217791101879297599e+01
-1.333894385010123358e+02
-9.405819898649289712e+01
1.139631533633289706e+02
7.575659555969048142e+01
-1.442217960448558358e+02
1.601329753357064689e+01
1.640458335105875065e+01
4.477406071629592788e+01
1.006964080689434127e+01
-9.840475116464767780e+01
3.031765576390387906e+01
-1.392638986020915581e+02
1.050188911486889936e+02
1.172606119653299004e+02
-5.877144215493370893e+01
-7.228231396727692015e+01
2.622854759268715341e+01
-1.180412646210966443e+02
-1.207168076835241806e+02
-1.800550214141989045e+02
-4.719592726501212354e+01
1.208927140854568982e+01
1.105086666468921948e+02
-1.565621299474966293e+02
7.422040725107301284e+01
2.731768642098215594e+01
6.470254913953343134e+01
-1.351176074678111831e+02
-5.451787770419507950e+01
-4.550361201591108795e+01
2.020848069457070721e+02
5.745423554035554758e+01
1.444814588657993966e+02
1.894645611172265660e+02
-4.832221393847125768e+01
5.974506243655757487e+01
1.405120862211489055e+02
1.413446935343818041e+02
2.797025557637501691e+01
2.749846474532834151e+01
-5.333253925054549427e+01
-5.406472506291942892e+01
1.307141603363472093e+01
2.355693111277744389e+00
-5.654793990421772776e+01
7.288165600968423519e+01
1.480100261623048254e+02
9.106597742473324786e+01
-5.302026054211051331e+01
1.196281055536703093e+02
8.759514775642745121e+01
-5.656765565469440560e+01
6.453639003447427136e+00
9.611633962914056895e+01
-1.312937631520141224e+02
-5.833881128757786882e+01
1.331843725804950509e+02
-1.340709196386721942e+02
-3.366482424819484720e+01
9.373916352218803638e+01
1.376991555338770752e+02
2.363881814465777964e+01
-6.566515861313369840e+01
1.377482673072845500e+02
2.581496181420566316e+01
-1.114783294904384547e+02
-1.087418483219237118e+02
-5.558832524633945127e+01
-6.187905629032061938e+01
3.365629773026528326e+00
2.844131450371370562e+01
-5.485837348776605005e+00
-5.093900589496104203e+01
9.332486623699151096e+01
-8.333885843015863770e+01
2.108025251220704206e+02
-9.151458658258496826e+01
8.431766183957431338e+01
1.527717076355267807e+02
-2.144781256553182800e+02
-8.804332088024550274e+01
2.177524162245124373e+01
-1.045535985314616845e+01
1.072258059083357580e+02
-6.530101927357152647e+01
1.392628776400504762e+02
5.016510994771527976e+01
1.544371320276593167e+02
4.995824100160401571e+01
-3.821739267873947199e+01
1.200901478003741261e+02
1.048098721866766567e+02
8.353566134635664753e+01
-2.914177773034323593e+01
-2.183997820010144864e+01
1.354594189309119656e+01
-3.599204102660432625e+01
1.000863566285606083e+02
3.361676332050219429e+00
-1.511416132243580179e+01
-9.092741041171494487e+01
-8.097202737177516596e+00
-7.805092177042230794e+00
-2.876010494881898971e+00
-1.308889692734836387e+02
-1.167392054909306438e+02
4.880813610704431227e+01
-6.475210224456179731e+01
-1.661514773682009434e+02
-1.344288629721945050e+01
3.489904976523872904e+01
