1.399080665518232713e+01
-8.067591949848532806e+01
-3.305275845754361796e+01
-2.067138513909995936e+02
-1.256994361725511169e+02
-1.939638667876472056e+01
-1.011946229498427918e+01
1.288859263034185609e+01
4.198915581238385641e+01
1.972632383147122326e+01
-1.198653559491921641e+02
-5.282412117542973817e+01
-1.004927884011254235e+02
9.300774549296644977e+01
1.751763524049743381e+01
-2.855187106038288221e+02
-1.076826432787986221e+02
2.586538628717195820e+01
-3.003019381173247027e+01
-3.704826558957259408e+01
1.159977042440782036e+01
1.744124636898168035e+02
5.085799274726662844e+01
-6.104519133900203087e+01
4.200916615779264873e+01
-4.418918033052582928e+01
-1.058639192928731489e+02
4.955194027308541393e+01
3.248185232843263748e+01
-1.564669177497891042e+02
2.409135074588211012e+01
-1.964940699105972577e+00
-1.083487186101685467e+02
8.495993931320749937e+01
2.780218283354186681e+01
2.237382241127087834e+00
-5.299871772317334262e+01
2.899539335189536473e+02
1.402764540706154861e+01
3.648818613188274185e+01
-4.573186716231282389e+01
2.828075678849496200e+01
-4.738009805680085673e-01
-1.387407417891132511e+01
-4.615257342407687702e+01
9.095408907301163026e+01
9.295003633200003890e+01
9.487422717932194871e+01
-7.112706710723723802e+01
7.107748703745664898e+01
-1.936366029006074641e+01
1.253256343312773851e+02
-6.075754824674748811e+00
-7.056712080923624342e+01
-2.516595312574406407e+01
5.424503307145538855e+01
-3.672398308970101510e+01
-1.801105066342560690e+01
-1.656461697950621037e+00
9.491280643028223096e+01
-1.356097729487528909e+02
1.280157713065525797e+02
2.785426128399478785e+01
-6.106001106575717330e+01
-1.151300975111379330e+02
8.010610215484369689e+01
-1.031490283010827937e+02
9.614798124145924874e+01
-1.173310961601190741e+02
-8.252325354282058356e+01
1.063572590751320632e+02
5.956743637328257535e+01
-8.607151643705317667e+01
-1.890074560138113497e+02
5.830023511394362146e+01
6.779986447006446326e+01
-1.426525711187608714e+01
2.166876181784303057e+01
-8.076649086778786568e+01
-3.714171386604598979e+01
-2.317218839897052618e+01
-7.580494476447178442e+01
-9.740154531135922866e+01
-4.566884422290188894e+01
-1.256788942082647509e+01
-1.035910050017315776e+01
4.783771588981337430e+01
-9.834818685008353611e+01
6.978455199412753274e+00
-1.108352669820890526e+02
-7.321708859802571112e+01
1.189775196430924780e+02
-6.239350344247908708e+01
6.378309836801828681e+01
-3.313499694999789824e+01
-9.340199334744616522e+01
-4.217160943289448127e+00
8.695820189801182210e+01
-9.113451461549028920e+01
-1.205599683189867299e+01
2.279581926568229377e+01
1.253912066303166597e+02
4.678081258769849704e+00
-1.426451042238443563e+02
-2.220312025681555212e+02
-5.305186271616976512e+01
-5.714240259113414311e+01
4.801721324803914825e+01
-6.104093041932545560e+01
-3.913587396928933515e+01
-8.035412991501416968e+01
-6.250277712367990546e+01
9.792791013395120103e+01
-5.295494711684326461e+01
6.532841414221972798e+01
3.841889551415358284e+01
5.331329807806215371e+01
4.646139049045011404e+01
-3.184072418952655692e+00
-3.779344104157586060e+01
5.132202256602434787e+00
1.245402842446935487e+01
-7.876053830049478677e+01
4.303074599388531318e+00
-1.322651345902433491e+02
-8.210495886964886836e+01
-9.518004573839924376e-01
7.213963138105386008e+01
7.566577128819926656e+01
1.501329815703761881e+02
-1.756558241417729676e+02
-3.204875124307447720e+01
-5.396160318298404235e+01
-6.487920117258872210e+01
-1.370365459310731922e+02
1.560144294460164360e+02
-6.945626175818271975e+01
6.237690195446688790e+01
7.976904502098744842e+01
-2.712875387979752873e+01
5.128392359295787628e+01
-1.697499211925742770e+02
-5.770904525586291811e+01
7.169256501378634994e+01
-1.022371877776026139e+01
-9.353946034821019850e+01
1.864348000989719267e+01
5.437223207232946720e+00
1.213414902727756299e+02
3.977492035996320396e+00
1.449681055690004250e+01
3.923736080014018057e+01
-1.914891620800402734e+02
-1.165020931901177619e+02
7.049071635107574707e+01
1.625636714596199965e+02
4.574196333154232263e+01
4.031354081102012543e+01
1.439933810325835850e+02
-6.704082963140102436e+01
8.735673627265067864e+01
-5.694556982467438466e+00
-9.358913728429473622e+01
8.002137079776710493e+01
5.821498927879228091e+01
-5.460457951803221732e+01
-4.679600977218439084e+01
-8.283632461086811816e+01
9.991294360088723181e+01
-1.025888208288081387e+02
-1.173702034471365891e+02
5.516413290679733450e+01
1.401051034869547607e+02
-2.644785092416922012e+01
-1.308536368595757722e+02
1.190433407118922844e+02
-6.845239120557697277e+01
-5.029253623359895187e+01
-2.098058005180044461e+01
1.903272645713394411e+02
2.229991836425634801e+02
-1.735578344962115978e+02
1.438396385471982910e+02
-7.111216761422265620e+01
-1.247793532788212332e+02
-2.871972542537669426e+01
5.059574986343931613e+01
-2.244402295087807886e+01
-5.280811783875755339e+01
-1.364053631410010325e+02
1.277175716294649321e+00
-1.220433645522205524e+02
-1.602321406424970576e+02
1.264842244527254564e+02
1.531540349139695536e+02
6.330909292660625631e+00
-3.425524562128123307e+01
1.936394959106725082e+02
-1.349170253914543878e+02
-1.242689585388585556e+02
-8.352937916622703085e+01
-7.043903660837503367e+01
-5.588087550532534209e+01
2.485457774417027821e+01
-9.538677680791121816e+01
8.588510685116749244e+01
-2.100693121495974580e+01
1.186894273038440275e+02
-1.097109521060576611e+02
-3.225236010675729403e+01
1.482085671516193770e+02
6.898654790279593385e+01
-1.269835237176820613e+02
-1.198241282200814908e+02
-2.554499936487793832e+01
1.324240757368733057e+02
3.561658898013801888e+01
-1.959671795325919561e+02
3.177544129055477029e+01
-1.019924490696102168e+02
-1.965028041805161152e+01
2.634935224058004266e+01
5.859287954222804018e+01
8.426429392809235974e-01
-8.404858818380914443e+01
3.329606331288101018e+01
2.843157368239535572e+02
-8.530665878819773695e+01
7.947378342426517861e+01
6.748917560394156112e+01
-1.453081508003367048e+02
-3.013490040693912064e+01
6.491464816279095373e+01
-1.900244903501989029e+02
-1.053594648245308179e+02
1.533350334383990514e+02
-4.690084664489933175e+01
-4.960660141727211681e+01
-2.366123467588741480e+00
1.507984351183726233e+02
-1.073935749764214762e+02
-3.476838481943911319e+01
9.601731137647323777e+00
-5.488094469638076589e+01
2.774346743970261642e+01
-1.642878302422956267e+02
1.768228913991698619e+02
6.022549191941938318e+01
-1.000365775523278273e+02
1.710567518145491306e+02
1.080552168503618837e+01
1.029316468310344312e+01
1.079661391537261323e+02
-2.529230853159731041e+01
4.156554201562449435e+01
1.895315187960211034e+01
-1.144458173300097314e+02
-6.446072632243547673e+01
-6.103512536152879875e+01
1.031602016999590461e+02
8.209951144645606291e+01
-1.553417893621986821e+02
-6.352437827347939248e+01
-7.658843444653483346e+01
2.347849398973813706e+01
-9.483104900308795493e+01
-8.570286841034406677e+01
-5.301572534369401524e+01
-2.055034178254128108e+02
7.131083285634440472e+01
5.946982726101764882e+01
8.339595115182015661e+01
-2.196211833418648141e+01
2.109613277812985999e+01
-6.795933465383953376e+01
1.060657684516512376e+02
-2.294658601006318932e+01
-1.088200177637284298e+02
-1.505253709194606984e+02
-9.952168960832250377e+01
5.756297902933248167e+01
1.547216330085272773e+02
2.657252649345839757e+01
-1.859737590361917796e+02
1.447844832136905211e+02
-2.403242230335670371e+01
9.206318402032444226e+01
1.005166649277118296e+02
4.771838543868572913e+01
-1.195154358232565102e+02
-7.420887947302665566e+01
-8.336829510287955713e+01
2.126391761247431020e+02
6.344379994569645476e+01
-1.197323260215614908e+02
1.549381108048263229e+02
-1.543164661669113116e+02
1.414055910163677652e+02
-8.638613919744528857e+00
-7.373286229922912938e+00
2.941254023135470419e+01
-1.556927058017429033e+02
6.483552677261081953e+01
-1.160293077359252862e+02
-4.075133430498483733e+01
8.393785844920067518e+01
-1.254225354104554810e+02
-1.797805050747895166e+02
1.495275726125228175e+02
-3.716658549188046834e+01
4.014380718012123594e+01
1.097250775191902061e+00
1.018610115646398100e+02
-1.045932388692399400e+02
7.416934015025674398e+01
5.799388248091586462e+01
4.197338332288885532e+00
1.242119609900982624e+01
-9.874039278356484317e+00
-2.639669478954951387e+01
1.111738756809208866e+02
-1.486503157573537948e+01
-1.292615621375451269e+02
-6.845735284907419782e+01
-9.830919961103167282e+01
-7.700077241629911384e+01
2.261461499684536136e+01
-2.909995244040336715e+01
-4.424674296663766171e+01
-9.587345220786096434e+01
-6.547260158267938834e+01
-1.384580101873155478e+01
-3.267550874096252045e+01
1.509638136355956988e+02
7.308428513649715796e+01
3.475662397614188137e+01
-1.206621278845758951e+02
-5.227769895801846900e+01
-7.973165429468465959e+01
-2.321623820269923044e+01
2.237264055773084337e+01
-9.284412399280011385e+00
8.435405951617157783e+00
1.105950542541648929e+01
1.538698229435579208e+02
-1.321416192162380696e+02
-5.137540910260529614e+01
-9.040959104326418583e+01
7.597173501096202131e+01
1.523320731896992299e+02
-3.487110732302896565e+01
-4.559456490909006021e+01
8.580223072658847627e+01
5.633973236567470622e+01
2.927652872451874799e+01
-3.843506066262897747e+01
8.718388002986169738e+01
-3.975809558146178091e+01
6.154852996679836963e+01
2.065607192297133921e+01
-1.914663721024421150e+01
-1.002234392891917913e+01
2.265206542352409258e+02
7.552957769244812880e+00
2.064474121593088682e+02
1.335593784621742230e+01
2.503381973110086633e+01
-1.104374072648481473e+02
5.860457143088872556e+01
4.869021522123841805e+01
-1.778677448003396080e+02
-2.689782066569572407e+02
9.704579120203372611e+01
-9.901159635730620323e+01
8.500190278301328561e+00
-3.982895432473198127e+01
4.330911436988123597e+01
-7.261558201816530556e+00
-7.601293642664973049e+01
-5.289051989087186101e+00
1.485872041236800811e+01
2.364934595790970491e+02
-8.554661216248245381e+00
-1.088333741521250602e+02
2.382590602924626921e+01
2.519912479712910169e+02
2.089352331658641759e+01
2.819832900495559791e+00
-2.779216358402872800e+01
-1.939160951344607895e+02
3.417342213278610785e+01
-5.638231726637275898e+01
9.664698143454933188e+01
-1.621969311035021519e+02
-7.196776356782004314e+01
1.295691565215207959e+02
2.596522931951819047e+01
-5.792093808374641384e+01
-9.925377237773956551e+01
7.246523967293795465e+01
-8.919289125320541700e+01
7.051927330695315277e+01
-1.112540213770045838e+01
-5.211199106643285006e+01
-7.457120438759035608e+01
3.625095228021472593e+01
6.505259988874823307e+01
-2.504108468859017123e+01
-1.016153342665008807e+01
6.836225202435862514e+01
-4.181468774787967391e+01
6.206312711129025672e+01
-3.877954445759107927e+01
-4.422019668233213707e+01
4.809078787779963449e+01
3.163387606311194844e+01
2.363673055232692022e+01
3.366676213331203371e+01
-7.138726591657351150e+01
-3.136129697010498596e+00
5.917433939167408141e+01
-3.205078594918084889e+01
3.792105379433333923e+00
-1.045708641760351867e+02
4.952854543258333564e+01
4.154274101141599829e+01
1.940423447957098801e+01
-1.228670661000146254e+02
1.328148775499289229e+02
6.603552003992327002e+01
1.393204891061390782e+01
-1.134527035965714532e+02
-5.668810270429771236e+01
1.098689141242366105e+02
1.021289437270344358e+01
-8.619312551221445062e+01
-8.519598352380944561e+01
4.463617341539377037e+01
-8.356721484790864451e+01
1.591057287724905791e+02
4.444050570980164139e+01
1.374076112904928095e+02
-8.875837807451424055e+01
6.967786669651076181e+01
4.834524287026835054e+01
4.074245538549519807e+01
-6.358500759746532616e+00
-7.959773769865614668e+01
2.600280739186365864e+01
6.786340599996773904e+01
1.393607563966791751e+01
-1.912949013577854771e+02
-7.752724650761113878e+01
1.607651633675861191e+01
-7.055415065913570061e+01
-6.563223653184645912e+01
5.797084850742625406e+01
-7.251582395591906050e+01
-4.638344778629918608e+01
9.883112244512560096e+01
-8.981202480955707301e+01
5.624961527679674589e+01
-7.924819920593660250e+00
-1.571151459366270444e+02
-8.213728561151691920e-01
-1.204986262002640274e+02
1.006412234842899167e+01
-7.969016332970295657e-01
-6.944256489959562373e+01
-6.194643565217990755e+01
-8.888035110291853869e+01
4.653776326009830200e+01
-2.444054408382667987e+01
-2.079821764265101081e+01
1.618319606099097996e+02
-3.919948835430266598e+01
7.268223537401033241e+01
-2.013053372877942593e+02
1.093788009323401766e+01
-1.640091933881944044e+02
1.189432781865660331e+02
-2.749541273584461543e-01
-9.459373499786872230e+01
3.074597571206195923e+00
1.309345054114304503e+02
-1.468467349303537048e+02
6.881253170974541433e+01
2.049551565795898256e+01
-5.014532130573773117e+00
1.294001295434919143e+02
6.868726455937353137e+01
1.048839184181361617e+02
1.047729824015065390e+02
6.729498413288895620e+01
-1.435669834827248259e+01
-1.677227624928396494e+02
-1.645396907609848824e+02
1.849688147311698216e+01
-7.625823551036440051e+01
-1.838764207178076049e+02
-3.450808698233537797e+01
-2.004043610686930208e+02
-1.021743502422715864e+02
1.320645071312257812e+01
-1.102563123660868314e+02
4.616426894243977586e+01
-2.065810352288097533e+02
3.329002203432444684e+00
-5.448057386110133393e+01
3.920431127098199742e+00
-1.292290531148862556e+02
3.875815931168167339e+01
-1.513288732443634217e+02
-3.329567450557892982e+01
1.201286147539017009e+02
-9.720466185240391610e+01
-5.630410529914026085e+01
1.289940922044812055e+02
1.567182330791793277e+02
-5.562593123173129328e+01
-9.801230880915339583e+01
-2.755425246890901292e+01
-1.638474006771755285e+02
-9.320463410824384454e+00
6.308871047700377943e+01
6.684402283793886568e+01
1.603975366131330702e+02
1.478919306965196654e+02
6.900519870805176481e+01
-2.339011824574048859e+01
-1.102239697230641724e+02
-3.882540573754053526e+01
-9.474561932837868028e+01
6.825973659151304673e+01
-1.845927868217910373e+01
-1.629138478480865260e+01
7.020333770983670263e+01
-1.451667555004347605e+02
1.688049485066518685e+02
-9.502268281192772292e+01
4.595187297006086169e+01
5.653279150593167657e+01
7.937652578345084464e+01
1.269275752484573445e+02
-9.065311739660133128e+01
-2.249380856778144278e+02
-9.390634325691128481e+01
8.152314096728414938e+01
-1.444845191967860387e+02
1.585437053420796474e+02
-1.556152925875692574e+02
9.491838164985003345e+01
-1.614802250889948354e+01
5.822101402597514408e+01
5.616594758663995179e+01
-1.352437760865236385e+02
6.614897338269409488e+01
-1.445528489488923469e+02
3.177132058572009043e+01
1.178970479331846661e+02
2.813341817283806634e+01
-4.144313424948266089e+01
-6.487282461239547615e+01
1.136169616447889297e+02
-1.329270194113795434e+01
-1.224314667474201883e+02
-2.583849629795957981e+02
-7.792598444376052669e+01
1.597576750621974213e+02
2.179844785406606178e+01
-6.543512746337017916e+01
-1.379522289326445446e+02
1.862169666738598295e+01
-5.555771700937771840e+01
7.371380725696523939e+01
-5.420295789081814064e+01
-8.301062067430595448e+01
-1.446426297222485573e+02
-2.257992539410058441e+01
-1.163669057666880917e+02
5.189694995628418184e+01
-3.301319546934237081e+01
1.264738072232988770e+02
7.100782463292779312e+01
6.286882366848581682e+01
-1.032220020768365032e+02
-1.004573907071596039e+02
7.580880504752981608e+01
1.694702341683339952e+01
-9.692254082500430457e+01
5.713468759657400398e+01
-5.853705275849831224e+01
-7.885746526036291471e+01
1.043691485006195130e+01
-1.191164992638279863e+01
1.086319058097213457e+02
-1.518548202288142477e+02
-9.054205742191031447e+01
4.688180200286517163e+01
3.813035786168170205e+01
-1.043468005933610421e+01
-9.893977174781552364e+00
-1.156093847548099944e+02
2.004757178200558201e+02
1.760707426181271842e+02
1.954852549840528031e+00
-5.561273840740361685e+00
-1.087595064323693208e+02
-1.339400969836674449e+02
1.777131254816422370e+02
-1.435754421765308280e+02
-2.767335756445049810e+01
-9.989977998132879122e+00
1.566326078676216298e+02
9.446688860772621865e+01
-4.073501756308370858e+00
2.928366187170997392e+01
1.834355563459576501e+02
2.731731710847441263e+01
-1.621075271192256295e+01
-3.327940483921958759e+01
3.560454758907201978e+01
-1.222437332206339562e+02
-9.895357413505890065e+01
2.590648975524112174e+01
9.256246576540810622e+00
-3.225399655968819168e+00
-1.090991681389618009e+02
-4.192998778958290274e+01
7.134262175742151157e+01
-2.433550814820567325e+02
1.049479140635235694e+02
-6.186459102373324015e+01
5.978771545659710540e+01
-5.174343427203025669e+01
-8.181735601904536281e+01
5.538540689474593393e+01
1.188557777896941303e+02
-6.502180300179402650e+01
-1.277470576704209719e+02
-9.547557553970320043e+01
-1.006849682906482570e+02
1.309776431912210910e+02
1.336175378342773854e+02
-7.486635654129499073e+01
-1.980662283846599436e+01
1.325597979136542204e+00
7.864051165154309331e+01
4.642361498141164589e+01
5.364495735883227212e+01
-1.295869053851924093e+02
3.053555014377540715e+02
1.413377178423226326e+02
5.556959397759723629e+01
1.269547485080279330e+02
1.354233462946186819e+02
1.248031528914552410e+02
-3.013730366917364734e+01
-3.099758327696761029e+01
1.490756638592612546e+02
2.201882623136652342e+02
-1.316101404171150762e+02
-4.691935838541932924e+01
-4.794281367263754134e+01
8.938143969773156527e+01
1.223700204407902703e+02
-1.033849047369706824e+02
1.405779690589631059e+02
-6.113162025117213716e+01
5.226347216235495807e+00
-5.978475237797436392e+01
-8.856295736486178782e+01
5.132992618453432243e+01
7.158527609875513065e+01
-6.444650247368103635e+01
1.810389930267857892e+02
1.222945456286011279e+02
2.098473990996825123e+01
1.358138995890182343e+02
-1.323434476149623436e+02
2.004112318374455626e+01
-1.236177937697105307e+02
-1.160263162493377536e+02
1.350325763764531644e+02
2.023380291545638840e+02
-9.502969426949373144e+01
-4.402086700265909514e+01
6.083602308907130940e+00
3.555518319274568029e+01
-1.773012826439062906e+02
1.415046385425507367e+02
-1.101820988081976509e+02
3.077998180634301661e+01
-1.394474877857767012e+02
-7.584972574348657304e+01
-5.571763868857453872e+01
-4.611261974661091756e+01
1.037749617538722759e+02
5.887827830069812052e+01
1.069785711202498391e+01
8.636664730216598684e+01
-1.728682147368004678e+02
4.923896057858941333e+01
6.371427586599734383e+01
2.169599065471304655e+00
-3.581094077929602548e+01
2.354144720043958916e+00
3.595313234043187123e+01
1.436594942063915994e+02
2.763074969007969273e+01
2.257981550317269281e+01
-7.835941005090559486e+01
8.604103118806987993e+01
-3.352608480553151793e+01
-8.673675945862153469e+01
-2.337349993267883974e+01
7.370568808968799601e+01
-9.741334424605587117e+01
1.087862870934886672e+01
3.701680186840338393e+01
1.512233958784451602e+02
-1.442598766440874414e+01
7.671636633494016699e-01
-1.244289370959072585e+02
-4.311360253239292462e+01
2.336693765666071698e+01
1.661379587051884528e+02
1.801552525208022892e+00
-2.570668073121880326e+01
-1.260591244167634528e+01
-5.886094798758688285e+01
1.923963354715626295e+01
-5.179775207286262173e+01
7.660931059634917517e+01
-3.846570737956844255e+01
-8.856721834966960216e+01
9.128337635820339813e+01
7.673195015340922298e-01
-9.386489887637594620e+01
5.777958359445577230e+01
2.636919987170638358e+00
-1.319688514188782733e+02
1.580983808776894648e+02
1.725311415113006603e+02
1.221304803626640165e+02
2.015226950534938766e+01
1.719021910851864376e+01
-6.633776957861223877e+01
4.803255170416911568e+01
-9.835499013073115293e+01
-3.391887741067770179e+01
-1.006509537828941490e+02
-1.322312986139954738e+01
1.310282821339716293e+02
1.184104535903078812e+02
-8.816066167819986532e+00
-1.430119617605212312e+01
6.388686597291668079e+01
-5.999418146920372230e-01
1.222857758418415415e+02
2.001740556630076284e+01
-7.136604737310295832e+01
-1.000876766757386207e+02
6.312969475543034115e+00
4.737911399490891284e+01
1.050283690834743169e+02
1.155285545372400264e+02
5.155605788858984795e+01
-1.647761004871235571e+02
-1.963267649532101302e+02
1.557100915773272050e+02
-4.297121330953467044e+00
7.860347187908195110e+01
2.112733425442579005e+02
-1.809511346577323110e+01
-1.768404584188486695e+01
-6.976044248206350495e+00
-2.485323017165484671e+01
-9.110991776120283703e+01
-7.347583772101137001e+00
1.594226029433542635e+01
-4.802919106075338362e+01
4.334487574243076580e+01
8.128008251717916721e+01
-8.629368404115399471e+01
-2.021929440874162935e+02
-8.922604701757455814e+01
1.716912132145913574e+02
-3.869966299786452169e+01
5.850200227034130762e+01
9.647772335217506878e+00
1.656561688971828232e+02
1.165531873244665206e+02
2.480492528204337788e+01
-1.412101586675258886e+02
1.238892292254886343e+02
-1.016517255830945459e+02
5.928020939426001945e+01
2.896743181209802742e+01
-5.937959623290596056e+01
1.330772503779650151e+02
4.067404621556144662e+01
-1.256650235131161821e+02
-9.166261704038647906e+01
1.938765569154192647e+01
-1.280484751535778400e+02
-9.403491906903171582e+01
8.417436752864446703e+01
-9.949159819202819222e+01
2.163590668802962114e+02
-9.567552848785876307e+00
-2.325745507190752335e+02
-2.258012162276618540e+01
6.951419989319596482e+01
4.933718369322723163e+01
-2.045655156625901441e+02
1.532292363802282686e+01
1.957480914158119845e+01
-3.843343627212185254e+01
4.010132469182839543e+01
-1.129131834009068740e+02
-1.792384324699135050e+02
1.155902399880389027e+02
-1.079674272813555973e+02
-1.117399186296432418e+02
-8.881621223339089966e+01
-4.381941524821314715e+01
-5.982716170422959578e+01
3.664966970723568096e+01
-2.948270688461021649e+01
6.823105915738680949e+01
8.987188933116121348e+01
-1.084214582198110843e+00
-1.262734927862098147e+02
7.511993255658909163e+01
1.051801148023739962e+01
-9.719539747471277735e+01
-4.435174503493649922e+01
6.486225906575847944e+01
-3.089325871317038619e+01
-1.078423409343492807e+02
1.567767076452189769e+02
-3.506038701649761435e+01
5.643301808269102082e+01
-4.476598776761005638e+01
-7.538493608880362729e+01
4.068423474179031984e+01
1.376954771245259792e+02
3.539776767037519534e+01
5.720356658931819993e+01
-3.472998050484398647e+01
-2.082005568196095737e+02
-4.615870553783207875e+00
9.257326022843939484e+01
-3.102212710782043104e+01
5.639019834232155404e+01
1.641159907704443697e+02
-6.002324658480197428e+01
-3.961345536026127689e+01
-1.141092307229233382e+00
-7.944346107050060368e+01
4.981073105729826267e+01
1.189817656048923169e+02
-6.691459954965660017e+01
7.705638978076824230e+01
-1.099169783288241007e+02
-3.083434066245168026e+01
1.160769016661828346e+02
5.650705495979438098e+01
-8.332366496830084657e+01
9.246737103342113073e+01
3.986800385239887667e+00
9.272172951614965086e+01
-1.995383766882627796e+01
1.005799949343643362e+01
5.844944402904923919e+01
7.672893562782873289e+01
1.177204551224807361e+01
-2.510458198169019184e+01
9.154581664446587297e+01
4.909350239457628717e+00
1.771447829080905478e+02
6.779315005429151597e+01
-9.834271135088030746e+01
1.198708043192926453e+02
6.461566282125532723e+01
-9.022954381419637571e+01
1.443298844503580085e+02
-2.641914437571065832e+01
3.795342994197572040e+01
-9.880419633465422180e+01
-3.033541706338350963e+00
-1.409813362418815643e+02
1.544544238876558211e+02
-1.207317691568712661e+02
9.520781906528222294e+01
1.351458566837357722e+01
-1.266596281395445445e+01
-5.329163346842972970e+01
1.171052272253678979e+02
1.201007514561978411e+02
9.997920285606942059e+01
1.502842484818388300e+02
-2.022263389205377493e+01
-7.824902040151535232e+01
-7.143928081388028772e+01
-7.177391064299557399e+01
-3.379976668724979305e+01
2.008427497082037050e+01
-2.666361168951470262e+01
-3.813763027739221911e+01
-3.640114376815410946e+00
1.189030012565587811e+02
5.542871103966487745e+00
5.000216489035135226e+01
4.232621093976069915e+01
2.020222975421918576e+01
7.412183709495796791e+01
2.459160449951783107e+02
2.060036704367295215e+02
-5.685408596823744887e+00
5.635531666635451131e+01
4.335706554686321823e+01
-6.627026622662862110e+01
1.629170062757495714e+02
-2.283232005997693648e+01
-8.660921951550848519e+01
4.444600113883583958e+01
5.618721802888639871e+01
2.986863623581545113e+01
-1.872554893366974227e+00
1.085348535510412376e+02
1.513855506843522392e+01
-3.467995797201253083e+01
6.371474340077510590e+01
-1.213195362650185984e+02
5.411127929872839104e+01
4.277100904645014623e+01
4.076855077989801401e+00
-5.979617557514566784e+01
-1.343369220778409954e+02
-3.317247297335855194e+01
-6.098464282630445865e+01
2.082916577288619919e+01
-8.555431920495102815e+01
-1.081355566219762494e+02
-6.046308747699714559e+01
-1.138502019379474177e+02
-4.772923426869617458e+01
-3.649544212482852856e+01
6.338892897171741936e+01
6.672232337883161790e+01
8.754781833282110881e+01
2.189653843263158706e+00
-4.319009623876385007e+01
9.592727691402291157e+01
9.703850714893269469e+01
7.092664550835054982e+00
-7.931593753575354455e+00
-8.448198446925241356e-01
6.272878767376820974e+01
2.170824467589369888e+01
9.161018464846409870e+01
8.951923084834199074e+01
-2.351566101323554037e+01
5.124363031539630242e+01
1.646610093089027771e+02
8.712029755664650565e+01
-1.981901989614396200e+02
-5.881221892910124893e+01
-1.184083229109069890e+01
-1.325500469879667094e+02
1.734721932145992014e+02
3.168294422765717044e+01
-6.995032231296846703e+00
4.633224810384361092e+01
-7.345457990254372760e+01
7.792340539841150360e+01
1.266597618275359878e+02
-6.697818272690450669e+01
3.405437052234319140e+00
1.878536399905953260e+02
-1.449433845201228905e+02
1.295585014376545985e+02
5.106036552625387515e+01
3.679879955841398953e+01
-2.559338631706188849e+01
2.461862666171846925e+01
3.141446708702670776e+01
-1.028319036569812255e+02
-9.043678061296904502e+01
-6.982503084646299385e+01
7.169316427348799436e+01
-4.947982852878612192e+01
-5.771247287487366862e+01
5.562920885986391539e+01
-1.492909559002799647e+01
-8.862024037800195231e+01
-3.201003753335198354e+01
1.229244339880441288e+02
