-5.507686011867048848e+01
-1.311199535007042130e+02
-8.152648121984888974e+00
-3.763739267585677339e+01
-2.810532965641912995e+01
-1.047180622303263107e+02
1.062610343848716354e+02
-4.799841249757592010e+01
-7.460891031899968162e+00
1.141419239514011110e+02
3.840495331487971953e+01
-6.528246499992077645e+01
1.882661592977918374e+01
8.347885275218712309e+01
2.215000145091344796e-01
1.572528725586040643e+01
-3.120301436283985552e+01
6.239744533715687425e+01
-1.824497108493217112e+01
2.189176135516989419e+01
-5.505425747184789032e+01
-4.839131690261140761e+01
1.064194258572477452e+02
2.953563313142867131e+01
-6.662740547584193962e+01
2.981794316466350026e+01
-3.541514236679585537e+01
8.335491583089165601e+01
-4.567386756153696581e+01
4.967611579073276573e+01
2.095717038222593231e+01
-4.810242918051899963e+00
-9.879957762953307565e+01
7.578480553941679432e+01
-1.386027204376006807e+02
-4.696163478150968018e+01
1.923982815411431488e+02
2.677244615935456551e+01
-7.485289238065431050e+01
-9.182960404652011732e+01
-9.651553398939034878e+01
-1.190612625751271558e+01
-1.293756163030181199e+02
-8.795255960497847525e+01
8.727928305790992169e+01
-2.087734419278675091e+02
2.588567179441212716e+02
-2.167570034713556026e+00
-7.527475769983163900e+01
7.791046481144506686e+01
-3.306291061905679385e+01
3.172786687050614063e+01
4.163673369548130410e+01
4.243148090133325212e+01
-2.506796209822984736e+02
-2.886559142273014444e+01
3.884294947081561844e+01
7.969061039617481867e+01
-3.180347224009888407e+01
-9.961725016729153026e+01
9.730438107135705650e+01
6.633246117206384440e+01
1.921598385403128191e+02
9.032773730359537012e+01
7.085016021002033426e+01
8.593006634111074504e+01
2.122469075980623288e+01
-6.523628585800142332e+01
6.186637111404448319e+01
-5.341812950303189034e+00
-1.282221654578297603e+02
-1.011591372048851127e+02
-5.801836016216985570e+01
4.117199533152414936e+00
-1.529247182182917015e+02
-8.590090709133927760e+01
1.322339892821712510e+02
-6.555720230094622991e+01
-5.313167565599638209e+01
5.903462544459306116e+01
7.529620191230193882e+01
-5.800345876255485145e+00
-1.000608796538497671e+02
5.957168250841023394e+01
1.057002009797969180e+02
-8.925097452194914638e+01
1.028902472045939334e+02
3.002700887030123056e+01
9.616985497553969253e+01
-8.539834679169806009e+01
8.319725454446115975e+01
9.865034333230822128e+00
5.441860986065255190e+01
2.138909251735274708e+01
1.033840897084483146e+02
-6.470481245222927669e+01
6.188001750864091832e+01
2.430652371147482427e+01
1.456263815085790192e+01
9.668115345064907729e+01
1.396618403978332594e+02
-2.691660265196372492e+01
1.179865226082425949e+02
-8.052601211723602148e+01
3.733852696859106146e+01
1.987407157830108417e+02
1.121833821649653729e+01
-4.931776467674555420e+01
-5.330180270225011441e+01
2.370262117498625809e+00
-8.315895005262974848e+01
8.528210992265250923e+01
-9.288898664375312819e+01
4.192520982126108464e+01
-2.007806030512348627e+02
6.183248784535995668e+01
-8.961635092461682106e+00
-1.203510939364247179e+02
8.052585545869210648e+01
7.509201327954509964e+01
-5.003143854394223666e+01
-1.302974953139161016e+02
6.897507804646107843e+01
5.634281083147282487e+01
-3.207062950077281727e+01
1.815139306423962751e+02
5.135617297865152153e+01
1.878217434581636667e+02
7.477428910529835093e+01
-2.667824031367208093e+01
3.874945511894183170e+01
9.728544905237031060e+01
5.089659381904421309e+01
1.067570282997331077e+02
-8.100122776610191977e+01
-1.819535048314196501e+01
-2.304385429753125436e+01
1.119708638908152807e+02
-6.409417161165242760e+01
-3.141019578520076649e+01
-9.935321280906319430e+01
7.823701934088852283e+01
-3.466434609142768153e+01
-7.931011641048579008e+01
1.735098063169951672e+02
9.277324400359576373e+01
8.712281113819051015e+00
9.185541072722654121e+01
8.172758202930765492e+00
4.547265655696840270e+01
-8.503284369015540278e+01
-3.670098653672351929e+01
1.739339650623280775e+01
-8.083495813822366927e+01
6.168182751648134854e+01
1.364074054611454585e+02
-6.631609114430790441e+01
1.088081522302712401e+01
-7.092874357288520670e+00
1.279092874890913976e+02
9.804845934175132172e+00
4.480050141988418488e+01
5.757526886175447345e+01
-1.263983675198696375e+02
8.804602639244473039e+01
-2.004658010239125332e+01
2.341386619133936975e+01
-2.586366452539614613e+01
9.628879770294120988e+01
-1.771137553467807777e+02
5.394578167096043586e+01
-1.184215555996898814e+02
-9.531287874464800325e+01
-1.362296089506577346e+02
-3.919767794671998473e+01
-2.311545706334716854e+01
-1.871620607536153447e+00
2.419023517774459453e+00
9.705859741744110636e+01
-7.777126643608535517e+01
2.070399285579748039e+01
6.042824138567867465e+01
1.066127543541658866e+02
-4.335067891630631465e+01
1.645714705496613206e+01
2.010973441033668863e+01
1.238333505335453282e+02
1.907377676690817054e+02
-8.611285577321547180e+01
3.484198927008743851e+01
-1.201612719184458733e+01
-7.336825155619342809e+01
-4.050744852028446275e+01
-6.477986441499372461e+01
1.630801836693529765e+02
3.295827540903073327e+01
9.592067518080725108e+01
-1.506108731440493820e+01
8.061322383313196838e+00
-4.789392108326916286e+01
-4.143117600495779840e+01
5.635650409873494482e+01
-7.407464344331395978e+01
-6.019001004694174384e+01
4.508578757076517718e+01
1.673610939907723250e+01
1.659315498355302907e+02
1.796581810702026516e+01
-1.759827842640081315e+02
8.502016061593198515e+01
2.574188611114931469e+00
-9.351060698847179609e+00
1.734015817787334868e+01
-4.395915055407954242e+00
-1.261600463771246794e+01
-1.906886323504394056e+02
-9.279196633655865867e+01
-7.649371056815374459e+01
7.762759572365276028e+01
1.002712629549324532e+02
1.860301247448641391e+02
-1.462709330383773754e+01
1.302938964352356379e+02
9.392393627927008026e+01
4.721407159803059272e+01
-3.398088040708510249e+01
-9.381353401589628049e+01
1.085812932081473434e+02
6.025925160858867002e+01
5.869491632063657249e+01
-1.056568326073236079e+02
-8.808710116630322773e+01
-8.029723737214358437e+01
7.215189476885855413e+01
6.911001626688859290e+01
-9.534845252320720022e+01
-1.643241381526177136e+01
1.750386037054164206e+02
-9.603889151586497519e+01
2.627929712562142228e+01
-7.641711775991704769e+01
-9.120655358168164639e+01
-4.408039471706086943e+01
-7.706046702302556639e+01
8.181533753731055469e+01
1.800840798723350815e+02
5.245846297001590841e+01
1.104184626366004380e+02
5.553820363069229415e+01
7.384101687085421872e+01
1.240915418649513100e+02
5.884218964698114007e+01
1.003213022427948573e+02
-1.674548189011200616e+00
2.084492112314742229e+01
-1.395909934570074995e+02
8.424091800434544552e+01
-6.879194255722650553e+01
6.976987789253252004e+01
-3.207905193371229302e+01
-1.024050300781031240e+02
-8.343640539389434707e+01
2.455497082509547369e+01
-5.358364380209633282e+01
-5.182512311084020240e+01
1.754225358426667469e+01
6.045826172090880135e+01
-1.676516315291865453e+02
-3.006538277424323269e+02
-3.137318095932320006e+01
4.212421875647732605e+01
-2.223327107437585681e+01
5.090181598268954843e+01
3.676719913492526359e+01
-7.280012128100885604e+01
-1.354207102809195540e+01
-6.072401582675994547e+01
-3.958998174252743496e+01
3.716823493334948836e+01
2.756223470609605997e+01
-1.000534769556728598e+01
1.793799465379776734e+02
-6.766299730116232070e+01
1.337893828304659394e+02
2.733590242253963964e+01
8.305737960427061140e+00
1.007434204291942308e+02
1.550524216921931782e+02
-6.452266520687030038e+01
2.602121019941785818e+01
-4.194165101019471820e+01
6.938425984142275738e+00
1.912783857342334670e+02
-6.414120712162200277e+01
-1.327079404025593874e+02
-8.607738104958303893e+01
-5.620790082642663776e+01
1.523965697239274846e+02
3.121223960793244956e+01
-1.743101148359380375e+02
5.477734304509937857e+01
1.666298764409471005e+02
6.978632185799418153e+01
-7.879457722077405890e+01
-2.122542802421425279e+01
2.043628793272978328e+02
3.759018079080281183e+01
-3.639538616525245374e+01
-1.260814949605202173e+02
-6.732869917404504179e+01
-3.092439801891015350e+01
-1.458760703308180950e+02
-1.335725454055638117e+01
-4.857480858258273315e+01
6.340804659961110445e+01
5.019586062628020073e+01
-7.968446861813742288e+00
1.136283812691288801e+02
-1.582532562384577659e+02
-1.180306726387708771e+01
3.096951631740475719e+01
1.211426707046901541e+01
-4.274577571963934020e+01
-5.523826786394216981e+01
5.320496811161103068e+01
8.892511107918144830e+01
5.049848005444484045e+01
-8.101467896577958072e+00
1.928535916410573634e+02
1.658009717018629772e+02
-3.468186491327420384e+01
1.189069777706936861e+02
-8.042043423527277923e+01
4.081585685273899600e+01
4.028289731204149149e+01
-9.742815357120207409e+01
1.733899718202471973e+01
-6.543673693784981538e+01
-2.976440331021537489e+01
3.676869335168776676e+00
5.785303013066458533e+01
-1.034925835825295763e+02
7.387253287109778910e+01
-4.515142400733905248e+01
-6.365091789368793940e+01
1.554318125049358343e+02
-2.199242718403151855e+02
-1.613928812705072744e+02
-7.314662002533578011e+00
-1.721298568726168980e+02
-9.454714009464943558e+00
-9.345040069651523140e+01
-1.649389355083228565e+02
2.050051513544785564e+02
6.540136949274375411e+01
1.673127157088648858e+02
-7.344393949335203331e+01
-1.051636104737852051e+01
6.731656142568388645e+01
-3.524251537578876281e+01
-1.279014382447806497e+02
-6.287004112605399797e+01
3.237479044186278543e+01
-4.006698813342164378e+00
6.679026490198043575e+01
4.405464724624418693e+01
-8.183366315881258402e+01
2.176364146307981073e+01
-1.195554801440503780e+02
-8.740791196373412220e+01
1.667582620570948038e+01
-8.478256224231510885e+01
1.462312352414975862e+02
-5.902520389835616044e+01
3.705848890982483823e+01
3.893222733839407113e+01
1.361136529447450982e+02
1.105701943433692094e+02
-1.541556787078575610e+02
-1.952315463742099055e+01
1.355842381786114572e+02
8.533513893567813113e+01
1.362831839531880860e+02
-1.095005375543998554e+02
4.424594106201492849e+01
-1.016547735663143897e+02
-4.967416316188048242e+00
-5.149327938372839242e+01
9.961625826558798735e+01
-5.154898837115138832e+01
5.720863928590388525e+01
-6.082383085165265868e+01
-1.363246828995990256e+02
1.904690592950862538e+01
-8.117882833380416230e+01
-2.809424886745304217e+00
-1.517053901876743964e+02
-1.092912890851284260e+02
-1.377162673532060921e+02
4.883410946520110940e+01
-2.912463730804470856e+02
3.644987487999712528e+01
8.855242618964999224e+01
7.946633816744638068e+01
-1.179305103983426761e+02
-6.802174827566079784e+01
-4.854923262926363492e+01
-8.503302482194231970e+01
-4.603976733988683634e+01
-8.092330649983775714e+00
-2.660227029701020740e+01
9.775066324050723665e+01
9.666163794597287051e+01
2.068169156477263471e+01
-7.325827439705829391e+00
-1.404825409723167411e+02
-1.293200838293296044e+02
3.787355444239883440e+01
2.777277794062388594e+01
-2.273413941878087741e+01
-5.293206638378758555e+01
-4.357550797571727941e+01
-6.594515737231066055e+01
9.294168620055154761e+00
-1.687248932567340773e+02
1.811341089258796799e+01
-5.080752248767207391e+01
-1.581171111830466600e+02
1.997057976230038889e+00
9.306885173118062937e+01
-3.640966083407290910e+01
7.961640796487222360e+01
-9.026744977292426597e+01
5.464798327564081859e+01
-1.015179831666284969e+02
-2.394673329597115430e+00
1.661702485882759674e+02
5.341352176451403722e+01
6.102793207808513642e+01
4.835043809281684446e+01
1.105751753276909142e+02
1.348955280870278273e+02
-2.851564678331673974e+01
4.109665403199878853e+01
-1.643492262639186947e+02
-7.992226326772588152e+01
-2.355710407092535519e+01
-1.655378719559943477e+02
-2.168706323897239088e+02
2.736387103463783887e+01
-3.714729664820782773e+01
4.245712018584507064e+01
6.325772493127923468e+01
-9.153640547398117633e+01
-1.070348441079040498e+02
-7.786655097719857110e+01
-2.022006337667155549e+02
-1.039159846525505859e-01
-3.772150400077700994e+01
-1.108459574850241225e+01
1.644723058082201987e+02
2.872156501499132730e+01
-1.439956290896185997e+01
-1.307371936474500274e+02
-1.837933901055702535e+01
-1.212589592265912870e+02
-2.377035649118122507e+01
-5.797794235587980438e+01
4.980938632614526540e+01
-9.603651356277853779e+01
1.179491185496444103e+02
6.098531650107329938e+01
-5.593237288533088503e+01
5.322319899664321952e+01
-7.466198297628217517e+01
9.742998796237199599e+01
-3.639211243102187154e+01
1.107227435398381772e+02
-6.147409976474951776e+01
3.930654800581465480e+01
-5.922364458302636336e+01
-2.077663097827004179e+01
2.449771223721912961e+01
-5.234538371611638041e+01
6.437639822429112257e+00
2.590450650155400680e+01
-9.338360243562719631e+01
-6.364663288616412018e+01
-2.771270542172640816e+01
-3.485247351237295277e+01
-5.029400986160726461e+01
5.396521682659702179e+01
6.501365590716005727e+01
8.197984517963462281e+01
-3.117179582796114090e+01
1.192097073167120129e+02
4.061293130459456791e+01
-5.080676535860676779e+01
1.230545397087034729e+02
8.708150230838886330e+01
2.123740986515436475e+02
8.264153760267340942e+01
8.759864713590047813e+01
-4.361456546901552400e+01
1.305258245865720710e+02
-6.870136781726036190e+01
9.081155649028242749e+01
2.105537763252861438e+01
-1.508749864476166280e+01
-1.097760145410159822e+02
1.103755435573071679e+02
2.558284265252898493e+01
7.010056427090225384e+01
4.768041320661204452e+00
6.435690225753785398e+01
8.281719715287498218e+01
-4.636383227080534652e+01
2.452724769946829326e+02
-5.097679500206213987e+01
-1.430997231916409973e+01
7.220954788698531956e+01
-8.576791052444450258e+01
6.931820296850388274e+01
-1.752019431614146185e+02
-7.312269512458570375e+01
-1.067897264108630537e+02
-1.735710521664630335e+01
-9.457603774162299715e+01
6.854925011602330187e+01
1.186337360357133122e+02
4.149792303400708704e+01
1.302463494672415436e+02
-1.949619207297705827e+02
-4.768877538272563044e+01
-1.816304898118503672e+02
-9.579199724985512532e+00
-1.244454327960462763e+02
6.343476502565795272e+01
8.233933228052292463e+01
-6.480384946715567196e+01
6.424792615641491977e+01
5.069636327180870872e+00
-1.025693884531107329e+02
1.069229682609276040e+02
1.974810011534147520e+02
5.978177984019720270e+01
-7.306439442723922184e+01
3.679682043301816030e+00
1.306429554283328400e+02
8.905618336275232139e+00
-1.074357438357040877e+02
-2.563930544139179979e+00
-6.522284716191515486e+01
-2.725765626783264750e+01
1.111033654104662816e+02
-6.511527910920617046e+01
1.283241465396554872e+02
4.036213936238543454e+01
-5.005564513919493663e+01
-4.042659504534179149e+01
1.063629617626695847e+02
-3.169602970173854573e+01
-3.025093937428014357e+01
-1.848982655340953940e+01
-8.249565157114227532e+01
-1.520914292708633297e+02
9.996079336023750272e+01
-8.943510560225934825e+00
8.260569109976789548e+01
-1.050515339426769827e+02
-9.221822637139979406e+01
-2.173645263860131038e+01
-2.831886038879422429e+01
2.653004491045017943e+01
4.691850967521101978e+01
-3.736557635046097392e+00
8.723216529928738794e+01
-3.695452259051891986e+01
4.421782981230774112e+01
-6.607807941229830817e+01
-4.188394008381712297e+01
-9.204859366770523366e+01
1.626175606371135896e+00
1.428262595386592579e+02
-4.614461208181801766e+01
4.097444088629364956e+01
-6.765000560310467925e-01
2.831755608444614936e+01
-6.562066071103970444e+01
1.423030096447139954e+02
1.614920400720402824e+02
5.817986513380032143e+00
6.246414691019116106e+01
-7.774259094247711666e+00
1.194739171555398940e+02
-1.080841045527602340e+01
5.468462519867003380e+01
6.852108333246484051e+01
1.264011514080606560e+02
1.923910172185543956e+02
9.165235894242142933e+01
9.016144628765667690e+00
9.766145170742446169e+01
-4.901413271726942078e-01
8.764865959277925356e+01
-8.099907508851379134e+01
2.105386015174473968e+01
7.955963150945022733e+01
1.860782471638324296e+02
-9.716600225265050028e+01
-6.878277282485090893e+01
-9.961635822491236070e+01
-3.166066344344413253e+01
-3.159640757462025462e+01
-9.814517916623682936e+01
-1.208356053833304884e+02
1.032993184459136984e+02
3.002660979998439572e+01
1.019712604637866775e+02
-5.918105679567537081e+00
1.909212264518681534e+00
-8.999581628475588957e+01
1.762728310010006965e+02
1.238880363609101778e+02
1.725943693600500808e+02
-6.380488514266332345e+01
-2.299003254895077575e+01
-1.407852708263866681e+01
-6.881430414589567590e+01
-1.161804627361737658e+02
-3.910205503359722456e+01
8.946406000059420194e+01
9.935261154562884656e+01
-9.873334401790113191e+01
-6.663082304619104335e+00
2.120160132185436197e+01
6.186619425448407839e+01
6.291516105971559369e+01
6.800201002854019805e+01
5.595222181667431904e+00
-2.058115172543919158e+01
-6.148613239372964046e+01
-2.504024601744598755e+01
1.059355828598420857e+02
-1.614238205887938307e+02
3.759490223729202540e+01
-9.073513984870504601e+01
4.732086119265870394e+01
1.680646000087993173e+02
9.152474912610003344e+00
3.578046395110992250e+01
-1.027945981915035247e+02
9.570797291983927835e+01
7.665793825461653910e+01
9.084096325440951603e+01
-3.660929739302821417e+01
-9.197998768927213575e+01
-2.065072813618033365e+02
-8.067074965586070334e+01
-3.469262576527332698e+01
1.382738413031927678e+02
2.484629892068266344e+01
1.166986639429002679e+02
-5.160335679065561720e+01
8.135024911493398747e+01
-2.753794806947236751e+01
-2.972725781735247708e+00
2.986655740868658881e+01
3.399546502963182206e+02
3.398468128564987722e+01
-1.334431283469155574e+02
7.529928615329434649e+01
-7.105080426508956748e+01
1.177788142939164828e+02
5.738593698861397741e+01
5.456198941945965686e+01
9.716257325373002018e+00
4.287338982969763634e+01
-1.264899635612822095e+02
-1.111977362398764768e+02
-1.013657665828785781e+02
-4.595210352709568724e+01
1.900733372460695847e+01
6.666767837785235962e+00
3.506380204577043713e+01
-3.047094726964915168e+01
1.464171543962021929e+02
-1.440834299541469399e+01
-2.231985067577899429e+01
-1.773473120776508338e+01
7.442075376384816821e+01
6.890704337530259238e+01
5.282782106313663917e+01
-5.002194932312934128e+01
-9.768698910831548687e+01
-9.019274798555180439e+01
-9.483161918388285017e+01
-4.056921669275453013e+01
-2.127155131166860613e+00
3.105361412040101499e+01
5.573613920653353659e+01
-2.305916175267716284e+01
1.267512947727314376e+01
-2.833243517434051029e+01
-1.409092202046223008e+02
-1.145093010197639956e+02
-1.566404596630057426e+02
-7.515067486042558187e+01
5.931687335240480508e+01
-7.811014926266865643e+01
8.487483451090344033e+01
1.320759272851722415e+02
6.139004570778737957e+01
-4.636405298285199450e+01
2.157038978090716910e+02
-2.791415052570422617e+01
-2.367878836388652815e+02
-1.168210506332229954e+02
-3.735233657451374967e+01
-9.401365234730057807e+01
-4.316652972144799350e+01
-1.247227568771161117e+02
8.703467474137157467e+01
8.274638815261754132e+01
1.389328855426743914e+01
-1.715040709714358798e+02
-1.402899019654917652e+02
-2.916743199658012031e+01
-8.646337859832915029e+00
3.021117331770970793e+01
-1.019835350428230782e+02
-5.659157471040573739e+01
9.802988833065435870e+01
-2.462557384601204546e+01
-7.807592157932712951e+01
-3.819336341339955254e+01
-1.178325842812147641e+02
-8.584022580596918317e+01
1.205940170558594673e+02
4.637009095068714970e+01
-1.366773254799840345e+02
-3.502575701052836621e+01
1.177387330355887940e+02
1.860936699258612492e+01
-1.443325198295415532e+02
1.435778451606208250e+02
-7.650414749144221105e+01
-4.712539554172148826e+01
-2.725137926331585803e+01
1.107228711133623591e+02
-3.206133949342095946e+01
1.686233287436350281e+02
-4.697944812827415006e+01
-2.073380829345155405e+02
-1.091090424682107312e+02
1.263274185415988171e+01
-4.769196101716101310e+01
-3.263179312684374622e+01
8.715997801869747263e+00
1.483075347642534858e+01
-5.922452013986410080e-01
-8.798985228199292408e+01
-6.585233966008092921e+01
6.583181389475301071e-02
4.882984326951650189e+01
-1.102034610811684345e+01
9.947275631015435238e+01
4.827084265036440947e+00
6.874470883975294555e+01
-1.100491761996379836e+01
-1.044036946165725794e+02
5.142695791188217669e+01
1.133075120692764699e+02
-1.566725992489123342e+01
-3.773251103392330918e+01
-5.904492264820495251e+01
3.795445601365406674e+01
1.420095573109192628e+02
-2.981414567763657075e+01
5.889302379507338969e+01
7.501707384388087263e+00
-7.036744796631454335e+01
1.210987024255684830e+01
-2.186554687328769475e+01
1.988197811615000532e+01
7.607789774614805367e+01
-1.488545386760794713e+02
-6.945760900710743613e+01
8.293916442888377105e+01
-1.099552411227006274e+02
-3.362942089427538406e+01
-2.697918293269631462e+01
-1.608302211902800494e+01
1.835112775401782130e+02
3.140306863730582165e+01
1.342604568879061162e+02
5.466632119535448453e+01
9.069406495767337262e+00
4.434514579574833704e+01
3.024071682305056896e+01
8.446083250712861457e+01
-2.312658169707318301e+00
1.034538525674290987e+01
1.117150432200506494e+01
-5.206830567218476347e+01
2.098132318514801042e+01
-2.311754469010320534e+01
-7.950678083454943135e+01
1.820496668916482861e+02
1.649645284897123076e+02
-1.038410224465801406e+02
-1.056844532594451493e+02
4.776381207049585953e+01
1.511950449068356477e+02
-2.624468965059063663e+01
2.759654423327453188e+01
1.172169305330767770e+02
2.048181975183749728e+02
-6.625702437189363536e+01
8.135594792964317890e+01
-1.163787714321616562e+02
-1.473070170695411907e-01
-6.873369261113174389e+01
-7.448012562922735924e+01
-1.503690517216611795e+02
-1.135887342019461670e+02
-8.583152891770505732e+01
3.327031949848173298e+01
-5.044847235552643028e+00
1.261590989540387540e+02
4.980423718781462838e+01
8.420595756864486248e+01
-1.002472220395247859e+01
9.609009085866242117e+01
-3.837063243938867174e+01
-4.073002677128607729e+01
1.894229615911902158e+02
1.173447922033093676e+02
-9.513754322821148435e+01
-3.404966416632719728e+01
3.092717434278928579e+01
-1.195836470853080726e+02
1.233538029323001126e+02
5.457775118617568211e+01
-5.826804597068155545e+01
-2.073396537990425514e+01
6.970466255509737152e+01
-5.913133668251643371e+01
7.543254629453096527e+01
-1.445073138704617577e+02
-7.151353318626517819e+01
5.410408963714763786e+01
-5.049478656817932887e+01
1.826445239673991807e+02
-8.889057534855325571e+01
1.030651297701963109e+01
4.767001451580652827e+01
9.205092499281892771e+00
7.226849890890763106e+01
-1.811193662929851200e+01
-6.801708143187678957e+01
-8.887389935098711646e+01
4.450493852293616470e+01
1.227950791370595951e+01
1.792865145254002641e+02
9.603502853467551503e-01
8.949608549246644884e+01
2.903418455911047857e+00
-3.124195775519145624e+00
-2.039247198228426896e+02
-5.151465784597601782e+01
-9.361372612170178797e+01
4.099923017750960952e+01
1.008642829416635607e+02
-5.795944961249822569e+01
-1.160876202712296674e+02
8.803780604805244536e+01
-9.828505797255550647e+01
-7.104807508636915259e+01
2.618142008843000923e+01
-7.840194932259585414e+01
-3.505654052677341070e+01
3.272132830430215300e+00
2.302649737133187458e+01
-5.817400167440322178e+01
3.415960309487939384e+01
-4.903993093727938657e+01
-5.955206621424562918e+00
-8.773451945631300930e+01
8.490476862413119363e+01
-1.448427925595744057e+02
2.788624043602602143e+01
-3.823196463991269667e+01
9.855156286302783997e+01
5.099869741311963622e+01
3.298198248355253526e+01
-3.517760050014019146e+00
-5.256072887594743293e+01
-3.612721595203426261e+01
-4.718763701761297114e+00
-7.993695725840798794e+00
-6.032306884907407607e+01
-8.049707531355964818e+01
-1.236114658218434244e+02
-1.071003117700476679e+02
-5.109771817815830985e+01
8.761707156173660849e+01
2.130504280965442376e+01
-1.699021982564606219e+02
-7.266617548909688651e+01
5.700030250225118067e+01
-2.608159169632344287e+01
9.413974484122888953e+00
-1.581577222533791200e+02
-1.615740601098182339e+01
1.878540279691756041e+02
-1.140972081481575628e+02
-8.958231728360895829e+01
1.653062361514607801e+02
-8.210455291107746234e+01
4.202592712258013563e+01
-5.907730062836358798e+01
2.008666839805612483e+02
-1.205706556542011576e+01
-1.864312547659644679e+02
2.497932899607197044e+01
-7.858941226211277353e+01
2.115041052895814744e+01
-4.097505796776689380e+01
4.785410814817542047e+01
-6.154084339290211147e+01
1.433487864698680880e+02
1.620716042090029703e+02
1.058735406820701712e+02
5.046317894026231698e+01
4.170024322216683288e+01
1.240246073388359491e+02
2.575146984134349992e+01
-7.159502737139614226e+01
-2.102426308242249675e+01
-1.565125156389188454e+01
-7.130924014874005934e+01
1.476613556914158920e+01
-1.579762430337709800e+00
-5.488489844147101948e+00
1.475138105374264796e+02
2.814984603942865249e+01
-1.445246249082718180e+02
-3.398129012657805248e+01
-1.243989340761076079e+02
6.237805464039659853e+00
-7.744931454952093475e+01
1.826963509714174165e+02
8.330611484428946056e+00
-1.983440318748517370e+02
1.218217031363920455e+02
-5.050428142317972657e+01
9.859977879984781168e+01
1.080451436677259949e+02
1.037445231769593903e+02
-1.713370967537638023e+02
-8.236367124523546579e+01
-8.573148115547687098e+01
-1.056493045223002127e+02
-3.352715798416117821e+01
-1.739022910433290008e+02
-4.255588364885539931e+00
1.242083379395552072e+02
-7.186063793024314350e+01
6.704329058148318587e+00
7.525381882976043357e+01
5.158722586129176335e-01
2.034628409263738114e+00
-7.448502634281960866e+01
-2.602699621241767431e+02
2.423455047604295132e+01
1.842053988695244371e+01
4.348164531821593926e+01
4.409558461987406019e+01
1.477207354136217816e+02
8.918707758559558840e+01
7.051067699723301985e+01
-3.834391833168152885e+01
1.224338546043832991e+02
-1.200105484552246509e+02
6.966771259772649216e+01
-4.467802794149943679e+01
-7.694796509424904229e+01
-7.195870810136132434e+01
8.668324218770717948e+01
3.701860983166766061e+01
-1.790959285573464967e+02
-1.602899387638190376e+01
-5.919535972345347119e+01
-2.115881922153224082e+02
-7.236918687541705530e+00
-1.306121293449942868e+02
-9.665631572773097702e+00
-6.609688012701658977e+01
-2.076871563470962201e+01
