-1.163760300884282941e+02
-1.425347631622734639e+02
-3.704055204474600771e+01
6.090386136327590805e+01
6.858755354684483052e+01
-1.353142605080277008e+02
-3.442994391138364563e+01
1.777907680521848022e+02
-1.040553130066694933e+02
-1.518487102697871762e+02
4.777394087720072946e+01
3.548148193943525541e+01
4.493476944787670391e+01
8.232816594210214589e+01
-7.815038629172552476e+01
-1.160240878157305957e+02
3.331458658068862100e+00
3.643178471710699995e+01
-2.794693961020839623e+01
-6.315096910787285367e+01
-3.534698792728752181e+01
1.094247471047808489e+02
-9.811105398760668095e+01
-7.676787541469929010e+01
-1.584549704858750019e+01
-3.564184723879268546e+00
-1.338746899938788317e+02
4.535695130012938137e+01
-1.206204519080257276e+00
-2.852796933571180560e+01
-3.195095381765139564e+01
-1.747359487431020497e+01
-1.413851885879579839e+01
3.465759320482378314e+01
-7.564375356638683456e+01
-6.594181196965529068e+01
1.054636034792483201e+01
1.492894548368169012e+02
-3.968986494278451005e+01
9.370437710349492022e+01
-7.408858870574616162e+01
3.706590316073437918e+01
-1.812308107040226162e+02
-1.137503054224866759e+02
-1.113019415845548394e+02
-1.149030189211588748e+02
-1.310543065559084255e+02
-6.063939925044370227e+01
1.471371283027721120e+02
1.476714563846764960e+01
-1.692915678197743716e+02
9.628552667861622893e+00
7.031284240711516986e+01
-2.219636019764574897e+01
1.365278618867173321e+01
-2.394933309032588795e+02
-1.502713564481706499e+02
6.425844830533105778e+01
6.534856308904437583e+01
6.320096180040892619e+01
6.380167487574408547e+00
9.956177385342460440e+00
9.978668555901924364e+00
1.252079936873577282e+02
6.278926045896865560e+01
-1.241118509576881905e+02
-2.948472892825051428e+00
-6.240328608345756578e+01
2.472410244277918423e+01
1.402158508789501070e+02
9.515716029612883631e+01
-8.685185689473092552e+00
8.474777668140658804e+00
-7.180235992849942761e+01
8.779123413992425640e+01
1.410874787805590103e+01
-3.854326638921807557e+01
-7.019784597492744638e+01
-1.509096866499865257e+02
1.130497202972115112e+01
-2.391954240423399547e+00
-3.957321389502072861e+01
1.601849743874508363e+02
2.194140598388997887e+01
-5.059117688529173051e+01
1.289825056785319077e+02
5.266601355157911257e+01
-1.118708169320038870e+01
3.260806609087477881e+01
-1.519337756565053876e+00
4.499227372751836640e+01
3.720284184172916753e+01
7.827138585813773375e+01
-3.927873081674561462e+01
4.050804247315588924e+01
-7.204564628947515814e+00
4.425633499750280464e+01
-1.058905575617382055e+02
3.961560785340247293e+01
-3.790560662317225393e+01
-9.912314657067010160e+01
-1.203964761329700508e+02
-9.172833413188818952e+01
-1.320079210152350413e+02
8.150623227404700799e+01
2.099236736900933487e-01
-8.396771280991622177e+01
7.572004849011328531e+01
1.153997971128162447e+02
-4.974006767928479178e+01
-2.418922213725751362e+02
-9.517724934813699633e+00
5.571122358803916796e+01
-6.454788045731301338e+01
1.512336073964119407e+02
2.157303033463318087e+01
-5.844779343721398135e+01
-6.453584284452061581e+01
3.088605543175562218e+01
-1.010763761147168793e+02
1.719685541334360721e+02
1.167228109737093718e+02
2.365328466365943427e+01
-1.125663012799351748e+02
9.608343202343643696e+00
6.059035146958041196e+01
-1.750642614283609566e+00
-1.784025099600432327e+02
7.048031902690969908e+00
1.401453810540185785e+01
3.704509148101895022e+01
-1.344625178952729811e+02
-1.071495561440571009e+02
-1.095936840836997135e+02
-1.047136985603124870e+01
4.828719300184292074e+00
7.503811468617506364e+01
1.255968156903165180e+02
-3.662095371670537958e+01
4.777115799846444588e+01
-4.329613430228009463e+01
-1.111276061382639568e+02
8.631449862512967286e+01
-5.990465656712928677e+01
2.421845551247306503e+02
6.106842328116164254e+01
-5.011500570458094472e+01
-6.294152490559362434e+00
1.044853860815480573e+01
-8.700245168021214681e+01
-4.665968543827948878e+01
-4.516591833322369354e+00
-9.208553727790300059e+01
-7.191003655294051100e+01
-3.930088450036542724e+01
8.899461882359942422e+01
-3.655630119839209868e+01
-2.583818063953590283e+01
1.402625269110885142e+00
-6.289114600117515863e+01
-1.540278570693906168e+00
-1.062611261501006936e+02
4.015871833219930576e-01
-4.905132292279567707e+01
-2.952551027184290788e+01
-3.828533415355831693e+01
3.717444066263772839e+01
-5.049145230933778805e+01
-1.041281700794075107e+02
-1.580042280298182220e+02
1.395785639414093566e+02
-4.085909096385641703e+01
-6.116788265417456216e+01
6.793052683965960625e+01
-1.207001555948314220e+01
-2.338371409242351717e+01
-2.786128023445105129e+01
-4.399102405974293362e+01
1.194013112330959991e+01
1.986906144859614471e+02
7.888832817790536467e+01
1.096400150583461937e+02
1.505500928929463669e+02
-4.154883097887509535e+01
-2.632227926806590190e+01
-1.488729942413137621e+02
4.780480204246462961e+01
-8.036429111418267723e+01
4.320122804179170117e+01
-6.546423826710220339e+01
-1.192853921602917389e+01
-4.554643081696956131e+01
4.036449540833996963e+01
5.950065771122363145e+01
-2.119887610346479789e+01
-7.633176372648290631e+00
-1.731538339216590430e+02
8.902419529220419747e+01
1.214724475088509621e+02
2.041615513769132306e+01
7.039553969367939423e+00
-5.224538643174178532e+01
-9.200665551606883241e+01
-1.194641891169060557e+02
5.130749728331512216e+00
3.831916524963436643e+01
-7.169903482000326278e+01
-2.211984693255116952e+01
2.056418074863203671e+01
-4.693096739954143004e+01
-3.163682709440460172e+01
-1.114976404435894182e+02
1.302075662186051375e+01
-3.243533953526198133e+01
1.279847359839889407e+02
3.331106436024581541e+01
-1.132217905312511022e+02
-1.204738534748166643e+02
2.191027169095647764e+01
1.525845905393115061e+02
1.320940092961761536e+02
4.505219500873207750e+01
3.721127172315222253e+01
4.218061927511382692e+01
7.301228011633295978e+01
1.579428089333675302e+02
-2.058000995657649490e+00
-1.429738432266539228e+01
1.525712026202867388e+00
1.484547844103961154e+02
1.366461935644003667e+01
-1.512197964676075230e+02
4.862417936774632921e+01
-7.508395690815841306e+01
-3.354227374265078510e+01
1.234729009089832061e+02
1.377207729841196056e+02
9.024024684879753977e+01
-2.097663773042350499e+02
7.047185796051475393e+01
2.373975053028028270e+01
-3.689278372608070100e+01
-2.423542309734811795e+01
1.179001889036467787e+02
-5.210726855045932382e+01
2.718661133885158510e+00
-7.322220672457841317e+01
-4.630143671448404774e+01
5.481926589357254187e+00
4.321096857953688897e+01
1.188543419791830189e+02
6.748826685607856746e+01
-1.330264316344347151e+02
-1.929258536703200377e+02
3.204557691314101220e+01
-7.507279477068610163e+01
-2.071010665361645664e+01
-1.993120883829624574e+02
6.631319170870364132e+01
-4.721625896216600893e+01
-5.765207910804963376e+01
2.185965566233436874e+01
-3.195351289896014180e+01
4.897746381584264697e+01
4.233475863531752736e+01
1.124335056977794522e+02
-1.534056690181682541e+02
-4.897580766548927755e+01
-4.583907339186475838e+01
-3.540182576412104964e+01
-1.018187049796571699e+02
4.247027713600323295e+01
-7.358994411789801404e+01
-4.364490937217951938e+01
3.481951252491279547e+01
6.543132772364877781e+01
9.860310320811201734e+01
-9.667544131542361185e+01
-1.174954993278181092e+01
1.482500885663532699e+02
1.222773989110140391e+01
1.484171765514665253e+01
-1.509547307296798806e+02
3.091618808336627566e+01
7.372440479577227812e+00
-6.000744840554584414e+01
8.174130949647876321e+01
-4.452288397139812304e+01
5.380652724129260100e+00
-6.316901948888030915e+01
9.636718758606415136e+00
1.048460660973910841e+01
-2.581120466767443133e+01
3.431628343569898476e+01
2.915512963787613376e+00
7.247442087976542879e+00
7.604822203274943604e+01
5.092145698157687406e+01
-8.683005789587583934e+01
-4.938872853723714229e+01
3.922446431961138558e+01
-1.195386846927939217e+02
-1.941882826342976784e+02
2.742690336825655884e+00
-7.906668395892329215e+01
1.008337738806342720e+01
2.027103479803421067e+02
5.124103138379740585e+01
7.456877280298230914e+01
4.876826696825013130e+01
-5.083140468464149819e+01
-9.033947753009631754e+01
2.439266742702279345e+01
-4.789891793535574038e+01
9.283010247704243056e+01
5.714295221683522641e+01
-5.071123579102125944e+01
-2.552249391790113897e+00
1.342195221563746941e+02
-8.189492912996067275e+01
-7.687998932999757074e+01
-5.844247136489862271e+01
9.373648953108677517e+01
-2.014691278585659120e+02
-3.882205938228555908e+01
9.377651059993178251e+01
-1.599061882507756707e+02
5.611330797868971132e+01
-2.379307289366644085e+01
-4.125807001873387492e+01
-5.868533784248331386e+01
-1.123792880794137261e+02
1.287947442502329523e+02
-1.153216875929009291e+02
5.815835707489366513e+01
5.210804917556907867e+01
-9.802967172719573341e+01
6.708034533246240017e+01
-1.129139747395059779e+01
7.465391703397794743e+01
3.685073850309689192e+01
-1.730625129865701339e+01
-4.845785367141156286e+01
4.889068678843894733e-01
-3.567810902128195494e+01
4.965936726029305248e+01
-8.432977754282967453e+01
-4.642109602068493501e+01
2.656097014470315685e+02
2.175948579597721633e+01
-1.024292150167708968e+02
-1.020766447517657269e+02
-9.389729932082967423e+01
-4.067456523090579878e+01
-1.883925865097572512e+02
1.871320665854751653e+01
4.689086532403514695e+01
-1.031020292648729431e+01
2.776918757425955064e+01
-8.173659741364645015e+01
9.479431179748554825e+01
1.048019281742864592e+02
-1.699466965361479254e+02
-2.893391252750375742e+01
1.098926597481543865e+02
-1.536309542847298530e+02
1.471197923675673991e+01
-8.411062295076020234e+01
-2.849739548663508231e+02
-1.038088006907546088e+02
3.306452015548367740e+01
1.904320353123193854e+02
-3.161688965718949618e+01
2.688274470745023592e+01
-8.029021868985675781e+01
7.685817588917363707e+01
1.615400055445440728e+02
-1.869315457677988945e+01
8.627299419293922256e+01
2.218749539282579875e+01
1.546392196123088070e+02
1.266624359943965032e+02
-2.222000668497636511e+01
4.807579612853777462e+01
-2.186429979605630791e+01
2.501447347452648984e+01
2.121850534636761552e+02
-1.281786712700110513e+02
1.777779847485346636e+02
-1.392863985730291798e+00
-8.032631408145262242e+01
9.465845499636907334e+01
-1.126596317545083252e+02
5.619488458227532846e+01
1.672865440398168744e+02
3.916415871299248863e+01
3.556962635800118733e+01
1.886999139546045399e+02
-2.273716630994350041e+01
-3.571528771059010410e+01
1.828881094573385013e+01
-4.271432305546285590e+01
-1.319285860687245986e+02
4.515810300967634561e+01
2.391215018440558282e+01
6.240333762210836710e+01
-6.211025769937021579e+01
1.547096842752660883e+01
-1.662316318019984465e+02
-1.390455027146175553e+02
-1.319086088657152516e+02
-2.016115825058339794e+01
-1.953361655260974032e+02
1.364542031111325002e+02
4.875476937410446965e+01
-6.507805876661129219e+01
6.353982424071915602e+00
7.130088300443856220e+00
1.454058267651730318e+02
-5.443687301389858391e+01
1.046204745572299544e+02
1.191807648752597686e+02
-7.784269903282615921e+00
-7.408746779069193167e+01
1.420222475062593404e+01
-1.224111543788998091e+02
-5.909743133181870434e+01
8.898227018363709817e+01
1.163400437002974854e+02
2.633961060063932891e+01
-7.012240606769593398e+01
1.221211583137730088e+02
-5.318876707100324097e+01
-1.264504031413453156e+01
8.022202295323790366e+00
1.063120675586508579e-01
1.608936765651025667e+02
8.207507606402025147e+01
-1.033531517786660174e+02
1.937173182241160418e+01
2.604677251110638636e+01
8.988263062209367149e+01
8.845301185239651431e+01
7.707836814370186573e+01
9.222775870803448584e+01
-3.366916418365180075e+00
-5.241448411955956743e+01
1.892297191014617042e+01
-1.438672171953458800e+01
-4.090887473686679954e+01
6.805388363284542663e+01
2.399990176237620787e+01
-9.868221567887675860e+01
3.500356002128905430e+01
3.951049115773629694e+01
3.032094109522344283e+01
-1.187839261928051258e+02
-6.005463102675352438e+00
-6.727136002565929118e+01
1.279612515596237898e+01
-3.168357270663853598e+01
-3.360023034686776811e+01
2.935114045036535657e+01
1.025062405597016095e+02
-1.184963404147778121e+00
-3.494239069473805870e+01
7.321901237642718741e+01
8.727960245822607988e+01
4.873436502138974724e-01
1.035842094710201877e+02
1.055956325941528817e+01
4.444829939487225090e+01
-2.186101106780561665e+01
1.379290239103906686e+02
8.365156868270706525e+01
1.246447563681803246e+02
1.272376527374909045e+02
1.338904794001714151e+02
4.304766719065984404e+01
4.291637053996015538e+01
-1.199423572519109484e+02
-5.538555349247584303e+01
5.951969554164092102e+01
-7.370043300831805766e+01
-3.029225092045551193e+01
-1.486650777539778119e+02
-5.477618702495293235e+01
-1.850821113672807030e+02
1.024584760430437171e+02
-1.716962218346477584e+02
1.312195996992072935e+02
1.350939901227749544e+02
-4.773324523352045645e+01
-1.789953885238445253e+01
8.926168331481470375e+01
8.570668725218126838e+00
8.111547450643466561e+01
-1.335242821162452209e+01
1.838422706764253789e+01
4.325863169063246261e+01
-1.541911654088097450e+01
-2.537126237432079279e+01
1.059837139972051858e+02
-3.325016535652647320e+01
1.313962626725203808e+00
-2.611078632306561786e+01
-1.061617628000372946e+02
-1.373128468799309019e+02
3.422305594364700454e+01
2.752261675010801696e+02
-1.018419823573526486e+02
-2.789567609490765321e+01
-8.999640642722566142e+00
-3.874551612010909452e+01
-6.947381882557907318e+01
4.780555002709298407e+01
-1.052756760540538465e+02
9.528528418971310643e+00
-4.711335883280214887e+01
-5.372659956367127876e+01
5.377611816473093853e+01
1.354520784039940651e+01
-6.603842630664796332e+01
-1.627378234658396821e+02
-6.128475215683012323e+01
-6.245202094542100468e+01
-6.008245382028106008e+01
1.602183809794691527e+01
2.586258516361687754e+01
-6.063779638989756648e+01
8.105956508798283267e+01
-6.779664137935530910e+00
2.669132304585290605e+00
5.707723424724315464e+01
9.524038848970756987e+01
1.494485699781549499e+02
6.460175523208910420e+01
7.038360117222293866e+01
-7.459052704909692011e+01
-1.168645352997393871e+02
2.789852686851934891e+02
5.676095275872639689e+01
-1.460047972194313672e+02
2.576622806989758629e+01
-4.979048969901258204e+01
8.306419025739172923e+01
2.338761559448084171e+01
-4.366361217219714064e+01
-5.741617244967854816e+01
4.419756019386334600e+01
3.678843167059544950e+00
5.487921910005369597e+01
2.519410315123320032e+00
6.190951721304744382e+01
8.965200967656400621e+01
-5.791897994023516816e+01
-1.089629988380241912e+02
7.334365118586747201e+01
-1.118554323242223063e+02
5.729807680565133232e+00
-9.338218989218241006e+01
1.392160945282627260e+01
-4.743529899574213005e+01
-1.204799361312305024e+02
1.896597722143571048e+02
6.005486159387439926e+01
8.929974762567894686e+01
1.142468416852155286e+02
-5.337940685472400304e+01
7.056618154382960029e+01
4.834169640573400528e+01
-3.382647057218850364e+02
6.525386430069077903e+01
-7.449426590644947055e+01
-7.555921840204716489e+01
1.073461467236129891e+02
7.302994439796719917e+01
-2.796543090056751169e+01
-3.917240323852305295e+01
1.179560161904863662e+02
-3.553748037942737170e+01
-1.882200231493271190e+02
-2.851275147640745544e+01
-9.572524008345311586e+01
-1.824894347536137502e+02
-4.765222727650352397e+01
4.699879571540842704e+01
-1.167316030565690852e+02
3.600077808593884043e+01
8.875453357724369141e+01
-3.348013388526533873e+01
-3.326052977899492902e+01
-6.760853284707089017e+01
6.818015040739636845e+01
8.647596215492927740e+01
-4.782048795544501729e+01
1.138996105240487111e+01
3.228299119277181006e+01
4.229596952954204880e+01
-5.982948061442289855e+01
6.302090453413558002e+00
-4.201148885238939812e+01
1.398310136042510976e+01
3.943567783630546586e+01
-7.443979304995785640e+01
1.008879990634468093e+00
-3.090082891570253665e+01
-1.596889109513765703e+01
3.914090575862007171e+01
5.417159814680436369e+01
-7.475316645203977650e-02
-1.846457289780110500e+02
-1.722950266918754210e+02
1.104016201061521656e+02
7.957910893415564146e+01
-6.460106634267762615e+01
-2.229719213847894466e+01
4.054896271264980356e+01
4.110690574480947213e+00
-1.346838994820961375e+02
1.001006387296722266e+02
7.454127479586749416e+01
-9.192167715466935363e+01
-2.794410456342015081e+01
2.660643497399191304e+01
-7.459242750133599031e+01
1.275734002296283904e+02
-1.146110026116227232e+02
1.201694725324895927e+02
1.304758073766019422e+01
-5.940084075948538356e+01
-9.172384741496408367e+01
-2.102241305158713658e+00
5.970236490525739725e+01
6.795733068142838817e+01
-2.546016674149091443e+02
1.316904006433472496e+01
6.869846780060369440e+01
-5.035028427614773960e+01
2.134766391811122048e+02
-2.615738802265654783e+01
9.510752013501171120e+01
9.402739544665200810e+01
-3.382256746606549314e+01
3.609643478084395696e+01
6.101477317523570321e+01
-4.526132770729947907e+01
3.102128708629556542e+01
-5.193646409334942149e+01
-1.813052823896642849e+02
1.085129834642047619e+01
7.587468071672078906e+01
6.800857932980167675e+01
-5.049697098098530290e+00
5.695024861788068904e+01
7.680563261233297112e+01
-5.140680617652349582e+01
1.810416486439459050e+02
1.891766431994194591e+02
8.855704874082674394e+01
-4.586647629544829385e+01
1.280577999077345339e+02
-1.277150217836093731e+02
2.883660770076523150e+01
1.052680682443972842e+02
2.710105776643143560e-01
4.591685055186355413e+01
-1.857814830146266516e+01
-3.055854634128436942e+01
3.681729745410477506e+01
-1.237311070944268607e+02
1.486529529811580552e+01
-5.385547179730757961e+01
1.211789613614626120e+02
-1.165843257248921105e+02
5.112103225440022669e+01
-1.560327212314026895e+02
-6.651237963106204631e+01
1.632785360059257229e+01
-4.937405479494199767e+01
-3.544644902128748498e+00
7.597441799115837568e+01
4.221456799246075065e+01
-3.627614410688645563e+01
-1.203291506427717366e+02
-1.628978986850361110e+01
-2.888966290577332785e+01
6.019781982894352268e+01
-4.402194159030196374e+01
1.066545477632368062e+02
3.763515033295194456e+01
-1.020281025178990397e+01
-9.825222793199884563e+01
-1.869514387032252856e+01
2.790947387918185640e+01
6.461234046116753404e+01
2.306883328158355937e+02
-1.430014162006648348e+01
2.210849765851665438e+01
5.332916841503037020e+00
-1.965377023152915470e+01
-1.673324683532899115e+01
3.416931701558183221e+01
-9.736116126113452651e+01
9.259776538090302722e+01
1.524910073307742948e+02
1.834255283099129485e+02
-2.472682696427148841e+01
-1.090699857505559152e+02
-1.250837926003947587e+02
1.007028947758228270e+02
1.052493073860408970e+02
-6.856437173076678882e+00
1.958148131989118212e+02
2.880801668567801954e+01
1.704122094922073671e+01
-3.623303933250925724e+01
-2.758486250633543690e+00
-7.456854813129970694e+01
-1.773171169420827198e+02
9.700512615718184861e+01
-1.480680700021107441e+02
1.055529413137279704e+02
9.326012393136547018e+01
-1.159930581631333837e+02
9.016624149229785701e+01
1.066137957681261526e+02
1.867581837928303301e+01
-6.329259639192516573e+01
1.931920780762297625e+02
8.982157030740778225e+01
6.537240944375747631e+01
-6.809167748878792281e+01
9.994368243898685478e+01
-1.196028807652429862e+02
-1.194282108677484189e+02
-1.814708900853695894e+01
1.834600397169428376e+01
-2.966271157984512641e+01
1.703180408298928938e+01
4.527448218078858133e+01
-8.013473233818923802e+01
6.971774321248268791e+01
6.323602331189005099e+01
2.969230122044722364e+01
-2.370084602987283802e+02
-4.427262909968685989e+01
7.150677371817282335e+01
-7.407916852911741046e+01
-1.910331222880675384e+01
-3.126515688615431543e+01
2.067475948802652397e+01
-1.078655710622333714e+02
6.561120098712804349e+01
9.514348503488079700e+01
1.172571777580356240e+02
8.455808074734483171e+01
1.014656446256863944e+02
-2.953755602738365837e+01
4.821792240449455846e+01
-1.859508911078258393e+02
-1.787572217323667871e+02
-1.020021347092281871e+02
-1.972451329244611173e+01
1.356012705267885110e+01
-3.724340658913263269e+01
-4.959972475058451380e+01
-1.693858010216677883e+02
5.091323901513326433e+01
1.022229969268322662e+02
2.276393206974717884e+02
8.773735826233419743e+01
-1.168533457765824011e+02
-1.835700173210418340e+00
6.140198992772052122e+01
-1.322752374561274564e+02
-2.308745760704954719e+01
3.102041123791791577e+01
-8.189212916316715507e+01
-7.384762798463285094e+01
-3.104229138297833757e+01
3.203105262023217215e+00
-9.441199456989917849e+01
3.078783517081240095e+00
-2.122194149361694571e+01
-1.518973695021271730e+01
1.185351381065579091e+02
-5.480344690973514332e+01
-2.892642260021627365e+01
5.661041683111537992e+01
8.344932374319184021e+01
4.571278166695977774e+01
2.470526874506401427e+01
2.537593921093838389e+01
-4.130072869451101525e+01
3.546559029912667693e+00
-3.145103175906115922e+01
9.661120908424906872e+01
2.604166066808927127e+01
8.977684735638813152e+01
5.794831577691332392e+00
5.853741118563085877e+01
4.715926056713669112e+01
-1.069538297863608420e+02
2.317490717927568866e+01
-6.808404627395773900e+01
3.797540765186029432e+01
5.768170271153022277e+00
4.836673054645093828e+01
4.337863800540238657e+01
2.163648365556742803e+01
5.730843704548250628e+01
1.636800272312486868e+02
-7.577959036888260869e+01
-1.555748452874992438e+02
5.022701041686308088e+01
-1.328884471812637855e+02
1.073316788370555912e+02
2.555464437440068082e+01
6.679802773314297326e+01
4.755972979666399425e+01
2.333987119210396344e+01
9.423085163529624708e+01
7.728440323453790484e+01
-6.003872915596706861e+01
3.188061660574462053e+01
9.217434743764040661e+01
-1.127819393534032955e+01
-1.168675304694162165e+01
-5.049284669410649684e-01
3.752335481162567277e+01
7.180173158050226334e+01
4.793051986597169645e+01
4.764425472024511521e+01
2.623798582580225869e+01
2.417196502174157047e+01
-5.849198585853019239e+01
5.551281945470853429e+01
-4.026111538064175477e+01
8.363442841824993934e+01
1.124140809390726226e+01
9.520003252753906509e+01
-1.295744366771594613e+01
-4.556010107038059687e+01
-9.148868393183416003e+01
1.655202870123607672e+00
-2.181522997086581768e+02
-6.456286240093998430e+00
-5.546130923264301771e+01
5.658366192970589736e+01
7.727655198391902047e+01
6.002947385054175911e+00
-1.522620600451576252e+02
1.884578545207102991e+02
1.286338964535433149e+01
-6.797188399399463776e+01
-4.867905798861087163e+01
9.172314580417501872e+01
1.045285474088347826e+02
1.454575446926214788e+01
-2.238284428907017798e+01
-1.426389554691409245e+01
-1.625815243648966302e+01
4.417859394461909517e+01
7.992475485524536793e+00
3.323689558825554258e+01
-1.106063574217851340e+02
-7.725526456088252303e+01
2.269295040607109470e+01
-6.911947387079376881e+01
5.074373607185891899e+01
-7.691307731399635372e+01
-1.370660641924662215e+01
-8.184968145765760994e+01
8.232977725306659522e+01
-1.757281140817725529e+01
-2.271022069202430771e+01
2.167300108293097338e+01
-5.557611585604030324e+01
-5.150300113348041720e+00
-5.953514502427889710e+01
1.180720998956929293e+02
1.056264467880704387e+02
-1.902542552963008760e+01
-6.745845229833456358e+01
1.292334880423319134e+02
-3.633260039022252919e+00
4.146440487991029933e+00
-1.323112844901431515e+02
6.758494726256853369e+01
3.622677419663746790e+00
3.560257474769765196e+01
8.331835700808102274e+01
2.777433641619819227e+01
6.354405555484358814e+01
6.336816556826426705e+01
-5.666306258163575649e+01
-1.055110673166468729e+02
7.238244996262285902e+00
-3.618286461092791484e+01
-1.124440845041700641e+02
-1.653090851560516938e+01
6.900243166799552341e+01
-9.322191704603550022e+01
1.143070183929250163e+02
-1.283143327483654446e+02
-4.176197885574974578e+01
-8.054678032845293956e+01
-4.787597261121467085e+01
-9.090695350292254773e+01
3.339820434123413406e+01
1.903337273453351486e+01
6.421320938049730387e+01
-3.738027230930355671e+01
-3.028832798571952267e+01
-4.818079261203686769e+01
5.616278626855855549e+01
6.510473338972874835e+00
-1.647126092723392503e+02
1.163012059966806362e+02
-1.129021705613317152e+02
2.081280807267217270e+01
1.763050052650854482e+01
1.719202950769949112e+01
1.202324419538261253e+02
1.855595582890789963e+00
1.275932239926003149e+02
-2.128175322534622183e+01
1.128591934676887973e+02
5.021711069437660768e+01
-4.743091519492918451e+01
-1.040926322759713507e+01
-8.214984760848197709e+01
5.133011638554124545e+01
-2.713091519264585116e+01
3.074959433073654047e+00
1.938012181084820540e+01
-9.952284856709123062e+01
-1.894522387426528951e+02
-1.094133087551309274e+02
1.844188347172922704e+01
3.435939023119464508e+01
-2.204481675223732751e+01
-2.642401855985237091e+01
-7.380417931045134594e+01
-1.002878156981203688e+02
5.601434449597075371e+01
7.977318336043224178e+01
-9.268079622393192096e+01
1.135197687162740579e+02
1.583670254163690139e+01
-5.076733232944106078e+01
-3.857038157726127281e+01
1.406193817459092976e+01
7.354696178583033372e+01
1.290483121778683717e+01
1.704683875540213123e+01
5.905760306198578391e+00
-1.727814529055589503e+02
3.146676087295441349e+01
1.296991519973190066e+00
1.686695283910048815e+01
7.640960991026310012e+01
1.030619280188636395e+02
5.279278420022541951e+01
6.020800053275225849e+01
1.990358442474878018e+02
-2.127902439112008892e+01
-3.490657332540467728e+00
1.369536575901710762e+02
9.835505309585684586e+01
7.287348076295208443e+01
1.851632005668539582e+00
1.001722923158315695e+02
8.447372717958219823e+01
-4.858734852707102903e+01
-7.830978259658968454e+01
9.629304960990145901e+01
5.243751647194069676e+01
-8.728534403396567143e+01
3.833519439464244982e+01
2.065415798975913617e+02
-1.185881755720846797e+02
1.212372705763536673e-01
-3.863986157407840949e+01
-3.645443581805866273e+01
3.566872279731831696e+01
-1.344510182444317259e+01
7.000306665537492279e+01
5.389164897503521701e+01
5.386831329693463744e+01
7.892476963719306582e+01
-7.256831268070267527e+01
-3.266956015341379782e+01
-3.292890989267794311e+01
4.664757569820685035e+01
-5.642576092520451780e+00
1.920610945539221959e+01
-3.674877421986834491e+01
-3.845191182883269931e+01
