-2.588861224733534083e+00
-1.612802091870264007e+02
-8.159155297196677736e+01
-1.311928771000393112e+02
1.804834415957675020e+01
3.501680361799454033e+01
3.711035437464006037e+01
8.521422809974728807e+01
6.353513788255500572e+01
-1.661288701380694732e+01
-5.419864316196812126e+01
2.473553634690311398e+01
7.549811629899198806e+01
-3.685619605410614952e+01
1.112481260922232025e+02
-5.796975391169758751e+01
-4.603970395330155441e+01
-4.629860517371695039e+01
-1.091720824145679103e+02
-1.310540829440367929e+02
-4.797508385109545692e-01
3.764969328987327657e+01
6.280740974129606258e+01
5.505670385334494910e+01
-1.292284105172456918e+02
1.727737532989900870e+01
9.486772446576905793e+01
-7.525063097378745169e+01
9.976752241804538812e+01
2.440577352001532585e+00
-1.310643528382568377e+02
-2.242218044990349313e+01
1.407211482965298615e+02
2.548248353445340086e+01
-5.100493806083029114e+01
2.992007080171581990e+01
2.469326347380303233e+01
-1.527348974594309539e+02
-6.588887875060353849e+01
-1.414652855475833917e+02
7.080843147853529729e+01
3.310935045332137605e+01
3.939451300236968478e+01
-1.001867480808379298e+02
5.031552843445216183e+01
8.454999485274099502e-01
-2.429984935924421663e+01
5.908596730987478196e+01
-5.540894075320749579e+01
-9.008772321776960723e+01
4.611574625779537939e+01
-8.778946530567121442e+01
5.552188962803264616e+01
-8.913182012904839269e+01
-1.320925822684069999e+02
-1.721316824662392548e+02
1.249194074551277112e+02
2.084413650542598972e+01
2.821429083625718448e+01
-4.564877668663265808e+01
-9.723801816586798097e+00
1.796013274544308302e+01
8.091224459810463543e+01
1.230193850166731906e+01
2.091756516199018989e+01
6.357760370536156813e+01
1.606246906176907601e+02
-3.817813596322780967e+01
1.214270671108571946e+02
4.748197718687999469e+01
5.898101822708382969e+01
4.375846599125603831e+01
-1.343241798013991115e+02
-1.219125162438821164e+01
1.174501308605644141e+02
1.007489937846899863e+02
2.837508123415021455e+00
3.955687640860296028e+01
4.345238748069559875e+01
1.362578218441280775e+01
-3.026151973353949742e+01
-1.112463238017315774e+02
7.847691414031488932e+01
-5.745822455051844457e+01
6.249022499092550476e+01
-6.959443928080337116e+01
-1.546895943675366141e+02
-1.005556935603989217e+02
-9.404476843730503788e+01
4.409001996905868026e+00
1.687767419014919597e+02
8.508305904439228584e+01
-3.118842868746554586e+01
-3.934154250987371171e+01
9.413665349298091201e+01
-2.533182529105893011e+01
-1.508708742962794247e+02
-1.636926405207942423e+02
-2.167015678118611177e+01
2.026678127960474285e+01
1.225865439793801670e+02
-4.732504844977336944e+01
-3.946387618928014263e+01
-1.762775627861496730e+02
1.379220192711639115e+01
-7.611026806082880114e+01
1.311272375882278425e+02
-1.920354264753026428e+02
-2.592610289166099236e+01
-1.213968046155631413e+02
-1.551594008034664114e+02
-1.104116760409467588e+02
-1.412728312874301366e+02
-3.846153879466965630e+00
1.065660178560750921e+02
4.819358701039775639e+01
-5.138227672365972154e+01
8.875958713685388801e+00
7.114421771482155066e+01
6.675167714848099365e+01
-6.438450826559298434e+01
-1.738704837475671070e+02
-1.246871541433744035e+01
-1.389684314518465271e+02
-7.346522365734220728e+01
-1.478929760269934945e+02
-3.209083494460066532e+01
4.631584462947879643e+01
-1.508438607889250420e+02
-1.947162329005587367e+02
7.085489282492277141e+01
-2.241100587600559777e+02
-8.561118536164090642e+01
-2.297550346583841474e+01
-6.657765538437450914e+01
-9.951302180587381940e+01
-4.589266377819332376e+01
-9.622645398961838126e+00
9.787429970032430049e+01
1.751868511338734535e+01
4.346657856996635871e+01
3.449388533554493819e+01
-4.610596012298743318e+01
4.005978522051623258e+01
2.888140300876716182e+01
-4.763234055563403047e+01
-1.008202945384005034e+02
8.282578898022960345e+01
-1.033334748491992805e+01
6.062925391864713909e+00
7.588952360119867180e-01
-1.755375725913752305e+01
1.040353112066181325e+02
9.698212218179827460e+01
1.456010737113530773e+01
-6.599100977339833207e+01
-1.493512728977731001e+02
-2.556689892898339878e+01
-9.843221964402080459e+01
-2.853269229013410069e+01
-1.641606612867433057e+02
1.236247946293420341e+01
6.546931193874077337e+01
1.988936573503219449e+02
-1.585997297888965996e+01
2.723190372507121282e+01
-7.814750116708120231e+01
-7.586124245309584069e+01
1.583256533994697612e+01
-4.274068282685774278e+01
-3.220126554273186059e+00
-7.426972654724157508e+01
-4.154104576431399920e+01
1.295057407068260602e+02
-1.477554189576322017e+02
2.837202281777553026e+01
-7.322463621869236761e+01
-3.495574215986671618e+01
-6.185009557257625801e+01
-1.832651022836610011e+01
-9.757692290778608424e+01
-1.630381496769161060e+02
-8.042672206811462843e+01
-2.785162552039096795e+01
-3.823067474481067762e+01
-3.841527451689924533e+01
-6.486083984164008598e+01
-1.496966886403373564e+02
-1.210205708799076660e+02
-1.265690216504795131e+02
1.704171835295894510e+01
-8.267564102168265094e+01
3.989749213274397022e+01
-1.020811800256319373e+02
1.064299699240925463e+02
5.066962300296241040e+01
-4.318554594113255263e+01
1.245797009906033566e+02
5.636107034926772741e+01
-2.970645247129004929e+01
8.299730655272230706e+01
5.650508191091820720e+01
9.975310945740753610e+00
-5.741350045230752386e+01
-1.496246856628917321e+01
-6.577018226056964068e+01
-2.146355173259281557e+01
-9.474205215947745273e+01
1.038885933040973697e+02
-1.165160843411072733e+02
-5.323409739904037252e+01
4.664073372613177071e+01
-3.054300314205986311e+01
-2.680478948105584891e+02
-7.354266438167317688e+01
-2.485435591942126710e+00
7.950438285046388387e+01
-9.915833496268973590e+01
1.119921366786540773e+01
-1.031689874270463747e+02
3.025523049631537731e+01
1.502419918570284949e+02
1.603968033873275090e+02
-1.032500029542968889e+02
6.143849470923462519e+01
4.378024608610774493e+01
-6.831831612268385356e+01
-2.518814582954943404e+01
-8.069276761073577831e+00
1.637598861412715507e+02
1.159993535511458731e+02
-8.010602298744301208e+01
-5.103120741610798206e+01
1.795759705300168889e+02
4.100974010046963514e+01
4.996507078201146612e+01
-3.123312754590616080e+01
1.662006846588334383e+02
6.099284357288182434e+01
1.068814279616281659e+01
-7.631034353118938895e+01
7.328490470517648703e+01
-5.590470316179790622e+00
-5.590417696016251625e+01
-1.090517688958964584e+02
-1.009392692616930987e+02
1.447097167919779714e+01
-3.542206988997512696e+01
-2.341386318301635328e+01
1.910050601158250174e+02
1.397767653373819599e+02
-1.294221877754070160e+00
1.260049161859207629e+02
-9.929958886747222380e+01
-1.442901466506166912e+02
-1.715471901215489581e+01
8.107483620340063979e+00
1.152730025005890013e+01
-1.353727005559630925e+02
1.154002315512285293e+02
4.876618815968973308e+01
-1.174438904765844249e+01
-5.360018195467159074e+00
2.674367699398633746e+01
1.888467585009792913e+02
-1.447489865126177655e+01
8.495507346555464778e+01
5.154707275458140003e+01
5.288429968888195276e+00
6.312518853894422222e+01
-3.983048850019540055e+01
-6.171616823242712968e+01
1.135388007721062706e+02
-3.892419719716362181e+01
1.093513925066366141e+02
2.280422680307504724e+00
5.062431088996807915e+01
5.395637032022807489e+01
-1.057572575060752200e+02
-7.931797027043674575e+01
-3.477277967510015344e+01
6.121329590557197520e+01
1.006511366106647998e+01
-1.648502028162420885e+01
5.854901532590677249e+01
-1.047842372453493454e+01
-1.057273233848244161e+02
8.190963525827288549e+01
-4.675991334230403851e+01
6.625939664613321156e+01
-3.773890055235089580e+00
1.049787027056816271e+02
-8.826499930580681053e+01
8.629219785203190440e+01
-5.924464112698261431e+01
4.808525006294953386e+01
-1.138969799425645988e+02
-7.388797193837655541e+00
8.561159124540699850e+01
8.866106995063697127e+01
-2.945184490654936038e+00
-1.119546921292897252e+02
2.510841230947943536e+00
6.999518319526272592e+01
-6.724130923634967871e+01
3.640991850989141199e+01
1.080905275612381047e+02
-1.043422718504362763e+02
-9.009571933868166127e+01
7.181834744122261327e+01
1.458818387493109583e+02
1.524865314489378250e+02
-3.881017985007606086e+01
-9.487526492797262279e+01
-8.916501896393221216e+00
1.615714074268430878e+01
-4.470553513149616265e+01
-6.826224691806456413e+00
3.451658356133924599e+01
9.340898131677079164e+00
7.276603722854581235e+01
4.317211300239117122e+01
-9.503817555963867392e+01
1.625268949821489883e+01
3.013382657129188757e+01
-3.016194074944130676e+01
-6.394785314057629932e+01
9.859521786484268802e+00
-2.676649504520343044e+02
7.841590037333534724e+01
-1.790363605719258544e+02
-4.612085257854526787e+01
9.613023876691731573e+01
-7.204581746023872313e+01
-6.592938643791073083e+00
1.223844986321058883e+02
6.060219865818571350e+01
1.252849661161273787e+02
-1.938535091846295444e+01
1.265829504424569478e+02
-5.874218064224727698e+01
1.978370724530536151e+01
1.585126750558275717e+02
1.945126195483977085e+02
5.313611070424459371e+01
2.081685907822891011e+02
9.259470567194512114e+01
-1.040021526838746126e+02
-2.381648725278744791e+02
1.087925766439008015e+02
-5.509668233270563320e+01
6.040519588247455118e+01
1.050224061893920293e+02
-5.911861862842326332e+01
4.610831248130707394e+01
-1.773577773686679109e+02
-2.662842946093017105e+01
-1.668484627733766672e+02
-2.776651949077628245e+01
-4.922717036077575159e+01
-1.116095646256245715e+02
-5.911142402974898680e+00
-2.101361248805011517e+00
3.336261458183785500e+00
-4.622111161917720068e+01
9.610584689642435308e+01
7.343862191913135007e+01
3.241243470926866621e+01
-9.333372581459558148e+01
-4.805536890805234940e+00
-6.627266655670290163e+00
1.602468416606036783e+01
-7.080924758125564722e+01
8.311861723039321248e+01
-1.695494485207526623e+02
4.854524167289507375e+01
3.110687508824685210e+01
-8.378339911577735677e+01
-9.053274104388991361e+01
-7.549516715734463901e+01
2.955297596625571543e+01
-7.973423009195221312e+01
1.000295923146584443e+01
-7.357972296412327751e+01
3.597449140942943302e+01
6.934589825334055035e+01
-1.554907866750956487e+02
8.810033806604975837e+01
-8.062393594998473745e+00
-6.512366471988889316e+01
3.400412777745431825e+00
-7.251418532109329362e+01
-3.569826584969662520e+01
-9.179216598361826129e+01
9.770931877577338298e+01
-1.355027468915733948e+02
7.021617715493326273e+01
4.926357487859828410e+01
-8.315132249464883785e+01
1.219851178074157616e+02
-4.898048638558781676e+01
4.283685246116647960e+01
1.047924946497156640e+02
8.316590339071557025e+01
-3.783460451422183723e+01
-3.103851985268861213e+01
3.362148036241397620e+01
5.045771216759283107e+01
-1.256562508189007445e+02
3.896090937333610782e+01
-7.136934017282986531e+01
4.093729358886156433e+01
3.000585223843902227e+01
-4.353770312220429162e+01
-5.430658034167434067e+01
-3.389802715172177727e+01
1.201693176779038623e+02
5.822743863252727436e+01
-2.782332855144218442e+01
1.552615708497513367e+02
-2.972720856337248563e+01
2.834787903295149292e+01
1.701472206712113291e+02
8.459171556188319840e+00
8.741770955612025773e+01
-2.087168402311810098e+02
6.532302785486560026e+01
4.858391056348266801e+01
-3.730313669878881910e+01
-4.531128802038570491e+00
-1.490988984011000582e+02
-3.436056718242252828e+01
-4.116731717609973629e+01
6.932074383837689879e+01
-1.239619043168741968e+02
-7.723963425916582537e+01
6.943160127967827577e+01
-3.393261351332638753e+01
9.465805975886696899e+01
6.046782854609337221e+01
5.826220492144708629e+01
-1.196552966679221619e+01
5.117269658259986187e+01
1.364257047526231474e+02
4.654014801861913853e+00
-1.696503191297532851e+02
-6.915427921140467049e+01
-6.825461108422175904e+00
-1.500781378208767691e+01
-1.536098940188408619e+02
-1.294202916557172500e+02
-7.919318192404448098e+01
4.020799482217949361e+00
5.373920007464977999e+01
2.958693303479413217e+01
-4.270013651000952137e+01
-8.171788387617465332e+01
-2.034697110695900619e+02
4.034266607321308129e+01
4.726754838087159349e+00
-8.979763294897897197e+01
1.777862297115898826e+01
3.031358214257234707e+01
-9.647849905933507841e+01
1.627027905286718124e+02
1.160892969596614108e+02
1.365401207227607756e+02
-1.157166291234193807e+02
1.155591998753921956e+02
8.929854206508065317e+01
5.271967143138223122e+01
-7.617030718126180933e-01
2.495675371182269586e+01
-8.069412256527436966e+01
-3.490474752564946925e+01
6.827737662690707054e+01
2.140547927633714664e+01
3.117372613169399642e+01
-1.093520487695003283e+02
-4.715607864914544223e+01
-4.490376817102065843e+01
1.164302785490466903e+02
5.098137380624949344e+01
3.460049399933355119e+01
1.063363719682580211e+02
2.083858888294040526e+02
1.102654309563621382e+01
3.054282699569851545e+01
-9.263473154432467993e+01
8.798625454065575013e+01
-1.292853933900693733e+02
1.028093883812677518e+02
1.304638661709273340e+00
-7.256993553407227182e+00
-1.246039661618806349e+02
-1.507956921783980988e+02
5.156015970900079459e+00
-3.889259293897308067e-01
1.754736768156085702e+01
-1.139305357758833424e+02
5.712146242264312690e+01
-1.754744764518178712e+01
-2.777332444352562746e+01
8.743410070369312947e+00
-8.165816766651211367e+01
1.153437913265727275e+02
9.204528727824498446e+01
-1.301536640538317045e+02
3.981497533431335967e+01
-1.408493210256389716e+02
-8.828326090471739107e+00
1.285600034160869711e+02
-9.454541753662999426e+00
-9.779284558832642915e+00
7.966232251385417840e+01
-8.839582469869799297e+01
5.885581205814528261e+01
-5.129133725831812995e+01
-2.321166597197454706e+01
1.960690047028693073e+01
1.582652962877919833e+02
-1.248834547651005380e+02
-8.318811373018479571e+01
4.015814389011764796e+00
5.121624961670626419e+01
-1.291910417892883913e+02
-1.091343980849022586e+02
1.042795437894650412e+01
7.322038561112448463e+01
4.863605317518322835e+01
1.213682392547409421e+02
2.429765920035686477e+01
5.349011994147892324e+01
7.425500704957791243e+00
1.730321881282281424e+02
-5.589040961925343254e+01
9.461739232689745904e+01
-6.217939084765001567e+00
-3.038132080191866891e+01
-3.344637371153498862e+01
1.116623300155701060e+01
4.918970873779044695e+01
8.495529593640375765e+01
-1.382128830256126264e+02
7.429503883746866677e+01
-1.561374171687553769e+02
9.370382676341925787e+01
-7.427088893950875104e+01
3.005539627134919911e+01
6.433459232980793274e+01
2.552214914169646320e+01
4.023808238489292144e+00
4.465827635737576884e+01
1.669832312931009710e+02
-1.034584882696725927e+01
8.833640489212412206e+01
1.315654667701986682e+02
-2.742573597289425180e+01
-1.161712061492036874e+01
1.867864973986557708e-02
8.620890938709930396e+00
-5.604232626916586923e+01
7.772675776723876595e+01
-1.932003821449487191e+02
7.206319611571434791e+01
1.000378924504919098e+02
2.330396802462149708e+02
-6.698276565209535249e+01
-4.641736008110864020e+01
-8.202170552053011932e+01
-9.225604290063778024e+01
1.344433662750786311e+02
-1.522928898356853900e+01
-3.766835389431022207e+01
-9.810132775111947012e+01
-5.047400039904591296e+01
1.355838640022040238e+02
1.167379938662938059e+02
-1.094745098901542377e+02
1.225375748071703867e+02
-6.644893562659963493e+01
-2.834275828955233667e+00
-6.445266416301460310e+01
-1.297202973222737512e+02
-3.193581113151177675e+01
-1.329336685275164029e+02
-9.793023717514370219e+01
-9.905018134463260182e+00
6.601095615723109233e+01
-1.967431278961288399e+02
3.123248235153162611e+01
3.007160397210946634e+00
8.863889344340006460e+01
1.003601474051680498e+02
-6.526137898444109453e+01
-1.088026406187573798e+02
4.402810799218065796e+01
9.589655007590943470e+00
1.562164356028042675e+02
3.490097499606873299e+01
2.935633011329359832e+01
-3.621740768130119648e+01
-1.528294122958567414e+02
1.476887266290266894e+02
5.283174711320872774e+01
7.488544245291699042e+01
9.120709107872262678e+01
-1.020287571121571624e+01
6.054642619472141263e+01
-1.105687678394661617e+02
-5.998244836885064757e+01
1.324737469078559684e+02
-8.441016799883944088e+01
-4.570386787515190008e+01
1.117350229904708243e+02
1.815762716410058317e+02
-5.768552314029058437e+01
5.297307515655193555e+01
6.405465751953613562e+01
4.447250000025726990e+01
-6.870716705802891511e+01
-1.161256884920657058e+02
1.756701289439622471e+01
8.644220510035070504e+01
-2.847400033297085997e+01
-7.553925332691895278e+01
9.092584989060155110e+00
-1.173187184398173883e+02
2.522043711961183021e+01
-1.179528531257835482e+02
-3.183241407556203484e+01
-4.633524813975411405e+01
-6.655765852421977513e+01
1.072130174453892693e+02
6.011365181253719214e+01
-7.996340887096742733e+00
2.135002119629785611e+01
-1.718370238441061701e+02
-3.573634394597846153e+01
4.331280439537476212e+01
-1.602379600446175232e+02
1.058653502648331965e+02
-1.435532111745304178e+02
9.126194450909402178e+01
-1.527598863613791309e+02
-3.849450749089155721e+01
-1.223414464035877103e+01
-1.421961997174164196e+02
-7.059987929762594661e+01
4.162295223890168216e+01
9.219274936597886949e+01
-1.688277529580856537e+02
-6.742455729293796196e+01
-2.925149201109712749e+01
7.827117841743207904e+00
-9.771037348556170343e+01
4.061061160290955208e-01
-8.665707074636462437e+01
-1.636561340708731791e+02
4.013696603828577025e+01
1.555104241628883877e+01
-3.747151190326303549e+01
-6.057685762023092835e+00
-8.961531714816020155e+01
-1.850938018787909556e+01
2.319012855919399740e+01
-1.011945917055217024e+02
1.204634513627191410e+02
2.091527486862089447e+01
-1.877806702583971799e+01
3.007390328355242559e+01
4.154885412840230430e+01
-6.140452497604725579e+01
4.698719718859971550e+01
1.221902312327263331e+02
2.660468802434603219e+01
1.190866685756785515e+01
5.969394063839460074e+01
-1.652792751898864410e+01
1.242795275602804423e+02
2.997788849627984220e+01
6.249436174217591144e+01
7.062465866091494959e+00
-1.365646442575618664e+02
-8.727461015755774554e+01
-7.006544578399092416e+01
1.038218731873519829e+02
5.409656476944707748e+01
-6.812315352769677190e+01
1.175649255124648462e+01
7.233867321950705787e+01
6.190911722597094524e+01
9.375328363186402214e+01
-1.040012950976969286e+01
5.853237588457970730e+01
-6.411599141216007069e+01
-9.884507833480192573e+01
-1.243617325702695666e+02
-1.162942726403911387e+01
-8.035897730444376919e+01
1.670426248003597891e+02
-7.922654068427489449e+01
-1.820299065663886040e+01
-1.588675786109883177e+02
2.079389620664567317e+01
2.224132035055845051e+02
6.393591840990667663e+01
1.145548020095083785e+02
5.214762743205190532e+01
1.044365714366290661e+02
-1.121852333933658343e+02
6.518948431409339150e+01
-6.008842137606665545e+01
1.322669807088241498e+02
3.770281464813255212e+01
9.670791272830562946e+01
-5.655941570873292790e+01
-1.135505077982134310e+02
-4.965520745811041081e+01
-3.609182775949377486e+01
-2.740218730007761039e+01
-7.398071268762696207e+01
2.182311740596507263e+02
-9.841724174951275472e+01
-9.041591972943811584e+01
-3.419462853399778623e+01
-8.597920943376232117e+01
-3.445201001518319117e+01
6.428405312206764677e+01
6.984742217674251208e+01
-9.841108865847661491e+01
4.098179689679604110e+01
2.507397591395804781e+01
-5.145319508266796049e+01
-2.328222017172203451e+01
-6.934981208669049124e+01
-3.625516461814456193e+01
6.764990049993971866e+01
9.365489105853789908e+01
-4.603054408663508923e+01
5.282091305431615780e+01
-1.060035967313336513e+01
7.074506776873049319e+01
-4.814390610115471425e+00
-2.568495672579555276e+02
2.322083946378043962e+01
-6.620233658184724845e+01
8.275522807254347413e+01
-1.701710814282822071e+02
-2.556267922202744813e+01
2.523989150306834262e+01
-8.842122939292518424e+01
-3.255844404641868550e+01
-1.014394738270827823e+01
4.749349236377706518e+01
-4.962586240871981857e+01
2.787303732026625980e+01
1.571058163929568536e+02
-1.007210846741085106e+02
2.971189670980643172e+01
1.184946807433199467e+01
-9.365848740059129796e+01
1.326543007520270834e+01
2.080587255499666810e+02
-2.109428862888265588e+00
9.047686818292059741e+01
5.296939787390233079e+01
8.697933120398148787e+01
-4.202057923741204348e+01
-3.994080764368534631e+01
-4.904565913532584176e+01
6.129537617273835082e+01
1.730183110721963828e+02
-1.968965025402490880e+02
7.088929789096933121e+01
-8.522320040962951282e+01
3.703061793755367148e+01
-1.590810657889452386e+02
-4.568968107423921765e+01
3.491788000791127899e+01
-1.320034559116581079e+02
-3.982517019190413521e+01
6.441345439778301341e+01
-4.545658802394904541e+01
4.865800530958674841e+01
1.738973265405591064e+02
-8.678367997903481523e+01
4.538554888666385523e+01
1.031356084745252559e+02
-3.072127352328269367e+01
-8.962985893499627821e+01
4.427004255651591080e+01
2.865582654153464048e+01
4.554787189449297102e+01
1.429316634588685417e+02
1.908803263162098673e+01
-1.595199548482175489e+00
9.692829442840771748e+00
3.144687016996569184e+01
1.291714769882424605e+02
4.738230245500224669e+01
-8.844125441075210858e+01
1.620245713018813944e+02
1.621140514296049844e+02
6.477741488599451714e+01
-6.940235471374589338e+01
1.412923072782030260e+02
-9.544677503102602145e+01
9.528111611006440285e+01
9.594133105842328746e+01
5.487146581950950974e+01
-2.141283971068484391e+02
-1.409331355442345171e+02
2.138838177795792106e+01
2.844630549844040246e+01
-6.707858979528771215e+01
-1.121295796532893263e+01
1.718114490091519997e+01
-8.683216604510693060e+01
4.965221805657805021e+01
2.436003876725343176e+01
2.272378271912412515e+02
-4.986841540223837654e+01
-7.475619950084850984e+01
4.921297412475203004e+01
-1.304041934890819618e+02
-2.711461041511982195e+00
6.403095337371949825e+01
-9.680527216328182760e+01
3.234738237093301336e+02
-1.806443486572974280e+02
2.927593115563897186e+02
5.592332482271572047e+01
1.075487912638392629e+02
5.692056044018679728e+01
-1.494835646141555401e+02
-9.965303869430994155e+01
-6.222777781286824705e+01
3.396743373102702179e+01
9.658322572381196736e+00
1.170398422584527225e+02
-9.231389033009067191e+01
-9.007117642104104149e+00
-4.233279297941682984e+01
-1.078697482010297648e+02
-2.935951473890834151e+01
1.078216557495722761e+01
-8.959895993021432048e+01
-1.088172143429218437e+02
-1.747854636968059339e+01
6.407965387514821032e+01
1.679823722287037526e+02
-6.367366844771768086e+01
-2.305120346220699901e+01
9.281010898123312813e+01
-2.412432349784027252e+01
9.389471638086572369e+00
3.290554537045296968e+01
-1.126944049837110526e+02
2.839090851156565165e+01
2.871562363227890202e+01
4.170955960104437032e+00
-5.493805217393844487e+01
1.130806429679009000e+02
-3.793361533746809044e+01
4.844858927261594062e+01
2.597481563493254697e+01
-9.982169326580901725e+00
-7.897418118144105392e+01
2.200827458310730123e+01
8.882358702772067716e+01
-8.458721795845271174e+01
-1.108611058226376400e+01
7.270359578079307994e+01
7.113559029223797836e+01
7.399466563669852803e+01
-7.280002185982361596e+01
-1.084405457148727834e+02
6.439236315233067387e+01
4.047638551695866482e+01
5.538829525307021839e+01
-8.040268674733104248e-01
3.486466208781309462e+01
6.139232808876320746e+01
-5.466369002248741538e+01
-1.505084319652342799e+02
4.337456561384364306e+01
2.761623070993312723e+01
1.224222989268458974e+02
-1.352740501762393137e+02
4.015491868134333941e+01
-7.922458189528452976e+01
-9.446241685801073373e+00
7.630908197298468920e+00
3.795736144024485981e+01
6.309886045760209328e+01
-2.219971571924026321e+01
-1.224750937117097465e+02
4.652104789637755289e+01
3.922850815768925514e+01
-1.141462213018855891e+02
-1.300304633044973741e+02
-4.895037885767274588e+01
1.303429876259568232e+02
6.616664291774746687e+01
5.237469035659503191e+01
1.736960998263556988e+00
2.301379254296914567e+01
8.670849607770659873e+01
-7.750823966843044843e+01
-1.202070209540206065e+02
7.153045213945381420e+01
4.353666948341117227e+00
1.001415667141004349e+02
3.295023099531226052e+01
1.635595398925805455e+01
-1.402880532049956344e+02
1.724270854213989139e+02
7.864452408649633686e-01
2.129185112468181096e+00
6.193978410290146996e+01
1.667959300275406731e+00
4.018197559563147081e+01
-1.826020961027317213e+01
4.263424097246826250e+00
-1.333982857342294039e+02
1.260870405159771366e+02
6.243403767830852757e+01
-2.255234205006842174e+01
2.221089600324132363e+01
5.574128955985323586e+01
-2.083385952983605875e+02
-1.009848512019304678e+02
4.485748723697264495e+01
-2.131473899555375340e+01
-5.818814462666039589e+01
-1.834684824805736980e+01
4.201508028978988563e+01
-1.440532592923752020e+02
-1.894449287440178864e+01
9.601841796280648111e+01
-3.968945269229420347e+01
9.871995979334481319e+01
-9.501614986900639437e+00
-1.732725958049594510e+02
1.309240042267144020e+02
6.650366722312871559e+01
3.551802200716943503e+01
2.954167425702553196e+00
7.812430391822421427e+01
-3.524594281329314782e+01
-3.962967759444071092e+00
-3.357744762580325215e+01
-5.672950152426241033e+01
6.939586710125738023e+01
-1.842971436947289305e+02
-1.148610515364262312e+02
-1.013918016346087398e+02
-7.829027933862857935e+01
3.899645561389453263e+01
-8.825971226092487143e+01
1.294333304405652711e+02
3.275727461726324208e+01
-1.886914125616810978e+01
-9.984956974202066249e+01
-9.774628974155243100e+01
-1.510274109468565200e+02
-4.541943863710841356e+01
-1.105066527693915077e+02
7.551657365048595238e+01
-8.793238770048155573e+01
1.423529041768746950e+01
2.900420873294505952e+01
2.347593480395172350e+01
2.711785941707826098e+01
-1.270056299117850216e+02
1.255270113895226558e+02
6.518678542744392246e+01
-2.294590527578731951e+02
9.674322208156925740e+01
6.885447642219718034e+01
1.838772364075341414e+01
4.446277323252464697e+01
2.050306451279056148e+02
3.817992605407678752e+01
-1.521874280336699883e+02
1.983842359507596687e+00
1.427088326801343499e+02
-1.379520813372310215e+02
-7.484547857982003904e+01
-4.155381304775837492e+01
1.178982941857566047e+01
9.920670651951735408e+01
6.011518590301152898e+01
9.586248753491925356e+01
-6.715976337434577115e-01
-4.661562978084959497e+01
1.248633171407636411e+02
-5.472385447698913197e+01
4.658256315008084414e+01
