1.273640456471859466e+02
-1.711816610928892146e+02
-3.975633944280967569e+01
1.956399173324587366e+02
1.861744120073411324e+01
1.138279564907693384e+02
-7.851858546204049105e+01
-2.641273261079800960e+01
1.020105500071471027e+01
-2.329796076372503819e+02
-1.470830637402886509e+02
4.575798791153295753e+01
7.346266065032152959e+00
-1.473493862471323190e+01
3.133708529520071906e+01
9.702065500955990629e+00
-7.940349955335442189e+01
-1.341011565855536247e+01
3.846662605196730311e+01
1.274461178698149837e+02
6.840840533867911688e+01
5.772047477163538787e+01
-4.325768300871624916e+01
1.122824950174264131e+02
2.967448447764843067e+01
1.334916494507306766e+02
1.020271947380566075e+02
-5.774409568369760137e+01
-1.534569601481250345e+02
2.384250118627501536e+02
2.990066321689264939e+01
-1.022011871996900823e+02
-9.935995913974727500e+01
4.662310191007911442e+01
-1.419431062481473589e+02
-5.794799806597243474e+01
-4.742003452502285654e+01
-3.496965997090946132e+01
1.741344173536897415e+02
-5.299215265762761362e+01
4.811419995568685692e+01
-6.599492526555748029e+00
-5.480343643653689867e+01
-8.321629169728850250e-01
-3.708585353480633984e+01
-5.603487063276558189e+01
7.906458373229432013e+00
8.204522065106448281e+01
-5.302228811919188445e+01
2.866768868093633316e+01
1.287888942871829379e+01
9.343145286873634348e+01
-1.072694115514997293e+02
-5.288232761089658140e+01
8.039447007915623544e+01
-7.655426315685686234e+01
7.738474430656140157e+01
-5.916743828159152940e+01
8.608135444910439560e+01
3.264368192686158210e+01
-3.625451140720998833e+00
1.476155264054064276e-01
8.664033930726239063e+00
-5.071958238255827922e+01
-9.573231361164522468e+01
2.203193216624239525e+01
3.934449171509695020e+01
-5.065154307868561290e+01
-4.415432870165266621e+01
-7.756066728205372840e+01
8.262502228703739604e+01
-7.046787103200458091e+01
6.968240571757124258e+01
1.493278970876220946e+01
1.713155248023827326e+01
2.332644367701402999e+01
-7.383868502164020242e+01
7.578071377201681003e+01
6.507947343986904798e+01
-1.566136838708001022e+01
9.090903195213968502e+01
-9.715430911703665018e+00
4.733120676107507308e+01
-5.549895042533738376e+01
-8.987734507895513048e+01
1.813753266920887768e+02
4.560125186878531878e+01
-1.264553814135253731e+02
-1.153236953974467980e+02
-6.295168055012970143e+01
1.182872987229859341e+01
2.058896760219553528e+02
6.223115365029739365e+01
-3.661548247487517216e+01
1.588725425398230868e+02
-2.540097874328479577e+01
-7.524205622893267886e+00
1.012002468161580282e+02
-1.560633356847518201e+02
-4.432997515442558267e+01
-2.540528406484876456e+01
-2.124914306181414645e+02
-2.428751423852046969e+02
3.050145724620832866e+01
1.294496428707187192e+02
-7.903111762784180883e+01
-7.633573306320930385e+01
1.596991393869289766e+02
3.143706599736516782e+00
1.306198564105535240e+02
-1.426919664573937609e+02
-3.432034440680062204e+01
1.445894556238749544e+02
4.893459070059972049e+01
8.522444133963428214e+01
-2.844156562020111778e+01
1.718757303962288461e+02
1.111659287733787522e+02
3.848981773778635329e+01
-2.644376501337477947e+01
-1.006341466336210289e+01
-1.226671352419712235e+01
-8.617853981935253671e+01
4.171144147019631276e+01
-2.039517819059235251e+02
4.822033939396062863e+01
1.289390780616994050e+02
5.050121641324186328e+01
-5.127745104613840255e+01
4.759200889651393318e+00
1.182350070635371821e+02
3.976631474311190573e+01
-1.335658510807396908e+02
1.125950444440607754e+02
1.854783667608981546e+02
-1.690039950723569859e+02
5.248792307512152178e+01
-2.969264479918928146e+01
1.084135757935980138e+02
-1.722623668563222168e+02
-1.443777422701379294e+02
1.184646085944768146e+02
5.866449691555010304e+01
-6.261962768032583426e+01
-1.271275881884305363e+02
-6.840360828937703275e+01
-7.255643506246060781e+01
7.987048657528762874e+01
6.987451123005089926e+01
-6.105676326921868480e+01
-4.163216444187330723e+01
6.630249771126960923e+01
1.918460577259754629e+01
5.098908653446871853e+01
1.138553233438821763e+02
-5.803142233782912385e+00
2.359961013788369755e+01
1.284772427994895452e+02
3.005069638768670615e+01
4.894230655955935205e+00
4.983570239962401871e+01
9.559343854192830392e+00
9.909696957359406611e+01
2.874990240122640728e+01
-1.536374686610348661e+01
3.342159460675346594e+01
1.092067163773028824e+02
5.979976239143430661e+01
-9.168555715390927219e+01
-7.596161093028797495e+01
-5.981405067186916824e+01
-4.845088435450790598e+01
-1.605299913536780707e+02
-2.732961159532030493e+01
9.016236753206669619e+00
5.933412951979926131e-01
-1.682178525349476956e+02
-5.563148993303540379e+01
-1.060903076847074260e+02
-4.384353514636865867e+01
-1.347064579957900037e+02
1.048605627652301919e+01
-6.578777990226610939e+01
-2.514572709932396322e+01
-4.656518112022128264e+01
-1.018125877975598996e+02
-3.085355140129979290e+01
6.654915997315369225e+01
2.870771361675582778e+00
-1.650183547388135423e+02
-1.235460907595381741e+02
-8.836228562581554513e+01
5.892218116935562477e+01
-1.387032980649532021e+02
2.198611691503687382e+01
6.713581136797225213e+01
-5.115905216551098533e+01
3.208447507724314818e+01
9.306310844662083070e+01
3.990398116188167421e+01
1.579598974048438720e+02
-1.440858883888112008e+00
1.152316562860989535e+02
1.759842306250153285e+02
1.992677032363980913e+02
-1.263230497039193345e+01
-3.177514921724180752e+01
-5.076269636514453509e+01
2.656702160110276711e+00
7.399796957223030347e+01
-1.611680863240476356e+02
-4.117008689228250518e+01
9.970684283960251548e+01
7.398189038659722883e+01
9.748481923270044547e+01
-5.331971921100734590e+01
2.997090920673064218e+01
1.423213351386899035e+02
-1.840074934169788605e+02
1.817409842825635735e+01
2.272919594879778415e+01
4.685737307583275424e+01
5.879676842491420530e+01
-2.206310355502920828e+01
-1.691593540692907425e+02
-7.939755774835482782e+01
1.010961286887775543e+02
-6.257117842428375099e+01
-1.833413700440267746e+02
3.193409232274296627e+00
1.118332846502022164e+02
-2.952119983144717352e+01
4.601656306947975850e+01
1.025693795109545476e+02
-1.260035067486771538e+02
9.953224630503576975e+01
3.906637521713631145e+01
4.343644027612678826e+01
-2.371923743266233942e+02
2.286921107143507470e+02
2.296967360902108268e+01
-6.662574756189469838e+01
4.260247296565698605e+01
8.217793148395470837e+01
3.464435938444311347e+01
-7.301077306340384609e+01
-2.403965992689992959e+01
-1.118211347986572406e+02
-7.858837676892515844e+01
1.203980043017530335e+02
-4.203272714470240601e+01
-1.209242602994059865e+02
-6.023226509168095877e-01
9.494160673150673802e+01
-8.330617944466547442e+01
6.530527648846289424e+01
-1.631761848084269317e+01
-3.331842152886711972e+01
5.710228328318035551e+01
-9.612706667626127910e+01
1.103602891840143201e+02
-1.176586489466523915e+02
4.152995438461515221e+01
8.661717051462913730e+01
4.056884603953833768e+00
-6.728463261009805763e+01
-3.757701591084939707e+01
7.539906781739364305e+01
-6.301314807588768474e+01
7.802689438189635496e+01
-6.305297720979387677e+00
5.285180771218855966e+01
-7.370559741794346564e+01
-2.350715705185279347e+01
-9.457591195894215730e+01
2.650664537364908213e+01
1.083687814877239752e+00
-2.284102403576457050e+02
-1.664100843857438576e+02
-1.640435014806522531e+02
5.902440787217970097e+01
-3.591892820957037458e+01
2.093934586503873163e+01
-5.440521258861431875e+01
-4.744100417428184358e+01
8.933216589708017352e-01
-4.568069855581826033e+01
4.697012567014508022e+01
2.253727693145222233e+01
1.098068188486911794e+02
8.649604884918045400e+01
1.047167815740876762e+02
1.476781666609263937e+02
-6.572995804285186239e+01
-3.917737246857762301e+01
-1.763200413855496436e+02
-1.360766453610214626e+02
-5.791542523037234957e+01
1.218683211945607781e+02
-5.631089693098440563e+01
3.540791502154865356e+01
2.647489080729201305e+02
8.664451113818850558e+01
9.855041755849866547e+01
-9.389508511075200659e+01
-1.413518224756388086e+01
4.415754413936005562e+01
1.582063953365136797e+02
-1.807203871895735858e+02
-1.386544531911171418e+02
-4.739382110355849420e+01
-1.038842932648088464e+02
-1.205147688592052759e+02
9.428387376496141314e+01
-1.513031766403457254e+02
-3.445410468745322419e+01
-7.414018933614198659e+01
-7.167665331217223468e+01
-4.413464221015148325e+01
-4.706797199578463875e+01
-1.452224874425234020e+02
-9.198117621861848647e+01
-4.771699385996630838e+01
8.273306003070748815e+00
-4.315843431792081297e+00
8.004519159999151867e+00
1.849426393407030389e+02
-6.441273790099448604e+01
1.886009090914504895e+02
-8.372789810377967967e+01
-8.215646854435105695e+01
-8.503996119248249386e+01
-4.546183285685970077e+01
-1.873731014551864149e+01
-7.453839380012711047e+01
-1.245656255389224043e+02
-1.848421022107299336e+02
1.151363436975817507e+02
-7.484805928795400121e+01
6.846241648377272560e-01
-1.417036390643511190e+01
2.748714988354007716e+01
9.702105706729049928e+00
-1.026986753108699872e+02
1.839281766946794505e+02
-5.235894898963044142e+01
-3.688316375691261584e+01
9.172190384524321871e+01
-2.584859875521768213e+00
1.173817063083165948e+02
5.660461675269318960e+01
9.691838019888349720e+01
1.259101907339944937e+01
-4.607880593476612319e+01
-1.264245532253728044e+02
1.437508327245750195e+01
-9.206000542270801645e+01
4.266942822738312913e+01
-8.705668611158984049e+01
1.085662042153501972e+02
-3.881979052256843232e+01
-5.159403064038783526e+01
-1.881431227542320173e+01
-7.193393335035012548e+00
3.695970906948692658e+01
-9.572727013003875740e+00
-4.924347950638743754e+01
-2.555450116378203962e+00
-4.744802921559519149e+01
-2.377306396259862424e+02
-2.170375168847843028e+01
-3.718271510705510252e+01
-7.081535225973595971e+01
1.036304590159974310e+02
7.659616026618958529e+01
2.122470877746812334e+01
-2.617246911238015983e+01
-4.595270741415925642e+01
2.562758622955587029e+01
-2.037107755709158496e+01
-1.052253736550051713e+02
-8.596999705620164889e+01
4.468504571660666613e+01
1.936829554311493666e+02
-1.883456347841330825e+01
6.373558251211458980e+01
5.984343764460599857e+01
4.686165140031009457e+01
7.396900166466753035e+01
6.633159267753676147e+01
-2.751294022933256400e+01
-1.082444804939011220e+02
1.112123592463591280e+02
-2.144298709108362289e+00
8.760794901302551807e+01
1.362279865216443042e+01
-8.312366675229944235e+01
1.448065620906001527e+02
-3.005481357226730665e+01
1.855482222127711225e+02
-7.000695008109322259e+01
-9.504729054170661939e+00
8.950074389156554844e+01
5.905351763794060815e+01
8.064007386163888214e+01
-4.198636348073063829e+01
3.094232942528286046e+01
5.907660019218607061e+01
-1.069436207837608208e+02
8.472822923094715009e+01
4.242691820263962654e+01
9.959980932505887097e+01
1.613267304847331332e+02
-9.842945705671621681e+01
-9.857084323610149568e+01
-1.961866795053157730e+01
-1.719507548781157311e+02
-1.985018650054355760e+01
-1.054060327517987972e+01
-1.411850806326944507e+01
-4.325631653912343211e+01
-1.099891213212106180e+02
-4.827463621596261589e+01
-9.246166107707789195e+01
-5.671875169499172387e+01
-1.038593647522969690e+02
5.264139180351060077e+01
-1.411450114057535998e+01
1.208078423160386166e+02
4.170446286218056997e+01
-1.028980680398776855e+02
-6.807623359858617107e+01
1.047258379451616150e+02
-1.405453331318430799e+01
-3.075251910376031006e+01
-6.024342059141019945e+00
-3.123107092658830553e+01
-8.167056134267608059e+01
2.236380574615126875e+02
-6.922309490560368772e+01
1.692050045441460782e+02
2.927614663473501366e+01
-2.279624144490200877e+01
6.507561110248835234e+01
-5.262555662067155993e+01
3.359670974452340886e+01
-6.906583310801325126e+01
2.767496919863862814e+01
-5.619331958904331259e+01
-8.410787642982496948e+01
8.339054003542329951e+01
-2.180219935119626840e+01
-4.934081709503210789e+01
-1.566437152528837373e+02
5.731419674595589209e-01
3.807511948634739696e+01
1.438552017685964870e+02
-8.790127145193698865e+00
-1.002017048106849870e+02
-1.576560606357193137e+02
8.731448889305390537e+01
8.538244275187634003e+01
-1.224694653238421438e+02
-1.369906180129632389e+02
9.440668559640873525e+01
-6.408401876762373206e+01
4.480205001807243903e+00
-3.035717464481280992e+00
5.562342322756497026e+01
9.381775294959345501e+01
-3.480661639180111422e+01
1.284877876403423329e+02
1.475050245249444636e+01
3.679746222254129151e+01
-8.212639721412733351e+00
1.082518744800410104e+02
1.293001535154459987e+02
-1.401997081847355275e+02
6.592997664988496354e+01
3.493326226016053138e+00
1.228487773277600894e+02
2.014222691532498288e+01
1.383863253986893369e+02
-9.389120161890970451e+01
1.774184242898577679e+02
-7.351479273063284836e+01
3.859720273999659668e+00
1.753999993452712758e+01
-9.539513327907262408e+01
-5.635372713285956792e+00
4.656656764820196059e+01
1.315410831641762570e+02
-1.017423684945809725e+01
-5.039688578943699326e+01
5.794685444080829484e+01
-4.773613061054596329e+01
-1.206162195867300113e+02
6.771716900898613289e+01
8.913261206277550031e+00
9.238197639931705396e+00
-1.302715629132545700e+02
-4.949691995011804124e+01
6.089983250780577606e+01
1.349577666803105274e+02
-9.233181174434184868e+01
1.116270838057359072e+02
1.082464451560346106e+02
1.337075508650573852e+02
1.135493903198648269e+02
-7.046956193717433337e+01
2.262351079548703225e+01
-4.479030279916958790e+01
-8.069145041304531674e+01
1.313548792581553926e+02
1.625722001884105339e+02
-6.973216591491699035e+00
1.228889237971661146e+02
-1.758101783387709105e+01
8.423540017893008880e+00
-1.242155281645435139e+02
-4.497692851870990438e+01
-2.299467083818237825e+02
1.786345068879509199e+02
-1.148535871621032811e+02
1.537329261413961490e+02
-4.367350990618803763e+01
-7.334207917301077373e+01
4.716916035216643266e+00
7.445247070004641365e+00
6.614084725126564024e+01
-8.252543458041496649e+01
-9.155560480324210459e+01
8.473947033236818527e+01
-1.356963649181710423e+02
1.106769880797817152e+01
8.348280121977154522e+01
7.555197029097612926e+01
5.009822977321173454e+01
-1.043738259736676923e+02
2.121143366810920270e+02
1.315949383587206398e+02
-5.332565055845202906e+00
-2.017600356366682774e+02
-8.852053209642483012e+01
-1.659486135548934556e+02
-6.284477648253897542e+01
6.718166589938732614e+01
3.076057105999133157e+01
1.613598620827436747e+01
-6.093435414405193740e+01
-1.411105533985095519e+02
-6.446053297367593871e+01
-2.888238877947548744e+01
-5.002726792369193021e+01
-4.577948011684014062e+01
1.753076724181159420e+02
1.523012089036146506e+02
-6.122950148719277763e+01
2.789633271279549476e+01
1.497038817878269299e+02
3.840747965126631414e+01
-7.025977815239971846e+01
4.306445021724385214e+01
2.518409966916147624e+01
2.114019574804831052e+02
1.203119338657694755e+02
9.699103656213378599e+01
-1.983812945387118276e+01
-2.847545604587342893e+01
3.392505619601237754e+01
1.077649929572737193e+02
-8.569247096870117275e+01
1.095200126771090225e+02
2.527439254838527205e+01
2.150799542507741648e+02
1.033629987291364785e+02
2.909077370471690571e+01
1.401361736965544580e+01
-6.145436667769083705e+00
1.597358118774999447e+01
3.168709618340640688e+01
-6.914450211163787685e+01
-2.331292830211183684e+02
7.078307635119237773e+01
1.633619524437079633e+02
5.207552545834116842e+01
-4.884678337990860797e+01
1.472245231124946940e+01
3.585580166127883217e+01
-2.657861392135679068e+01
1.047631311532863236e+02
9.533752302887302221e+01
-1.112293719043690317e+02
1.067791981582955962e+01
-1.054621289723285145e+02
-6.938576254696700119e+01
-2.803637685983934702e+01
-2.870342601076688993e+01
4.233021178675056007e+01
3.994852982371281769e+01
-8.342441038503100259e+00
-1.112684926675294577e+02
-3.857133066582336056e+01
3.478261935257638271e+01
-6.683050370428921383e+01
2.381481713192026461e+01
-1.780713796501080139e+02
1.273036589093737661e+02
9.948815207815556505e+00
1.805691537791286692e+02
-1.152902249300372262e+01
6.027638640405354664e+01
-8.848630492332107522e+00
1.005856458639969588e+02
-2.082485939042044549e+02
2.148315228318885328e+00
-5.932405616925485248e+01
-6.131361895815390994e+01
1.022833752879927438e+01
-7.876243827083256122e+01
1.420388230491180792e+01
1.097640945371739036e+02
-2.034393537454105783e+01
-5.067523489008075899e+01
-5.995676571695008050e+01
-1.143499197423687548e+02
3.331958993579937101e+01
-2.835220361816330836e+01
3.920602027989823313e+01
9.634437395733029064e+01
5.981381561195783547e+01
-5.944255592003916178e+01
-8.249470892897690533e+00
1.231637726065208653e+02
-1.201211772778154625e+02
2.437316863238540066e+01
-6.208187099454667646e+01
-6.044442232258529657e+01
-5.395897203672206643e+01
-6.954947725802959724e+01
-7.152706318660837326e+01
1.780957168040745131e+01
-3.941722524367097691e+01
-7.071703958712477345e+01
4.749303112118411718e+01
2.361814831445898832e+01
3.412514237871783251e+01
-3.165570138776124764e+01
1.584654384753130074e+01
-7.921923614353595156e+01
-4.930691059479421767e+01
-1.890202760045977470e+02
8.511874672684602672e+01
1.453012013938297571e+02
3.375635829349093342e+01
3.448717543454511514e+01
-1.196684557960039257e+02
-8.932883186837817391e+01
-9.415295331368311338e+01
-5.060399826142289470e+01
-9.217889741407064719e+01
-3.996137029894521575e+00
-5.548896475437069142e+01
2.102191729259610611e+02
-5.477541985925247303e+01
-5.584389325079664346e+00
2.728609337299284121e+01
-5.617684650626959098e+01
1.588657869569847891e+00
3.415809010870023421e+00
-5.540356625627292431e+01
-4.031916232031225178e+01
-1.472951738089565810e+00
6.890915641222559884e+01
9.770510390705480575e+01
-9.344411494340842239e+01
1.484909882010023985e+01
3.681847045704958532e+01
5.747146911014208115e+01
-1.145504688229456889e+02
6.871599688868688816e+01
-4.964450258150355921e+01
-1.239630212186194171e+02
1.278663563692814051e+02
4.570897449293827464e+01
1.227920814238644454e+01
-5.436455332302375609e+01
3.539196275232131228e+01
-1.214964046473063917e+02
-1.469038275311844473e+02
-6.104482123277473526e+00
-5.319242791827468864e+01
5.475026863666673904e+01
1.714493662264489870e+01
-1.462375071614598312e+02
7.174567433743447964e+01
-4.971943460374738066e+01
5.566757976709700984e+01
-1.267414604903797368e+02
-1.352556997682121960e+02
3.391646729618123146e+01
-2.824216566916206972e+01
2.268361109576261754e+02
-4.165298761121469795e+01
5.593872268994613250e+01
2.797987335376251394e+01
1.112543535174204266e+02
2.704272325036835056e+01
1.476155195421595323e+01
-2.058319974406293795e+01
-1.857902118920778634e+01
1.009365864031967419e+02
1.411144965703165042e+02
-6.094993747193329625e+01
5.304416625284877007e+00
2.146694788196286083e+02
-6.860908246838582158e+01
2.334289683999672249e+01
-6.277058184523047402e+01
8.910753841330210889e+01
1.485332368556983909e+02
8.584310160780134424e+00
-8.979215177537255954e+01
1.375435914609334986e+02
3.391527736475709531e+01
-1.893930491992359322e+01
-6.878558406089784683e+01
-1.574952492699987943e+02
-8.681235842894587051e+01
-8.135263904728111584e+01
-3.364686354408662794e+01
-8.075469010159126881e+00
-1.833094384686541503e+02
-4.988441839350789309e+01
-2.312055405637173067e+01
-5.973227052156887140e+01
-3.893620192689063231e+01
4.557671000735668443e+00
-4.189694582215826557e+01
4.797282998645764707e+01
5.842394738751513472e+01
3.004176611217003767e+01
1.717976978355171696e+02
-5.053027242621487147e+01
8.600626997587896838e+00
-1.333595861626602286e+01
-8.434741492701498533e-01
7.884912518708638629e+01
3.123965819782854325e+01
5.250539951964025676e+01
-3.740260364744207866e-01
-5.469668782278780839e+00
6.614895913389185012e+01
3.569998747990566557e+01
2.252851459943576629e+01
1.253893848845191457e+02
-4.714909679993141367e+01
-1.041464033707762837e+02
1.618839345389564244e+01
-2.703997519296164143e+01
-4.957662238072107641e+01
-5.317370473554822752e+01
1.045849620444603971e+02
1.241102431872616485e+01
-2.021148772265777183e+01
6.160151666812428317e+01
-1.249330318091140697e+02
-7.222843870344308925e+01
9.914008898812882364e+01
3.745465185809537445e+01
3.466146445330003445e+01
-6.360810802370090045e+01
-1.706930480905053287e+02
-4.177589906852335844e+01
-1.073275650166700075e+02
-1.073726855953200214e+02
1.772340226072494929e+01
1.325051709888574578e+02
3.595346636578378963e+01
-4.445816105614424885e+01
1.055710145103873856e+02
-1.435958832662662417e+02
3.563724918063554270e+01
1.401031681654936101e+01
2.560816956919586218e+01
-7.101563737640236518e+00
-5.329042476081326640e+01
-1.717841009345392536e+02
-9.337044352292888050e+01
1.728772209548671412e+02
1.718784485593803595e+02
-4.244232429327951195e+01
-4.921345005123247773e+01
1.233285103907210072e+02
3.473953156621293914e+01
6.937643639746490010e+01
-1.105247677476168064e+02
-3.482703602830197553e+01
1.253254951836700002e+02
-4.586831686087509752e+01
2.074667398465890855e+01
1.960704908643663558e+01
2.124608097340919528e+02
2.533492791801725730e+01
-1.024465508779128129e+02
8.905266605142288938e+01
1.681585089172380165e+01
-6.797063947647409066e+01
4.286067877898167211e+01
-1.009696821088790273e+02
2.893786248918196335e+01
-2.905973599247000294e+01
-5.770828399530505237e+01
-4.629410896803877051e+01
7.228697252084441516e+01
8.248318877065359800e+01
-4.324203728441340822e+00
1.444752533146828739e+02
1.060285904597311344e+02
-7.646088251834974869e+01
-3.867941247206393030e+01
5.359813479033673644e+01
4.866075119945408289e+01
-1.618337852767758136e+02
-3.964506475442448874e+01
3.788183062320252503e+01
-3.040064859187589974e+01
-1.164825633942682401e+02
-1.062509176433079432e+02
-7.290939700392303280e+01
2.751935723340817219e+01
-4.609764103218326881e+01
-2.928237980334594113e+02
-6.047442770952608981e+01
-5.678655335020690842e+01
-7.440869449590451268e+01
2.304302069792129259e+02
1.273297666960473293e+02
1.287278335024408307e+02
-2.152621317369877829e+01
-1.091950306071271939e+02
7.122337489105186137e+01
6.154912695151788959e+00
-1.734459390613446601e+02
-8.142479796218299271e+01
-9.852103744317169287e+01
4.741988349227570154e+01
1.274590667671059379e+02
1.532580146476466041e+02
1.402170731538834048e+02
4.363918117912635353e+01
-1.060196662501398279e+01
-2.090925394521012493e+02
-1.236513508997654469e+02
8.407991521138666258e+01
8.894450553423688177e+01
-4.362984992298962084e+01
5.807873384124049210e+01
1.709700251649836389e+02
-1.903245626017867309e+01
3.365278817766913289e+00
6.137099509772619754e+00
8.449663351848171544e+01
1.486642519023687044e+02
1.552334020368606389e+02
2.825740708464561521e+02
-7.506106944124029212e+01
2.159467602372675117e+02
-1.388534625101882511e+02
1.446340416775550466e+02
-8.046598941047197684e+01
1.312995569472491120e+01
8.587505583405483378e+01
1.630548473709986297e+02
-3.068230106850973726e+01
-4.970327278528690051e+00
-4.603269773175322399e+01
-6.772904677337918145e+01
-1.309704487877615691e+02
5.710788165875334244e+01
1.253077068718110922e+02
8.065834060681821427e+01
-9.704325417146553434e+01
-5.442236916668032620e+01
1.357635783920231631e+02
-2.603777050697046036e+01
-4.208277329335512462e+01
-4.911225102188338099e+01
1.274066369031604751e+02
-5.274614137229427513e-01
-1.083269982738527233e+02
1.088695245092279436e+02
5.298739024649049867e+01
-2.867578414111642005e+01
5.858305186156120214e+01
1.249603191046895603e+02
6.966306419821279405e+01
-1.993962523294582212e+01
-5.322645896418280387e+01
-4.654541841683069237e+01
-3.179814294958315557e+01
2.172015950473619341e+02
1.417104159588941741e+02
-2.110890942389144698e+01
-9.540042893895015652e+01
-1.353720044436093417e+02
1.292890341538336507e+01
-1.135912403807917030e+02
-7.737316229872327256e+01
-2.749989334350348713e+01
-1.021685271498551089e+02
-2.751990712929596228e+01
-7.186077234178277706e+00
-8.597018506604024424e+01
2.369955903992853408e+01
9.941573535516569748e+00
-1.463814150560615701e+02
-1.033894478692209447e+02
-1.051123619034611636e+02
-9.168714863116028368e+01
-4.058633595999554444e+01
-4.889492158089916884e+00
-1.148716839908525422e+01
7.699300784377429352e+01
-5.555241637826504331e+01
9.706783433218805612e+01
-7.999128908430556351e+01
7.107045483857058699e+00
7.158805215647284115e+01
-6.454745656554904087e+01
2.198739143240259875e+00
-3.951946477501210353e+01
-1.113392252708024976e+01
3.059786381270514255e+01
-5.868974774087156732e+01
9.392926218756315393e+01
1.404341526990493492e+02
3.020170041806198569e+01
1.755072331236385352e+01
-1.141200367616240072e+02
3.022248028613684312e+01
-3.451713675282579175e+01
-1.261833322248293712e+02
4.338088170912434371e+00
4.379205339541465847e+00
-9.404227704811388833e+01
1.779308059498200123e+02
1.380420044828769335e+02
1.960416740639603574e+02
-2.497028670614484724e+01
-7.730354355906601427e+01
-3.993696223221691710e+00
-9.819636575325549188e+01
-1.297002978843147858e+01
1.653368454959704366e+02
-2.822081155139867903e+01
1.504820401181488023e+02
5.946737030596275453e+00
1.322938613754792243e+02
7.277550624760516484e+01
4.970425869275185704e+01
-1.502871050545720664e+02
1.517984062000153074e+02
-3.269715306135840649e+01
-5.262369338484993619e+01
-6.914021540316913672e+01
1.163322481992831428e+02
1.419865515238621185e+02
-6.570736919493742789e+01
-3.355951022220601487e+01
-7.238027800242142540e+00
-9.519658134249586112e+01
-3.909172572273574531e+01
1.198153068567868615e+02
-8.952931605758296030e+01
1.727902982933105704e+02
-5.872752952178619523e+01
-1.639680362698674454e-01
4.236049791001971698e+01
-7.588287150105382750e+01
1.010900518417123237e+02
1.134321253702208878e+02
6.106959975691291476e+01
8.152770838791356667e-01
9.986519767108725887e+01
5.936952748734234575e+01
3.540311703997820558e+01
-1.000555995923254358e+02
7.212970893477697132e+01
-1.591943714815443656e+01
-1.397689650844635310e+02
-1.949390104536084607e+02
-1.520434619338271176e+01
3.656838789888749552e+00
7.709697045536028526e+00
5.029705836063337188e+01
4.038687746636596643e+01
-3.490903181465073857e+01
-2.725196706431471494e+00
-9.358144804006951745e+01
