-1.230510379163379611e+02
9.379466729008035486e+01
1.187847734716635131e+02
-1.027099147453302237e+02
6.192982355855847487e+01
-7.934048437003005994e+00
1.079293311198219527e+02
2.121723154611775186e+01
5.126126522874859148e+01
-2.837169083561800864e+00
3.501242279624522524e+01
1.794404593739151466e+01
-1.991318273823871010e+01
-3.395063012466869168e+01
-3.167724879430799589e+01
-6.655654987995679051e+01
-4.205032391193798702e+01
3.046397132378074346e+01
-6.474632636267251939e+01
-3.944905143901628009e+01
2.644899935494188625e+01
7.053225035256962983e+00
-5.659864970947421625e+01
3.763211622555157732e+00
-1.669252536410239429e+02
6.150141473390383595e+01
4.975389560423317903e+01
7.793377112971662246e-01
7.811135759938053980e+01
5.758412157086254979e+01
-2.154077203361821091e+01
9.185524914720325285e+01
-1.710337150101535286e+01
5.802886025672647463e+01
-2.034024733054143752e+01
1.037927355544324683e+02
-1.654640974335935937e+02
-2.944156789268306795e+01
-2.875567599702347366e+01
-1.014744261492949606e+00
1.585950395357630498e+02
7.374971804633895545e+01
5.965564755744968295e+01
9.527670559006664064e+01
7.893103396411369488e+01
1.224365714970505508e+02
-4.897345797586866212e+01
-3.959610532910523517e+01
1.260656444781328247e+02
-3.880557161356141194e+01
2.291504701903274466e+01
1.229753465672100354e+01
1.680041949744936574e+02
1.156204258517245336e+02
2.836155469137903395e+00
1.880058014743648442e+01
-4.546325973439354406e+00
-3.253898953358820734e+01
1.077536073894977591e+02
-3.218989001208501577e+01
1.018069836036282396e+02
-7.790043660818825799e+01
3.393678284843995385e+01
-1.160023700660071810e+01
2.397202535220087327e+01
9.818729715756803955e+01
1.507087627530862335e+02
-5.381181894476444683e+00
-7.749672567568583759e+01
-5.739717685173677353e+01
-1.095092697468923291e+02
6.801917119344413720e+01
3.348336142350166966e+01
-5.068869618219078887e+01
6.373902043805735929e+01
-1.681381355421550836e+02
-1.575301501296961533e+02
1.430970583438702981e+01
-4.173185089476878318e+01
1.643612904210293024e+01
-1.140684862414147904e+00
3.300641740680262171e+00
-1.075347815902260464e+02
1.051189420250038076e+01
-1.028754049090544527e+02
1.448758583124305943e+01
-3.546357916255276876e+01
6.574568652188030171e+01
8.999333331465314245e+01
-1.069955056712543353e+02
2.127050733941174698e+01
-1.404107418822786713e+02
1.742217610728636856e+01
8.417388740648437562e+00
3.250445539916365867e+00
-4.487774571583115346e+01
5.027986039351299752e+01
-2.161369947553674287e+00
-1.408973756233356482e+02
1.167619071750639108e+02
9.582103158323002745e+00
8.983320194361535016e+01
8.003050035795752137e+01
1.375380162028712903e+02
-4.472406516441042612e+01
1.993530818103511706e+02
-5.354027660974752933e+01
1.575790235805794026e+01
-1.612822184254441709e+02
-2.915292526929805117e+00
-4.604480423936517042e+01
-1.911253189456910206e+02
-3.786907853512017397e+01
1.168946444916175054e+01
-1.410389693994031290e+02
-3.427910945917615493e+01
-3.098919486093114628e+01
5.622520260579884877e+01
-1.232160756972705684e+02
2.419671705962675645e+01
-3.541628615507677580e+01
-1.623516422717183616e+01
-4.637480039289511780e+01
2.650606878119281618e+01
5.761684833253480242e+00
2.052735784436082511e+01
-1.053526943148189474e+02
1.038954004589127038e+02
1.058121168797233054e+02
-1.451018545079058981e+02
-1.953461329086557896e+00
9.992663118528457744e+01
1.821869889136872303e+02
-2.200120750610987841e+01
-3.946741227846942479e+00
2.245054752056373815e+01
-1.146669795996051633e+01
-9.563026405449959100e+01
-5.355400523826992298e+01
1.398108544283017096e+01
-8.044998745729198220e+01
1.097256432333271050e+02
-2.169054841972491232e+01
5.730977089408602065e-01
6.572056082178664838e+01
-3.399638409312183285e+01
-1.381828422975835338e+02
7.015065275209897777e+01
6.493202285355829417e+01
1.155660523516351503e+02
-3.698973376763037635e+01
-3.146116038906285084e+01
-4.931978188230492322e+01
-4.076656957840663154e+01
-1.438558634920868542e+02
-4.845057607734086247e+01
-4.217569722803352406e+00
-3.797365666233472581e+01
3.725473768258589047e+01
1.305171203350335247e+02
-3.861624672766875932e+01
-1.696380984610003040e+01
9.201091646345725295e+00
-1.097016019632722958e+02
7.246937367171547351e+01
1.067795328976646232e+02
5.961650392233927676e+00
3.154044938578061874e+01
4.798106051523328119e+01
1.706291228224011149e+02
8.325875055028558336e+01
6.059170032046741738e+01
-1.288912276770427923e+02
-1.777253328154469614e+01
-1.746384823023938111e+02
-1.388228281128874357e+02
-1.446271451018415810e+00
-1.842526031374547699e+02
-6.387882635714893098e+01
5.701955887046967320e+00
-5.023708737229522825e+01
1.626951183333560778e+02
2.864012630776208113e+01
-2.785229940460803988e+01
-6.923748338500804778e+01
-1.949999675513911512e+01
-2.565781842602358864e+00
5.727172755937738335e-01
7.901564236923819351e+01
-2.487809428013133584e+01
-1.885056193613038147e+02
-1.392418916472633157e+02
7.570903116471023964e+01
4.029227176038153146e+01
-1.367972406911539984e+01
1.433172230091933130e+01
-2.194148135393067633e+01
1.068572824388693476e+02
-3.878067417702129660e+01
1.244479135254039335e+02
-1.337998683769953914e+02
4.729211067277745428e+01
-7.099598895381409136e+01
1.857361585341246979e+01
-4.263604859696097549e+01
-9.068224379011272163e+01
1.983111861209430344e+02
-1.713634274500145338e+01
3.655189702772628380e+01
-1.448750955531523914e+02
5.371669482423487096e+01
-1.209459849356060062e+02
-1.765908035820517696e+01
-8.221427083590544527e+00
-9.680295964834704137e+01
4.417740646987981279e+01
6.024048186432995777e+01
-8.930974632230409327e+00
3.518865933471819574e+01
-6.735752489489213701e+01
3.200313345404705956e+01
-2.448080551899697710e+01
1.314677147881058943e+02
-2.000900819844097711e+01
-5.670398278629999567e+00
-1.559923594684096884e+02
-7.341353060940555508e+01
8.643072086877356952e+00
5.945348578139944351e+01
-7.146717002982306610e+01
-2.222297098892475731e+02
1.042577201563277045e+00
-1.187821661308521755e+02
-4.068966021503560171e+01
-2.342325967278963716e+01
9.260756793980316104e+01
-2.799848970873354048e+01
-8.943279481332030656e+00
4.336291697240334742e+01
1.563440972984785482e+01
1.001413935231417440e+02
9.505553504355181360e+01
-9.264776693704214949e+01
5.536341458500959334e+01
-2.508902712438636229e+01
-5.747455549981147271e+01
-6.642240148706002856e+01
-1.138513620397084196e+02
-3.381449347388522852e+01
-1.337828727883678255e+02
1.032494696655085278e+02
-2.436247269796212933e+01
6.299990877131358502e+01
-2.535548934359298201e+01
1.819302604302988513e+01
-4.111203474291618676e+01
-1.170311491026885733e+02
2.965769388886424096e+01
4.427689786260938831e+01
1.132980133494863253e+02
2.179490431193021038e+01
-1.490561519630060161e+01
7.374031749560005267e+01
-4.954781610484696586e+01
2.546559713645516965e+01
4.624536913347854750e+01
6.836002184265001347e+01
-3.175355172495547862e+01
-1.407203500744159896e+02
3.219045434799595284e+01
3.417356657240440576e+00
-3.354881063523382778e+01
3.946407932186629353e+01
8.499619147249764239e+01
1.606041118207672582e+02
-8.676654772774796243e+01
-1.515565796208247775e+02
-1.257661077538699885e+02
1.800808288925514589e+01
1.103242174418934809e+02
-8.919451702989702824e+01
-7.835046300349240767e+01
8.902290840481990131e+01
-3.892431093841587142e+01
1.045896031391176262e+00
-7.676478822615054298e+01
-7.838988189944450369e+01
7.493167561870704674e+01
1.915831304013483560e+01
1.420646277777406112e+02
-1.076913603643166653e+02
-1.026252722867396727e+01
6.458446329718012180e+01
-5.626471697679934891e+01
1.292291924536705210e+02
-8.686202501791582620e+01
2.248308126513531491e+01
-6.407760627810344545e+01
-1.247292834122167164e+02
-3.005989515382125887e+01
-7.818146132382815949e+01
9.736140138707457936e+01
-4.549357144697292910e+01
-2.014019299495490145e+01
-1.469495961741820267e+01
-7.918959071621792134e+01
1.080702939918371470e+02
4.726970446140963134e+01
1.714749859489111827e+02
3.099657300163142892e+00
-5.157148073618560602e+01
4.097921020502605671e+01
7.849435361213818574e+00
-9.947923848643817735e+00
-4.874359000411791243e+01
-2.497796352017567401e+01
8.168070641238591634e+01
1.028018096194078055e+02
-2.066952421073758472e+01
3.543118487936846606e+01
2.609651423307414930e+01
7.876436786835846249e+01
-1.254232812516864470e+01
-1.397070997206586895e+00
-6.549530302473510801e+01
6.652956410394141074e+01
1.210229569721991396e+02
6.166512082888606017e+01
6.801151726593300850e+01
9.128052943029570088e+01
-7.668078613469708671e+01
-9.358177648273803939e+00
-8.439274806153039776e+01
3.792659098397188444e+01
8.659822472558337481e+00
5.427011942127413668e+00
-5.246034437630419944e+01
-6.035266693598700272e+01
7.848502380192893213e+01
5.271045696723066953e+01
-4.718325394153804808e+00
1.500046934539867038e+02
5.879503084170575988e+01
-1.730084262844873990e+02
-1.619831009262477153e+02
1.756889615947443062e+01
3.820771398906817495e+01
7.747188633846938899e+01
-6.742014994743450451e+00
-1.186453639206651189e+01
9.635572375633626052e+01
-2.412738283371699310e+01
-1.706002802929696713e+02
5.801951278927261590e+00
4.903348883657612589e+01
3.518506675738925082e+01
8.605214307226175663e+01
-2.759565194551346679e+01
-8.282137850448461336e+01
-8.960205754536683287e+01
-9.924740584140140243e+01
-6.030247047717473663e+01
-1.817321109951117819e+01
-6.475901861798149639e+00
4.798912258459532154e+01
1.012456015325489034e+02
-1.138891904599755520e+02
-7.508250221564027527e+01
-4.486099538729835956e+01
5.171350747162698269e+01
5.485701043644883868e+01
-1.260145465286218780e+02
-1.330210445527341676e+02
7.382904951442024810e+01
-1.630767475158574200e+02
-1.108722981095981481e+02
6.442837277581107003e+01
-4.008930932122026292e+01
-1.200600210076965624e+02
1.376641843273900747e+02
2.020746996437308951e+02
-1.239307784296468213e+02
-4.208154654970813624e+01
-6.322386523621879917e+01
-6.069831127857194986e+01
6.619219094560912175e+00
-4.648698178941105397e+01
-1.623816308888151205e+00
3.432424148493679184e+01
-5.742291312419478544e+01
-1.608348717764028493e+02
2.474554368678832716e+01
-2.275552500097115782e+01
-1.045948843081286981e+02
5.916083438634147029e+01
-7.588417383464737043e+01
-5.177725106055591908e+01
8.519964331969059401e+01
9.832754060421494557e+01
1.033631311278398215e+02
-1.428587070431945563e+02
-1.339304369433912143e+02
-5.476595114149283461e+01
-6.941625725110969825e+01
-2.097159994963316620e+01
9.589052530919313710e+01
1.172555356711117014e+02
4.685347438581342772e+01
-1.653947692750836609e+02
2.425794546970017862e+01
1.179652511926248764e+02
-4.266946813388630488e+01
2.453044918496545890e+01
-6.444006210948231228e+01
-4.161363528471683537e+01
-6.772011894516535335e+01
9.036447364807312965e+01
-7.476487424636884782e+01
-7.200717482698257754e+01
-9.625263002271241319e+00
7.829964979338161868e+01
-3.870512816938250467e+01
-1.530972358047008299e+02
2.455549704521846621e+01
2.818044488486383159e+01
1.004951441653373365e+02
-7.352902722065351782e+00
2.976483661899397060e+00
-8.705690869730969439e+01
-1.343514276446612499e+01
1.154772481885888347e+01
-1.863425511059530137e+01
6.773551336725547323e+00
-2.367543218775753289e+01
3.222919565064967173e+01
-8.843879242757797954e+01
-1.334535804722614500e+02
2.537182986026013154e+01
-9.498489565718516303e+01
6.845697569563296270e+01
-5.800418455447987753e+01
5.820071187608706254e+01
2.177520463464234695e+02
1.200726338299689360e+02
2.752808682245321492e+01
-7.621100294825366994e+00
-1.108201597154212976e+02
1.936211065947669496e+01
3.637353092862881443e+00
1.788936480177774158e+01
1.431172177562046421e+01
-1.302988563387563659e+01
4.590722182446467770e+01
1.330940961199626145e+02
7.972200765154403257e+01
-9.244973170181006594e+01
-4.305215998798807675e+01
-6.607492027574258486e+01
1.362533543113769383e+02
-8.656360480569829008e+01
-6.652511217546577882e+01
6.424991419486830502e+00
2.626056681775636648e+01
-8.986465917760814648e+01
-5.198495618524342632e+01
-9.009224248929896817e+00
9.848833374051764622e+01
7.064250658253700976e+01
5.577522698048868932e+01
1.353428254180822954e+01
-1.016453852662398987e+02
-1.580545835676991828e+02
6.723532361545078118e+01
9.810937429568690504e+01
-9.755879211957109476e+01
5.962995540449932719e+01
-1.067147550878178066e+02
-2.050822437765595296e+01
5.488665065192775927e+01
9.778994967024783591e+01
-8.760384151688160870e+00
-4.680556424370302437e+01
-5.413099845530565091e+01
-7.997093874990578399e+01
-1.397408838862931901e+01
-8.302748314109385319e+01
-1.205433923922058028e+02
-7.903052152645986439e+01
9.572299899017838243e+01
-2.330991553793664650e+01
-1.167791076987228962e+02
-2.742770343204733763e+01
8.601849385310778473e+01
2.900701735782816471e+01
-3.763586730144569970e+01
4.916571960284318266e+01
-2.854855930567120836e+01
-9.593781092071189676e+01
-6.556844596635818334e+01
-4.349099523874127726e+01
5.406016742200100111e+01
3.170043940855416054e+01
1.044788865292734670e+02
1.199880939965214388e+01
8.519634220018856752e+01
2.057319199088917685e+02
1.635817536500070091e+01
-4.925433340561853868e+01
-1.305783377599979644e+02
-6.092933193758454991e+01
-4.656814520637926336e+01
-2.364512853749519934e+02
-1.460788429018525676e+02
-1.426230489658782119e+02
5.426433537695390896e+01
-9.715428971188553930e+01
1.346432382952330720e+01
2.210572400594435578e+02
3.684292380916612331e+01
-5.271089554467862826e+01
1.948523523749561548e+02
6.113387922010423381e+01
-1.278521677864536343e+02
-5.939177718844914011e+01
1.516096180325700793e+01
1.750407971890751702e-01
-1.057283162310164641e+02
-1.035100090642962272e+02
7.092302208200344182e+01
-2.107217158299894066e+01
-1.260725524708036005e+02
-2.713501605106271342e+01
-3.902617591418354692e+01
-2.476595251573372991e+01
1.027932033165772481e+02
-1.030039959636202980e+02
6.033033899141126710e+01
-6.374597105154824561e+01
-1.222922888320336909e+01
1.069297711751297726e+02
1.784417227827123611e+02
-1.700118970984214855e+02
2.650741549236720473e+01
5.976403250355228636e+01
1.911040060583225397e+01
9.678247738904150310e+01
-2.077070053467709556e+02
3.089897697407867128e+00
3.029897298082862012e+00
1.032407137806304149e+02
8.723250702104624565e+01
1.306920755491567832e+02
-2.277524073322665643e+01
-6.896986645746233080e+01
-8.765629862446699860e+01
-1.320891940258925104e+02
1.794774137339292963e+02
-7.924136598987129076e+00
-8.621988291811287297e+01
1.375770825174157608e+02
1.421830178652991883e+01
1.477356373657573840e+02
-2.116959288502687286e+01
3.866986149991087984e+01
5.608810204992644799e+01
3.861597408549150678e+00
-2.982700705952275655e+01
1.006225520225506216e+02
-4.032050142236388979e+01
4.287548983241216405e+01
-5.821590281426040292e+01
3.178472892065805855e+00
-1.393790915953176182e+02
4.333802101999832246e+01
-1.211474080213778137e+02
9.136397232298953952e+01
6.993213359287477715e+01
3.287860319827220223e+01
-8.551459466150555855e+00
-2.176293372043008958e+02
-1.337422164628413839e+02
-5.833252652278386563e+01
1.873348606965577972e+02
-2.683870091021501381e+01
-1.752382059354415844e+02
6.934317310289944025e+00
-8.476602450515426312e+01
-4.136688286771539325e+00
-6.187578128745084882e+01
-4.723182321217918656e+01
2.803173006375286747e+01
-2.783448366770268834e+01
-1.048665042694319425e+02
1.573332228446338945e+02
1.392585100276637036e+02
-1.029076350813272533e+01
9.081491133004976746e+01
2.908950844208514042e+01
-7.015537100320214847e+01
-8.620283683895776505e+01
-2.394143791296599044e+00
-4.184275371907536822e+01
-6.910502415723263425e+01
-8.868135359258991457e+01
6.901882656763044110e+01
-6.979223106632490214e+01
-2.150666154444874323e+01
1.517721571462388575e+01
-1.600586022600985530e+02
-4.693784830522078266e+01
7.388864476322886787e+01
2.611873298415745381e+01
1.530903580423481358e+01
2.918710241185677035e+01
5.848228782811801807e+01
-1.413575254081125081e+02
-5.280155519804056041e+01
-4.678303507508632464e+01
-2.763547964507788279e+01
-7.950781034923402046e+00
-1.657520761117977770e+02
-1.844595716266339025e+01
8.265049731089985130e+01
-2.714192572414353855e+00
4.540300746313138092e+01
-6.403760540508915255e+01
-9.952084887926122292e+01
-1.873558496396572437e+01
-4.078580327647357961e+01
-1.181050668966039439e+02
2.229123337729464538e+01
-1.578616919546537289e+01
-1.044260924135453052e+02
1.190683466806182054e+02
1.526696072293889017e+02
-1.630488290405882168e+01
-3.642507640988617368e+01
-2.951010901689259569e+01
1.442025885898286219e+01
-1.334467939357735844e+01
-6.699497515541857240e+01
-1.227851833714976522e+02
-3.733198284218958829e+00
-6.716849454217513937e+01
-7.187213290738128535e+01
6.966439935632935487e+01
7.218893659570785815e+01
-1.221169290715310041e+02
-8.801557740814460828e+01
1.961913608757171801e+01
-7.075875561743139919e+00
-2.877742169933286931e+01
3.606889401621664604e+01
-3.916230827226091549e+01
-6.434108027280889530e+01
1.518495908210056022e+01
-3.284401504115995607e+01
7.284943750835161325e+01
-5.119947903428051461e+01
-9.217513994634037999e+01
-9.621086558733576055e+01
-4.553738360799009399e+01
1.727928979644143510e+02
-4.814495179880987052e+01
-2.425669850618355028e+01
-2.191371256793651767e+01
-6.129270641061287250e+01
2.977475565468338026e+00
6.316542624659696514e+01
1.317701140919284342e+01
2.474494274754201228e+02
7.630567455905305962e+01
-3.975014595908533455e+00
1.822023825906373702e+02
1.654836056028660209e+02
5.580748183813773267e+01
6.746461318630359472e+01
6.469959833721368625e+01
-6.539640625625820292e+01
2.164537857372079941e+02
4.280843704090894875e+01
1.761467267721620544e+02
1.666091800427169289e+01
9.943512420813723907e+01
-7.586145889060212255e+01
-1.242009498633420073e+01
6.643741821584804086e+01
9.541002679898248573e+01
1.028819467128410707e+02
-1.664258103487104634e+01
9.500320383917680545e+01
1.745567207808209531e+01
2.491589011009172694e+01
-6.665828639599200756e+01
-6.979012692007864871e+01
-6.626899544825883481e+01
-6.110985524226186527e+01
1.925760777086524911e+01
-9.293332448040041527e+01
8.166667426900596638e+01
5.748726616114086596e+01
-5.452707654890513567e+01
-1.736539652272880829e+01
-5.755692141097652126e+01
-1.599927607874441549e+02
-1.752571944824968284e+02
8.005659430134014087e+01
-4.909137373499756052e+01
2.152357847351794362e+01
1.197113745355729542e+01
1.444182768786543534e+02
1.545388400288227047e+02
-4.011466065490573385e+00
1.453498128350596232e+02
-1.186260509819144602e+02
5.552028138483529496e+00
-8.991118829040919991e+01
-6.609542331034400320e+01
-6.414825802425986012e+01
3.413188603671663657e+01
-2.111347647805497996e+00
-1.371140010996036835e+02
-8.179576789969675588e+01
5.909671821837842742e+01
1.728446656513034085e+01
-3.776569550158593813e+01
1.201985178144858963e+02
8.086674863557534820e+01
-6.829012444092489886e+01
7.796510929350901620e+01
4.013135676646170680e+01
1.237715845971331277e+02
-1.369149682694589387e+01
-1.278602913187651353e+02
-1.177911979811421901e+02
-1.013009701892880798e+02
-3.759630966684156306e+01
-4.810987538441506928e+01
1.047317948583760909e+02
4.917859097672891266e+01
3.561463403310257547e+01
3.977150166804310061e+01
6.376822908272275470e+01
6.011766845741701104e+01
-1.187520874398648090e+02
-1.488497565841876380e+01
5.976032272156349023e+00
7.116680152989145824e+01
-1.048567175177784634e+02
6.268784798461413743e+01
9.297181537766874726e+01
3.256479087671710886e+02
-7.716695519967227312e+01
-7.395223133257189829e+01
-7.006764683529539184e+01
-3.064982110533055959e+01
9.259723566741268996e+01
-5.893492834218906751e+01
-1.089137550181612539e+02
-2.373833408107044463e+01
1.408748758582676608e+01
2.086160910438328386e+01
7.890127913473364174e+00
2.290572301559847190e+01
-4.123791818257413411e+01
-1.461192280074758969e+02
1.207301844740929226e+02
1.053067426005985965e+02
8.502165730440138702e+01
3.426738260336828290e+01
2.224743127258481650e+02
-2.702020440768063736e+01
1.510643096883311465e+01
-1.431461079322270393e+02
1.001369374604252442e+02
-4.048936255684266428e+01
-3.700061476606136779e+01
-9.078322949766475247e+00
6.115156463064198533e+01
-6.444288470860557538e+01
-2.328936630807089969e+01
-9.353105719209798607e+00
1.203660725690258317e+02
9.511248938019875254e+00
5.146363583216792392e+01
-1.061616787114411409e+02
1.747166337479415290e+02
-7.038012370627529890e+01
4.067132286689658827e+01
-7.047005450126917481e+01
4.060102880206706999e+01
4.305961101258228751e+01
9.380194770417860184e+01
-6.098925344231476231e+01
-7.554492084517899286e+01
2.412558950004551406e+01
-1.784912682307089256e+02
1.563115549552415828e+01
-3.525681023886621190e+00
-5.675251694893680821e+01
-1.706039369576169804e+02
3.051167165763158451e+01
-5.736149851294960200e+01
-9.931585424086395619e+01
4.108930122409936558e+01
-7.468726198693845220e+01
-2.451709108192134678e+01
9.399637584575413030e+01
8.341974221557481428e+01
2.009969962445811689e+02
-7.411917511897982536e+01
1.082669721318946898e+02
-7.405305412417934008e+01
-1.507598372811150114e+02
-7.970039871677519727e+01
9.412961522169374007e+01
-1.510660256343663264e+02
7.869698485156800416e+01
-3.509197387391960632e+01
-9.497322161428251031e-01
-2.450992431966815133e+01
-3.615088086609292617e+01
-1.022545538633695372e+02
2.005419049653366415e+01
1.784020879130442694e+01
-8.394469289523671307e+01
3.484983239626387075e+01
1.464105908905720987e+01
6.108270528019900070e+01
6.124463663898429644e+01
-9.429990249687003256e+01
-1.109980656889838571e+02
9.124994803693184053e+00
1.906080812594853739e+02
1.146731148130734290e+01
-1.141346838692740278e+02
6.945215542022199884e+01
-1.490032747923745404e+01
3.181828675085785818e+01
1.184818670590924796e+02
-7.431542797396598132e+01
-1.014951760380661767e+02
-1.236973346152423971e+02
1.686071104499483226e+02
4.162757977940731280e+01
3.771122555227704964e+01
-1.824728851179600042e+01
-1.019736834230999563e+02
-7.397091190165571106e+01
3.156239302126029767e+00
1.041225094224498946e+02
-1.331554669040882288e+02
-1.282684926264771832e+02
3.545131980739264321e+01
-2.682734333693665008e+01
4.424783318696400869e+01
4.380339694937902095e+01
1.135546946266866257e+02
1.357117025759262674e+02
1.237111688570249868e+02
-7.785382513893294743e+01
-5.651326403041836421e+00
2.017666748165061463e+01
-6.968325788899066708e+01
1.136730677042169013e+01
-1.093709001406451904e+02
-6.811684705586891653e+01
1.684714798520542161e+02
1.221301194380781681e+02
-5.979159110957927936e+01
5.595741016395714418e+00
9.426838420143393193e+01
7.471343699584275555e+01
6.907366972968847563e+01
-1.093098158615218836e+02
-2.758186619391913563e+00
8.923783575570152493e+01
-1.727770455670339267e+00
8.378982475999663393e+01
-3.140503169600203748e+01
4.782889419152982668e+01
-7.035058386054959101e+01
-1.006555370046257707e+02
2.345238655538971173e+01
8.313973830894215666e+01
1.655628657194140203e+02
-2.695280042158179956e+00
1.800952232591164659e+02
1.695754472297286242e+01
-6.065261452584036483e+00
-4.209989171933317920e+01
-2.958934256885235570e+01
-6.265590082917028525e+01
-2.984188328044049143e+01
3.922412714948568180e+01
-1.813103194454753293e+02
3.964840973486384712e+01
9.380653365871192761e+01
-1.172222021443803897e+01
-5.038765529026410661e+01
-3.086974570173998345e+01
-1.573647037639055668e+02
1.291696576711074442e+02
-8.496117027473195549e+01
4.095825001578251801e+01
1.759666513872185760e+02
-5.398040125262613742e+01
-2.664082864521577321e+01
-8.667227186880623435e+01
-5.043722368558570679e+01
5.057434553212767270e+01
-1.133875060674763233e+02
1.359296876004000580e+02
-1.166196569115524682e+02
1.463720437272248773e+02
-1.388996310668178182e+02
9.109596599204131451e+00
-1.422514385412688114e+02
1.532848914088851267e+01
-1.270096545835858564e+02
7.844502393827378350e-01
1.559100937460692364e+02
-7.296868885958721762e+01
5.340267330408754987e+01
2.059974039594980866e+01
-9.831982932866144154e+01
-2.055598689056299122e+02
3.225316029012707020e+01
1.368360217959236991e+02
-1.265784497595568467e+02
6.164334440090017608e+01
-4.698601115584765608e+01
2.794750543059083547e+00
3.765039699959704222e+01
-4.278540050982751808e+01
1.056474858451366430e+02
4.178442503415240594e+01
-1.193744276051162103e+02
-3.574823226810062948e+01
-1.203774624685214789e+01
-5.771206961018976500e+01
-1.325537515975585734e+01
-1.115620644532247638e+02
2.617871895122884851e+01
-4.004884213266844739e+01
3.111814331389352972e+01
-1.669160834261118254e+01
-4.292867710192585662e+01
-1.096377037777225070e+02
-1.953679370896866629e+01
-1.107233084457569987e+02
2.671040329553978054e+01
-2.969738131028862327e+01
1.479115503133517677e+02
-2.584623927079197259e+01
-3.564320245715622804e+01
6.581346887253410216e+01
-8.425597620493442719e+01
4.705428491561102788e+01
2.336046378928161360e+01
2.144091564009660260e+02
-9.475985781467620939e+01
-2.299187544557053897e+01
-8.942780969776694633e+01
5.200977917876887346e+01
1.152530936024297148e+02
2.004765909656135392e+01
2.740564924389842716e+01
1.863818148775504824e+01
5.491631753372404035e+01
-1.116651617223945152e+02
6.476455530544382100e+01
-9.367371516740331572e+01
-1.693622804275635829e+01
-1.399657808999114934e+02
1.058479291740634523e+02
1.186906516597407268e+01
1.077706566697175816e+02
1.692970224358945686e+01
-1.272618178023838595e+02
-1.829841441929705752e+02
8.968358396473360017e+01
-7.169991074802204878e+01
-7.262552874962132421e+01
-9.486711271189608397e+01
1.099148563805384669e+02
-3.500551144107837587e+01
3.545700768548367421e+01
-4.234778201508709827e+01
-2.142264538608809588e+01
-1.006926016505681645e+02
1.827857470664402229e+02
-1.453832552959470377e+02
6.209189997315228027e+01
6.205496994845979231e+01
2.689885510120048906e+01
-1.085855128484463989e+02
-4.653091466227045458e+01
6.226026399808282008e+01
2.957239893607865966e+01
