5.128893166677049464e+01
-4.348236265961741509e+00
-1.230998959471583554e+01
-5.854784565058886159e+01
-1.476906262030672679e+02
-7.193704852002767325e+01
-1.229162829513293502e+02
5.744265792410413241e+01
1.705225328934428930e+01
-4.658508697133288301e+00
1.117048028146009671e+02
-8.014373820535409720e+01
2.165954121081808736e+01
-6.899071904915757614e+01
9.887256708796832072e+01
-1.472858166320976636e+01
3.866946158187984395e+01
6.942914454712956740e+01
9.983998385208970205e+00
-8.008701187468244598e+01
-3.660685212452952442e+01
9.946131314586257588e+01
7.551238354867560076e+01
9.234058234086680272e+01
2.726484679852445083e+02
-9.988890541963031922e+01
-9.603063526969624775e+01
2.460582274484779219e+01
-2.978666411014156168e+01
-9.545071309032675799e+01
-2.918643186050615057e+01
-2.250443510922316079e+02
3.648105756349897888e+01
6.550227036196086772e+01
3.016167296107903439e+01
1.051140533309281899e+01
-3.385894833709505036e+01
1.360889878843067606e+02
4.208490645354834214e+01
1.880074536527708418e+01
7.183964334965953924e+01
1.866071813696736683e+02
7.320154250462525169e+01
2.762923246591834925e+01
-2.243710930873426435e+01
-1.660626856395734592e+02
2.793856971217880059e+01
-4.528857896130067218e+01
9.769201950278575453e+01
1.986101157012343776e+02
-9.349438162765886773e+01
-7.676222826353188111e+01
-7.039119417401765588e+01
-1.102257336836179746e+02
-8.485753987714242896e+01
8.413463454051536417e+01
6.415756265228135646e+01
-6.265463887665842435e+01
3.490525199041281468e+01
-1.628992994532187311e+01
-2.353775683838938448e+01
-5.501855840248233420e+01
7.468160810413098716e+01
-1.087245762143110284e+01
7.991828055933802943e+01
-3.232625870816920610e+01
1.718641734178097735e+01
2.679668733283965025e+02
1.392806856553056605e+02
-5.180378071462060063e+01
-1.208258866587090523e+02
-1.464405536369146148e+02
-1.579889025156924731e+02
1.040878099755382209e+02
1.534011463259976438e+02
1.044237478258011578e+02
1.660059045929044430e+02
-1.070668233405321956e+02
8.293675896469095221e+01
-1.923082476882728642e+01
1.520790353495860074e+02
5.551173804998646943e+01
-7.327516502502575690e+01
-7.850836133228600744e+00
-1.091962644478974482e+02
-2.321870187118431659e+02
-1.739465086516438319e+01
3.269542195990652544e+01
1.672948074394860498e+02
5.602332963292754187e+01
3.258599547286468834e+01
-2.089988035543413218e+02
-9.753057953350446496e+01
-7.038775592959855487e+01
-1.247447525343751096e+02
5.929378040731798905e+01
8.080966055402835480e+01
2.959339095161379163e+01
-6.208283106491372649e+01
-3.389096383356945807e+01
9.330482921946772024e+01
4.234296035648705470e+01
-2.018764724439231202e+02
1.944988201038067928e+02
-1.910314728863992570e+02
3.206080766217210609e+00
-2.280867090359919658e+01
-8.114221994051297315e+01
2.759928326540179100e+01
1.876383687410963574e+01
-9.241233317938853986e+01
-8.923181714555664712e+01
1.127767948887890839e+02
1.438299891684855254e+02
2.639876912023507494e+00
-1.418989036021121422e+02
-9.153254665702168325e+01
6.109595998568806152e+01
1.831452187030236303e+02
-2.556262206065466813e+01
-1.026940386783467396e+01
-5.333824839942429463e+01
1.229458392463023557e+02
1.242385806045203900e+01
1.077453389117074494e+02
1.285120930920705291e+02
1.014586108487621203e+02
5.384700349099193062e+01
-1.798776270279872733e+02
-5.007747625768541155e+01
-3.256087251878704336e+01
1.775737196477716395e+01
8.035274228989975143e+01
1.393488812634589351e+02
-8.606151966929617458e+01
2.058830287961404082e+01
1.167554763045597497e+02
-1.095411795259898469e+02
1.553949923670919304e+02
1.088583317955305034e+02
1.369970012256320615e+02
-1.050526925752184759e+00
6.032629568942891041e+01
-1.500964521464125596e+02
-6.879766629601334671e+01
-1.940243695906583810e+01
1.551056782734637807e+02
2.504804352719611700e+02
2.580959894508256980e+02
9.917704952223822090e+01
-1.008435361938635708e+02
2.051922729394806311e+02
1.468363555903050788e+01
8.911606037755167620e+01
-7.577414572888005750e+01
1.596744317414894176e+01
-5.034126506179755722e+01
-4.846879200160610424e+01
-2.068894967137509866e+02
-3.468723986045647933e+01
-3.778882607446468711e+01
4.133145949289525589e+01
-1.239053583417418736e+02
-6.308827341235095787e+01
-9.912013814374923015e+01
9.753481144750679732e+00
-1.472203710632113305e+00
5.073464799915267065e+01
-1.166811674264978791e+02
-1.631865012421003485e+02
1.074303899833575215e+01
-4.525382572628129374e+00
-1.362745168107795735e+02
-1.239669941313648849e+02
-1.005928984927676595e+02
1.944786175169061693e+01
-3.337213176487430388e+01
9.003702547402507861e+00
-7.460770178494601623e+01
2.271811618666617960e+00
1.604898256176286679e+02
-6.250532352419759974e+01
1.795811189292822689e+02
-5.804160719668888646e+01
-9.666317008378520370e+01
1.099364976188405763e+02
-2.605318692444126327e+01
-1.992375346516412904e+01
-7.574726676985463314e+01
2.453749116317315071e+01
-7.552212190742709552e+00
-8.255322867308672485e+00
-9.019640758619729581e+00
5.424544326758551804e+00
-1.510229962680376445e+02
7.824253613878002511e+01
6.458684976688299884e+00
-3.365353377067039986e+01
-8.924856818601625719e+01
-2.042077489473897955e+01
-5.976093994010536647e+01
-7.005277276313912616e-01
-1.468437719128543222e+02
1.438409020402063447e+02
-6.959309013887245499e+01
1.541826868530215222e+02
-9.956935527682477982e+01
-1.249330087511180238e+02
-6.741408836430835549e+01
6.673464085046518335e+01
-9.923314125324642987e+01
5.723911548926758286e+01
1.007717504535859234e+02
2.772111278362924622e+02
-4.586042852059515695e+01
-5.305808388045382884e+01
2.408349898132008349e+01
1.326911823232902918e+02
6.604638195579882165e+01
8.446823199252371239e+00
-6.835281840928973907e+01
-5.331900564986926128e+01
-2.841418340607576738e+02
1.027280697533388434e+02
-1.617734003541470997e+02
-1.647638783144716683e+02
-8.434631502429789407e+01
1.095414078744750412e+02
-3.079480840332911029e+01
-1.149084336174415597e+02
5.897346922465327879e+01
-1.228157721412676295e+02
1.552250629450319934e+02
1.623695145875206336e+01
-7.695955616892251783e+01
3.967091624715394715e+01
-2.122481919758865487e+01
-1.454418880348012699e+00
2.054631750772825782e+01
-1.311898232261928854e+02
1.758084328024762613e+02
2.222119389799351197e+01
2.830170533927947574e+01
7.506885640834193296e+00
-6.108362966004498418e+01
-7.579078622150049682e+01
8.159207112287928609e+00
1.101200321497711769e+02
5.398838433509441614e+01
-3.203051546509890102e+01
-2.119220721647147254e+00
-4.879434557607115153e+01
-7.890350660166653540e+01
-1.633896478717290108e+02
2.309975316979868580e+02
3.704955351242059436e+00
-2.052064318072583262e+02
1.793448692192382339e+02
4.048363905471125435e+01
-1.358825599791320826e+02
3.299880139638992915e+01
5.707889450883372007e+01
1.582222128590648254e+02
-2.827736361617607663e-01
1.113447896212114756e+02
2.226256789415509374e+01
2.069759066279950943e+01
-1.540266374792762747e+02
-1.477493438428007835e+02
-3.080283129286157973e+01
-2.876145238103093860e+01
-1.655956868979551757e+02
5.891292295667781787e+01
-1.083328762599026334e+02
1.629762968402396695e+01
6.232693016778598150e+01
-2.507981919740553067e+00
-4.181538239172083138e+01
4.980501291324464574e+01
-1.105047756673741510e+01
-1.738308042730015188e+02
1.443812073670839027e+02
-9.396053062970558756e+01
5.221359456355462925e+01
4.751761420423941473e+01
-3.731268070593834096e+01
9.365750421623963007e+01
-2.797857984802747922e+01
-1.366653297661099202e+02
3.425103794724221729e+01
1.236686199837640459e+02
5.261801885105771248e+01
-1.059021996302486883e+02
7.825234400368859156e+01
1.567683806526094941e+02
-1.972053711056989300e+01
9.329112545133570222e+01
-6.755092166292378408e+01
-4.396250669963998803e+01
-1.200269199713341095e+02
5.939181667881775439e+01
-1.710829536652177296e+02
-7.649099359562796963e+01
-4.604908741601616384e+01
1.614488541078333128e+01
-1.909889600052267724e+02
-1.012191053906366136e+02
1.254865689527382813e+02
6.774709043328222435e+01
3.345632657766496720e+01
2.689611641174372991e+01
-1.026364627985498501e+01
-1.145566694010749558e+02
-6.541863987366377842e+01
8.677932854177088018e+01
-6.592795876295806323e+00
1.420771931811716229e+02
1.231662978321552515e+02
-9.218871952169328665e+01
6.076021819942496904e+01
-4.401710428839740530e+01
4.807746886840781997e+01
2.032171650248023411e+02
-1.468149955917864702e+01
-1.212644341733455811e+01
9.856520130326941853e+01
5.552650085425475623e+01
-5.762506458338378934e+01
1.048904594160480386e+01
-2.640345881662046850e+02
-2.546452692948583874e+01
-2.073356510767799250e+02
3.155012262763997555e+01
9.086380241546611103e+01
-1.240791282203570631e+02
-4.817750509969491191e+01
9.413448105034983371e+01
-1.608069615499048766e+01
-2.872521760798883861e+01
-3.225777303787895534e+01
-1.452581850784073367e+02
-1.131276098356545567e+01
2.300319439394220922e+01
1.050665605634130344e+02
-1.671567372163798098e+02
2.407164340406444936e+01
6.122991969137068935e+01
-7.415271385032538376e+01
-3.338081323221489072e+01
7.639581940368177726e+00
9.014875597789222184e+01
-2.761175214858192462e+01
6.929762867342466848e+01
-7.095601995160210151e+01
-8.111855872879436902e+01
1.704657699796129862e+02
-2.292705812078833283e+00
-3.117248577842308777e+01
5.888339154045655732e+01
9.215545629148612861e+00
-1.052105771268087722e+02
5.560905738274431087e+01
-4.555462565031368172e+01
1.006049403373691291e+02
-3.163584809481670135e+01
4.683117724756720612e+00
1.420049783035859150e+02
1.021393637704680657e+02
1.606931597813735380e+01
-3.945791236531329815e+01
1.247710121537316184e+02
-6.002159940769870161e+01
9.405673101511608536e+01
2.791992114912824263e+01
-3.728214135050117761e+01
-3.807942305668648686e+01
-1.802436087898823871e+02
8.105320370347732251e+01
1.762178174176166010e+02
1.215296766533936434e+01
-9.822308816668525822e+01
-1.201551869349542443e+02
6.930548023080163489e+01
-2.970373531445227755e+00
1.076794034151713930e+02
1.234659908460806719e+02
-5.273227105862932262e+01
2.707597466065366731e+01
6.889289364901062918e+00
4.549980550594093565e+00
3.400783510618020244e+01
-3.351394248927640973e+01
7.427055545186217955e+01
4.335712319264317216e+00
6.731767643752132813e+01
-9.794657454056635970e+01
-3.532216460072320530e+01
9.141216067576975490e+01
-8.795273113074601667e+01
-2.037722481689550058e+00
-1.647982796179798015e+01
-1.948026189429868396e+02
-3.803992584609252958e+01
3.687872338262925354e+01
-1.168509075671835440e+01
-5.209191378392282701e+01
-9.533437772042202596e+01
2.338550649397389591e+01
-2.005186062006502290e+00
-2.898436802932969414e+01
2.457081626797728546e+01
-3.448123374261960095e+01
-1.681764338682836168e+01
1.744885172117211027e+02
-4.358843046372814456e+01
-4.869263636040251697e+01
-8.491479827515874490e+01
1.953083266836915755e+02
-1.040025539821062317e+01
-1.724520804246665193e+02
-5.065056502043049136e+01
-4.182864970496304124e+01
6.060762473849406717e+01
-2.890157096729949160e+01
-1.006695226728288475e+02
7.897148502724270713e+01
5.199538540706877399e+01
5.316406812463409892e+01
-1.443452878814179883e+02
3.940359011204137829e+01
6.132328063215683756e+01
2.628059645815615397e+01
9.015626209894394449e+00
-2.631996197667580617e+01
6.407899107117737003e+01
-1.074511021389715495e+02
1.967860402501028716e+02
-6.474549644039080931e+01
-3.304725289055043902e+01
-7.642452366891100723e+01
7.978562738070432658e+01
3.258330968774234293e+01
-1.185745582648908822e+02
7.151807607458647453e+01
-1.986615196941481187e+01
5.150199586532542639e+01
2.533536985051457524e+00
-5.789942871529687096e+01
-1.505972401169418902e+02
1.447346769866815919e+01
6.882098157949182848e+01
-8.492875949511660849e+01
1.551775621836505366e+02
1.261846473514521847e+02
-9.491016026156722774e+01
1.929045430853954031e+02
1.251324720710829297e+02
1.181801438298072071e+02
-6.714920227110387430e+01
3.258791732584765555e+01
-5.996751815080841652e+01
-2.009799336798618299e+02
-1.197262258995527446e+02
-1.060512073861088709e+02
-4.857346873784409880e+00
1.265540844668846532e+01
5.979545697822020500e+00
-7.803360708512879995e+00
6.686576683623376027e+01
5.648831171521936767e+01
4.910453809221654531e+00
-4.898900182631813038e+01
5.292894563362938065e+00
1.755753024241140281e+02
-8.293331797630962399e+01
1.837981420241388264e+01
2.813203207754026991e+01
4.231830141871651563e+01
-8.285766559870651804e+01
-1.169864756847813112e+02
5.861573904091473253e+01
1.540695031585216555e+02
-7.705696043607006551e+00
6.853617684108262154e+01
1.121335180928415696e+02
-1.153673431549387729e+01
6.638455972397292726e+01
-1.856507094525356649e+02
3.083996241287525031e+00
-1.018271777173484480e+02
1.212844392675172998e+02
1.002557963872301201e+02
-5.101132166113888644e+01
-2.200768131738429290e+01
-1.870812633992445839e+01
-1.461378980060060258e+02
-6.072623712350718961e+01
2.360230150891835876e+01
-4.557670237693830728e+01
-1.316545818185544192e+01
-1.048849908596821123e+01
-1.361108860032777272e+02
-6.634692424345980832e+00
-1.035644242755016222e+02
1.209433188311830349e+02
1.926548860379135863e-01
-1.915880594325835489e+02
3.769860724545400643e+01
9.000439877882546735e-01
-1.084690035676103577e+02
-1.234838710461941602e+01
1.652850746741815868e+01
-1.243567327780603193e+02
-1.573882666735547957e+02
1.986836211461190942e+02
2.932901442125462665e+01
-6.151283971539886153e+01
6.409139073229523831e+01
2.978854163527613537e+02
-5.323163744466987168e+01
6.911528730078697436e+01
1.804278149725193146e+02
5.183766906877078640e+01
-1.145293434280611677e+02
6.316381282080963899e+01
-1.015600003850511968e+01
-2.739724367359638535e+01
6.518079537735782480e+01
3.636342048826202245e+01
-8.128241858352683380e+01
-7.525765396376424121e+01
-2.488534508585359362e+01
3.757348114208664658e+00
-1.984197032670207195e+00
-1.773539229826908326e+01
6.050179832431328464e+01
-1.413207135535459997e+02
2.145577063150987129e+01
6.195135655462082980e+01
1.859128695309607906e+02
2.467686808013293742e+01
4.612561096080493428e+01
-1.800921981651395853e+01
-9.346114311139925235e+01
1.591665054802351733e+02
-4.111988769447673775e+00
-2.774885801656951312e+00
-1.051890851394850159e+02
-2.015855667314818334e+02
2.864947911334009945e+01
2.112288459184420049e+02
-5.051147438862537342e+01
-1.336678482354120057e+01
1.865816744771210267e+02
-1.585362199946942781e+02
1.434068321632217291e+01
-7.935513116231710740e+01
8.191961806668102497e+01
-1.067464564768331314e+01
4.656414551501340782e+01
1.104155803004099425e+02
-5.303966677191793622e+01
-5.495446658269798945e+00
2.523412429391716927e+01
1.122747986303095935e+01
2.712668420783193213e+01
-9.091224128548738292e+01
-4.376743218202418717e+01
6.420997954500677452e+01
1.828302997985494827e+01
-2.795830867945076292e+01
8.253164048267599640e+01
-1.873176651510035384e+01
-1.192077728095498514e+02
2.914213770158657013e+01
1.283911546400096597e+02
-6.071828349257391011e+01
1.084645179988492032e+02
-1.056048831225010076e+02
-1.851080699969631027e+01
-6.527466275795136141e+01
-1.089616644476151777e+02
6.594392174591310152e+01
-5.583819102575685633e+01
4.474761571172680696e+00
5.240586082279867952e+01
7.459714898456445553e+01
-1.407794487022995611e+02
-3.225985974212364482e+01
1.214177651016929360e+02
1.351105127610614147e+02
-3.358734575987578097e+01
-1.968708321151306961e+01
-4.716738749778736306e+00
1.374902003754150570e+01
4.662380922133073824e+01
-4.920613793983932283e+01
-2.180081963222463628e+02
1.713140552417004159e+01
3.975747436803279555e+01
-7.479033933017046820e+01
4.298338911705291032e+00
1.466060688883395358e+02
-9.779337977397375425e+00
1.051281142865123144e+02
-1.133614260597765764e+02
2.412460909683976595e+01
4.447752985275617732e+01
-4.163890155391828785e+01
4.827079313350670020e+01
-4.145688792586527427e+01
-8.581984642962038379e+01
-1.201213520081024484e+02
-1.526547925804645729e+02
1.595356574252493829e+02
-1.663455735528053125e+01
7.276777284878475882e+01
4.446445678200451823e+01
4.387453677067769320e+01
1.667466464807349524e+01
-1.262373486615840790e+01
1.181065066945363355e+02
1.907912280894526589e+02
-1.220059884253164881e+02
9.904702969389694545e+01
-1.475205674046758872e+02
2.501237450140086480e+02
-1.176647718021212796e+02
-4.527816119502502801e+01
-6.982474831424419826e+00
-9.628360182194863626e+01
-1.396707734136123769e+01
1.871231460880737529e+02
1.345341183604494972e+02
-2.583380654424209411e+01
-6.724149557270663990e+01
-5.268589403812712391e+01
1.485251157400329589e+02
2.079709696907465286e+02
1.705032975987866095e+01
3.222692395344553518e+01
1.389537225983443420e+02
7.701434032438157828e+01
2.952457255122467217e+01
6.277741939553165196e+01
-7.893184706096992898e+01
6.280763435224461944e+01
1.812226738835308595e+02
-7.194130341582055621e+01
-1.055359380273859813e+02
-2.133442186910661675e+01
1.332137894564936289e+02
-7.335301694187670307e+00
-1.024533616756459935e+02
-1.633039351329114552e+01
6.252333660574251439e+01
8.087737131866153106e+01
9.708421130450291514e+01
-1.538947324175838673e+02
-4.601577035523679626e+01
-7.185949036792499101e+01
2.310801708999607129e+01
3.835497771335545369e-01
1.608890452227457502e+02
-1.135721673693725791e+02
2.786896672058522206e+00
-6.313011998216775567e+01
-6.208124035801001916e+00
2.423956067400264089e+02
-2.617432781178677601e+02
-5.563645206332785165e+01
-2.686359146741115111e+01
-4.893441163566654240e+01
-1.816205378471455845e+02
-2.154286985594336556e+02
-1.592423546605875231e+02
-1.533980113253996969e+01
-1.199195406712286305e+00
2.639572144615522475e+01
-6.342943222312872109e+00
6.451605586311414697e+01
-9.612709473643383262e+01
1.015740024905235259e+02
3.264476510333649628e+01
-2.248019887871400968e+01
-1.999471880182379735e+01
-4.140623995871349194e+01
-1.343683487588126582e+02
6.736216503720808646e+01
1.271630648833273796e+02
9.345145567849199608e+01
2.007707460287281531e+00
4.007545769746632658e+01
-5.181330838532542771e+01
-6.312012474127159578e+01
2.013475332504740436e+02
3.075109462417105632e+01
3.723303600246148193e+01
-1.345922526745676464e+02
1.978300018026907878e+02
3.992268765767230576e+01
-1.250304872217244423e+02
1.214106112365163455e+02
-1.057946061222530787e+01
-1.268973028997516082e+02
2.349680082580907765e+02
2.773436505445513944e+01
2.503195503603432996e+02
-5.891584071396582090e+01
-7.205393444229659394e+01
2.102293347526399430e+02
-1.656351785333189923e+02
-1.091046034439963819e+02
2.768617752368791116e+02
7.299267363149714072e+01
1.437877878905011642e+02
-7.270729284872382436e+01
-1.355790236728164011e+01
3.214428134760941447e+01
8.957795013422665420e+01
1.984320115331708223e+01
-1.907935575652165880e+02
8.454197906642723126e+01
5.290169775619636283e+01
-4.570413595507915971e+01
-1.473308634694027575e+01
9.735046850453255729e+01
7.291434977704132336e+01
-1.984740017038843973e+02
4.160111733674770385e+00
-1.049452976119020775e+02
-1.741805684047170359e+02
1.154161937164206897e+01
1.192573571515094670e+02
-1.011615653390088028e+02
2.299515212117786689e+01
-1.184565661100001144e+01
-2.803964358223606723e+02
-1.166207328409571460e+02
1.337458968808942643e+02
-3.803748502754140048e+01
9.478984092181143239e+01
3.869789488372640562e+01
1.739674793706284390e+02
-1.551224497158393234e+01
-6.976485961083998433e+00
1.029662872253171990e+00
3.415246454093561823e+01
8.929602272001559982e+01
-1.022125728230956838e+02
4.033417699884162744e+01
2.262492868188188666e+01
2.250511791760258973e+01
-1.001362813238852993e+02
-3.999370804127901380e+01
-1.066695543888513669e+02
7.136467919920427505e+01
-1.545777808856410118e+01
-7.930776779604403259e+01
-9.159399120928013360e+01
1.571386224277140400e+02
-2.336909549162966115e+01
2.360548978733236822e+02
1.505765304005379512e+01
-3.039457355777314973e+01
-1.125523136336253174e+02
-5.380917764928231151e+01
-3.124303431221709282e+00
1.358964391719721334e+02
-3.197680554162834810e+01
-7.119699360457416049e+01
1.167336224395938444e+02
-6.353571627900164742e+01
3.470512497083604320e+00
-8.183490149519855095e+01
5.563069121872192113e+01
5.764281035716477675e+01
-3.350629329258075018e+01
1.693476874949423348e+02
1.480875007960541723e+02
-9.328182750914405119e+01
-1.382665078048166549e+02
3.180624443216593278e+01
1.440796047287237514e+02
1.638421980240164260e+02
-8.510066536312365315e+01
3.378852081906737226e+01
-7.856376550487043176e+01
5.513277077830472273e+00
-2.064901670850786175e+01
5.468747976568046454e+01
5.046854915583302414e+01
-8.961924582088504110e+01
4.392906996234685124e+01
-6.471795498612367226e+01
-7.061154824580932576e+00
-3.140062731523234163e+01
-1.186048374704799713e+01
-4.417747897332457541e+01
-1.269999752484110473e+02
6.627417889382120286e+00
8.084295807176779647e+01
-8.979399664088421673e+01
5.874420854740580467e+01
5.756732753474872055e+01
-2.878450583309147248e+01
2.033382676545031131e+02
1.252969418273061990e+02
2.527521618659540081e+01
2.025966021817423979e+01
2.436386033303451271e+01
1.539873532835748620e+02
-1.068619903660701596e+02
8.163162994248928328e+01
2.913010497033481556e+02
-1.658181829233825795e+02
-2.271725371605206192e+02
5.114538397141828341e+00
4.460853101287646894e+01
1.092440391414764100e+01
-5.299396621794418394e+01
3.748588514505448188e+01
5.618643162782833045e+00
8.617109913514893549e+01
-3.274716519913800283e+01
-1.370808638558853687e+01
2.299483327293665447e-01
-1.554667176403200699e+02
-5.324645260081446452e+01
-1.409404789094421417e+01
7.423755040925577475e+01
-1.305372672652993060e+02
1.372469916772294596e+01
-7.267766164466458179e-01
1.299350666527607814e+02
-2.112458517065952606e+02
9.484599532678176104e+01
3.230152591992602851e+01
-2.397734942386949086e+01
5.852831942386032438e+01
-6.153194368919839974e+01
4.149354673804251803e+01
-9.291074120513297885e+01
-6.650585729360183507e+01
-6.797262542677837693e+00
-1.072886645884833001e+02
1.003159558543838727e+02
-1.703448145559902871e+00
7.364772229284953653e+01
6.629703888414327650e+01
-1.362121112736301765e+00
4.817556686652169162e+01
-5.871095021647678180e+01
8.024960922777964356e+01
7.540460946109561746e+01
7.574782918993511771e+01
-6.793609886502446216e+01
1.815590761578969747e+01
8.186765632318250496e+00
-8.906496466765242204e+00
-4.877067493450442015e+01
-3.534565283963866733e+01
2.473139053020087630e+01
-1.722747714498516700e+02
-1.506364909651529160e+01
1.295225551072561387e+01
-1.465531292294301977e+02
3.461763846499593456e+01
7.355188742390595280e+00
-6.925476195850606587e+01
2.716718523532147600e+01
-8.200192093669316762e+01
5.411430321312641567e+00
5.773574002642793346e+01
-7.396330129988982094e+01
-2.606490735217842598e+02
1.394553695822015129e+02
-2.488774835813546460e+01
4.271732392155996649e+01
-7.300296474667749180e+01
-9.495441461695480712e+01
2.867661817385246437e+01
-8.918004744346902157e+01
-3.248146205386426733e+00
-8.185863585576939272e+01
-3.976993295950473595e+01
2.085383227828469188e+01
-1.731751452268642577e+00
-1.257132098146451682e+02
1.759394965994679083e+01
1.062038004185550193e+02
8.574971000689791367e+01
1.107650784839772626e+02
-3.029057840609414143e+01
-8.478033773954624053e+01
1.089880994299705819e+01
5.959427025017314250e+00
-1.052813417182948541e+02
-1.158537219275915504e+02
1.306730404486765451e+02
-4.353858414934277477e+01
-3.591128407081117047e+01
1.640530276202235598e+02
-9.138623400639443162e+01
-2.292071108732531570e+01
-4.075011379790394628e+00
6.889967954509855019e+01
-4.978600049900996538e+01
-5.884507944051882333e+01
4.598530169071071327e+01
-2.030592364873772908e+02
-2.520590225563401887e+01
1.063213629936918814e+01
4.301874565668331485e+01
8.766721227950793605e+01
4.518799099479391401e+01
-4.839085420952075367e+01
9.105056382386212732e+00
-1.908374078681185892e+01
9.813358273938183629e+01
-5.942603712967574126e+01
8.468450594603703507e+01
4.809796162217846671e+01
3.073495069428345232e+02
-1.339086276488291958e+02
3.794032346579743376e+01
1.403236000011412159e+02
2.118445677444405106e+01
-7.766404965883738498e+01
1.962455413525406129e+02
1.139844463122116451e+02
-5.527112522029960928e+01
-4.430250077852903701e+01
4.259272712188293752e+01
3.929791912291558020e+01
-1.041849025884595079e+02
-6.917740056703963525e+00
2.328238099003081985e+01
-6.068664976126003552e+01
-6.752259561820321210e+01
6.754294879724270118e+01
-2.653433329150138675e+01
-2.959228578648204788e+01
-3.698956501878914338e+01
-1.321387930925163268e+01
-1.344640533469141985e+02
-1.626208189821963117e+02
2.309406082991799991e+01
1.098299197582886819e+02
5.009634762084916559e+01
-8.674798466929044594e+01
-6.067107586528270957e+01
-6.006414741613936314e+01
3.629815167402743015e+01
-1.023669888579580061e+02
2.749636222666547525e+01
1.361843470585013627e+01
-3.796040191568202005e+01
-3.284347221528209815e+01
-1.197484594322667988e+02
-1.419426828773718796e+02
3.595757562534464569e+01
2.181369767274503957e+01
3.752367296408687025e+01
2.820579891114044457e+01
-2.018672360487870492e+02
-4.456344634314375242e+01
-1.157958407618795462e+02
-1.381269239283901982e+02
1.119807997333506222e+02
1.189184883100719077e+02
-9.567012625501504886e+01
-8.095696338819314519e+01
8.880134143399335755e+01
1.611969424873679912e+01
-1.031763807454903770e+02
-4.821066468914913372e+01
-1.752566063665606180e+02
6.255506417682962450e+01
-9.389302956647298970e+00
-1.756266826332507662e+02
-1.093437478102908145e+01
-1.407747835615036003e+01
-1.195233732396857675e+02
-4.044562568156712956e+01
-9.777616622397600565e+01
-1.904024940499092224e+02
-1.707797713590087199e+02
-1.119487909506250816e+02
-7.822036814605034749e+01
4.599059299657483990e+01
-6.131654215850796419e+01
-6.040891051102363463e+00
-1.498959341000575591e+02
-1.740202660973691309e+02
1.936589241399184402e+02
9.404412734510147232e+01
-4.725184990223934278e+01
1.189004990933843686e+01
3.419336198811133443e+01
