-1.068200346957182489e+02
-1.092794071371403852e+01
-1.040466658196330485e+02
1.401015402821970781e+02
5.974193230931406617e+01
5.159811446176603056e+01
3.872427476921843237e+01
-1.458330360322762544e+02
1.962075430055436129e+02
-7.860861485320076447e+00
-1.610745303919084677e+02
2.121537627539591711e+02
-6.372797712589222385e+01
5.828850345091338880e+01
5.420936223169629642e+01
1.887806655495566943e+01
-9.170142719531355624e+01
-3.968339019179923355e+01
-1.557151120896647001e+01
-1.078057169145690466e+02
4.366694971127637359e+01
6.383827307626197012e+01
-1.921375492819860042e+01
6.976234994009926993e+01
2.184093309605487576e+01
2.421868107179511043e+01
1.618659624196096214e+00
-1.379164945919162903e+02
2.782007372059739509e+02
4.020227716643136517e+01
-1.316853954098850465e+02
1.479232083011499697e+02
-3.268663867414736046e+01
4.550175931641223315e+01
-1.618101822233630571e+02
-2.913677733426951022e+01
-9.662434980965871034e+01
1.752938487202112015e+02
3.938359593378326640e+00
-6.287486428870850119e+01
-5.201636065425395117e+01
2.446938668832586359e+02
1.108718877183337383e+02
1.571505889987573994e+02
2.331716033782900510e+01
2.596575758515782262e+00
-4.477891985413768339e+01
6.842649931860202628e+01
-5.117698225967300374e+01
2.758802983150363275e+01
1.903325231448832255e+02
-3.250636828335547079e+01
7.808555850237927132e+01
4.922256540214930709e+01
4.761754816335218798e+00
-1.180558311218305647e+02
2.412396288897567445e+02
4.668720806179669580e+01
2.728211370443941242e+00
1.641723588700037055e+02
1.589106802855830551e+02
-6.626380338362687894e+01
-9.764198638283428977e+01
6.256512784972481001e+01
-1.249545478281565778e+02
-1.546920616887298081e+02
-9.903634056327119595e+01
-3.871948866420422686e-01
-9.072494663501554157e+01
-2.263450404371342586e+02
4.569631697869852616e+01
5.051512295603359348e+01
-1.128914701051507663e+01
9.428758012971935898e+01
8.026285860312401610e+01
1.249734508260514758e+02
2.904482557665444986e+01
-1.347376657060174807e+02
-7.360435045928946352e+01
-6.946189614636163867e+01
-1.532357859375559315e+02
-1.145983271160054073e+02
2.359740972912896595e+01
-8.712934013673431366e+01
-1.279078650876617118e+01
1.299662801232812228e+02
-1.240325798139170530e+02
1.533349193202254046e+00
-1.325813648541376040e+02
1.071656087421310133e+01
-1.336425212953065378e+00
2.500072219203434898e+01
-9.087997029518737691e+01
-7.341838655345330267e+01
-6.077484509096598941e+01
1.164911818574595799e+02
-2.697910312333172556e+01
3.296527875961363918e+01
-4.863821905700979187e+01
6.562763510754204788e+01
-1.278856626175161182e+01
-1.274191152162884464e+02
3.251663724251290688e+01
5.504260557864230918e+01
-6.247699055602151219e+01
-4.738258890585051120e+01
-1.960594170376113823e+02
-1.237863229240947902e+02
-9.334510250819324995e+01
-1.028850434221022851e+02
2.374271137043416857e+00
-9.963128616084479461e+01
-5.716751560654843800e+00
9.996734828767282366e+00
1.336679244763345480e+02
-6.548657996546522497e+01
6.488353857211538411e+01
3.963807872043929148e+00
-7.045198005643742079e+01
-8.883098552650778856e+01
2.215886693922172768e+01
6.046857429755236524e+01
3.824885880602833765e+01
-9.014992523315500250e+01
7.096876404710941699e+01
-2.127872645244526097e+02
-4.013425270802191847e+01
-4.740392268809429055e+01
3.745898759070571060e+01
-3.433660586783024371e+01
-2.816075320369601442e+01
-6.060536835385657639e+01
1.195467381861012939e+02
-3.162355675850319514e+01
-4.453141610376940918e+01
-2.161515829721899991e+02
6.557402762221106229e+01
4.574749022532648723e+01
3.021491454202490701e+01
-1.053149292776611645e+02
-3.174424453610585672e+01
-6.449043547486715156e+00
-3.840559238744017279e+01
-5.415117359611732439e+01
1.145845434089280701e+02
5.105576537137525150e+01
3.054791196017236032e+01
1.846707293237988168e+01
5.710324959370795739e+01
-3.657283275018552438e+00
-1.780047414782009412e+02
-4.661845036028337574e+01
4.041677225433515019e+01
-8.223922395677267616e+01
5.298514196059930015e+01
2.751552025154616388e+01
-3.766865707396657115e+01
-1.363517155171347284e+01
2.507780970297932654e+01
-2.416553466302480757e+01
2.230189545385738015e+01
-4.070847395986100281e+01
9.186543461941411692e+01
-5.583995438799991717e+01
-5.119069109243001847e+00
-5.143612730759786444e+01
4.544951111285055134e+00
1.697743618037513897e+02
8.323316722078692464e+01
-6.571508952536535730e+01
-6.324630061622475097e+01
-1.141405985872459468e+02
-7.202875886245674764e+00
-4.453594564245397436e+01
1.526056283270385894e+00
7.460049365231083129e+01
8.074023633581870474e-01
3.527803244671712690e+01
1.736000944772180077e+01
1.610227153843627832e+02
5.277900339095136673e+01
-2.273448168125842273e+01
-1.345250925797964783e+02
5.099179249770875089e+01
-1.154962488661779361e+02
4.644018986491168022e+01
-9.436273212691462220e+01
-1.491515760970333702e+02
-2.310859860749206796e+00
9.286939469140000369e+01
1.488788360690196200e+01
-1.128901994690707511e+02
-2.071701342435834192e+02
-2.928723552740228087e+01
9.783088681372358053e+01
2.501605646649467829e+01
5.247109119418684031e+01
3.089303036553576476e+01
3.297226437798396148e+01
-1.020520451913269113e+02
-4.884137462596471124e+01
-2.776389719119447719e+01
-8.305677526353301232e+01
4.444921687398002064e+01
3.703895620781963061e+01
-9.656966191014095102e+01
3.388319624898166182e+01
1.673004923673163944e+02
1.251256991592620835e+02
-8.938620636767318217e+00
9.516814931478386086e+01
6.461143240586248737e+01
3.597275047830323302e+01
1.834881199511000816e+01
1.277623808684009958e+02
-3.717955266455810914e+01
-7.322370119454187432e+01
-1.095871957839604107e+02
2.677009416606961523e+01
-1.954028832909348523e+01
5.062123579532627815e+01
3.779939641017887197e+01
-1.535544865053761328e+02
-1.098285268650242941e+01
-1.134262385349588165e+01
-1.485150343206001367e+01
-7.617337624485472247e+01
-9.388195806046302039e+01
1.087211072219385244e+02
-9.877535283924009946e+01
6.019387733628561676e+01
-1.244636185520495673e+02
-8.055014790094031696e+01
-1.412001461553643651e+02
-5.775878483303477395e+01
-3.858340548855280616e+01
6.084921983710858484e+01
5.917687796360954167e+01
1.344361590358715262e+02
1.874911407517003852e+02
-9.714390535334079857e+01
-6.471880590769796981e+01
1.380077343697673200e+02
-1.146268622187379194e+01
7.598372694013491468e+01
-1.047841397958041654e+02
-2.869071304410710468e+02
9.544275151956863112e+01
-1.385045333016416080e+01
-1.761091090795810885e+02
-7.242309084757410176e+01
1.294337119928621291e+02
3.535368115426959434e+01
-5.532219948052809855e+01
-3.187490342331276238e+01
-5.116961270694021380e+01
-9.372738569101994699e+01
-3.561033533226392223e+01
1.300131863447497551e+02
5.066525457801672871e+01
-4.790541663847729836e+01
2.331103577621034333e+02
-1.370384622947771902e+01
1.473452587219938437e+02
2.528033860179456482e+01
7.716872733178405497e+01
6.966812553385746298e+01
9.197414824450827098e+01
-1.703939470335830890e+02
-1.542479345230822503e+02
-1.025919066470172680e+02
-6.604707514394739576e+00
-2.393681497782818610e+02
-2.172068433078425187e+01
-1.294974861592784166e+01
-6.053422266925357320e+01
-4.075642614145948528e+01
1.390128960265678018e+02
3.995820147333506611e+01
3.731375100116020604e+01
-5.584365756524477753e+00
3.608806596074212791e+01
-3.412326901491557862e+01
4.547664804956629325e+01
-1.367871632724342490e+01
-4.322509057372614194e+01
1.856207013189724364e+02
1.323333517320420469e+02
7.937763254748804798e+01
6.995454900703572321e+01
8.004509079964249452e+01
-6.764874700167005983e+01
1.378484284378501457e+02
6.611814581867126606e+01
1.406041523245255291e+02
-3.441505773233704701e+01
1.983780040852167872e+02
5.054544967011912604e+01
-1.294567766090337280e+01
-3.338956259736842469e+01
-8.249301291536077940e+01
5.595879722413953772e+01
1.793622443952617971e+02
6.176047297998425734e+01
5.017799116790847336e+01
1.047261127188784968e+02
1.998088150583384390e+02
5.091793504741219323e+01
1.207732813729521411e+02
-9.774879116330433249e+01
-7.435390707126786936e+01
9.350469370956639636e+01
2.117881797866963893e+02
-5.852944964772618164e+01
1.642833692412510871e+01
1.904883820316964815e+01
-4.570403105416809808e+01
7.662659926250222497e+01
-5.142246785175021273e+01
-1.887408529622946389e+02
-8.377596379934544757e+01
-7.188897884387418458e+01
1.181968947995279393e+02
6.390341269717970363e+01
1.229849231367637969e+02
4.843808849806663375e+00
-1.583480878416570192e+02
5.227005325018424031e+01
-4.828363655076170602e+01
-1.331643548643641282e+02
-3.265208452137735406e+01
2.161110175788212473e+01
1.917535072777602778e+01
-1.236680232858518167e+02
-2.611069018610326111e+02
1.372566757361786358e+02
7.080879199949042402e+01
-8.548405805695780657e+01
7.052673443961812438e+01
1.400435005079387736e+02
3.563600155508773071e+01
-1.274210331148254056e+02
-1.615200488785763469e+02
6.461409181337968732e+01
1.329021870955544102e+02
3.214440437253016114e+01
1.296622319676332324e+02
5.996376015352380051e+01
-2.127231756240119154e+01
1.366070795530426665e+02
1.055377063602274390e+01
6.810559075460923850e+01
5.506978422296449338e+01
-9.562739004959716738e+01
-1.747184249719224880e+01
-2.540527376366767243e+01
-9.075320833180946067e+01
1.117980419532310776e+02
-1.440579159693062117e+01
1.797067214245872080e+01
1.932137246392176166e+02
6.545937141477516263e+01
1.213456314902365829e+00
-3.928467862977085190e+01
1.651038578026874859e+02
2.579127692239973157e+01
5.486990565926510044e+01
1.741587966277697319e+01
3.115242342500119221e+00
1.754583792018003123e+02
1.048130343994953932e+02
7.476066674489793229e+01
2.282167461449838584e+02
-1.525333459340074000e+02
-3.388783461719969381e+01
8.341280069475951109e+01
4.631085772067806516e+01
-6.434675295473901713e+01
5.491519825641456798e+00
3.036956033434226399e+01
7.032700538788532185e+01
-2.707059144176105647e+01
1.868835999691539351e+00
8.296415518596899119e+01
-8.728832408346490013e+01
-1.510325687579562839e+02
9.262218289835438156e+01
-1.197364120041006004e+02
8.390223211259754521e+01
1.099688835868999917e+02
3.231501462954114334e+00
4.971035932078126329e+00
1.846226618771725612e+02
-3.296695058198749706e+01
2.647850371262932434e+00
-2.743417510963661243e+02
-3.066539907712697755e+01
2.631780228785280329e+01
-6.710289132774190080e+01
-1.080501783492075702e+02
9.736145326499702435e+01
2.864692614209347354e+01
9.413774649402030548e+01
7.176661357592216461e+01
3.471166165374020096e+01
-1.179265180621698761e+02
-7.626468089736118827e+01
1.635973646149278977e+02
-2.166377317128957003e+01
3.099299631278844913e+01
1.101303100824859804e+01
1.077139590986549109e+02
-1.452328867597256021e+02
2.059746863398912069e+02
1.020084469694836429e+02
8.723796296262873895e+00
-2.085983457642720111e+02
-5.060493615413458457e+01
-8.554574279103555057e+01
-1.014729580888349858e+02
1.069707262470062972e+02
-6.988155030232256593e+01
-1.043614956901451478e+02
-2.592759167502701345e+01
9.454516999711111680e+01
-3.529259783534578787e+01
2.698566624053366780e+01
-2.111175226397331528e+01
-2.458574504595243582e+02
6.937349823944772709e+01
-2.481085413470942136e+00
1.643516855658847078e+02
2.738417798476690734e+01
-2.073927606591737742e+02
-5.977065731500786683e+01
1.231860808656676340e+02
2.011642839244700554e+01
-8.906423769321506256e+01
-6.703167518214813470e+01
-5.782416264256494998e+01
-3.195397101774001314e+01
-1.989931034489971751e+02
-2.066941451973484334e+01
5.256099421869826926e+01
1.197402756607727525e+02
6.344726819240710114e+01
2.403618163062876079e+01
-1.522810656681150761e+02
-8.739953671390817647e+01
-1.455722173756865061e+02
2.561307283013369940e+01
1.191252329109880037e+02
-1.170156052843443177e+02
7.375018484632195737e+01
4.831712211302006921e+01
8.902367861369141622e+01
-4.554062081317819199e+00
-4.235708722737216192e+01
8.660407738880262229e+01
6.632188545652181233e+01
-3.390435641347707474e+01
-6.065862923084738156e+01
5.650544051824435599e+01
1.462660512889750066e+02
6.993973434410311540e+01
2.610612432050423593e+01
-2.709445679581537547e+01
-2.472007156389470879e+02
-1.316158176654672118e+01
1.762459601365010187e+01
-6.698860413126833180e+01
-4.515083531667189476e+01
3.781830397980544944e+01
8.736109448594525873e+01
8.087198432308926499e+01
2.413902125153173817e+00
-8.144989079025618750e+00
-6.971516597393105030e+01
-5.823356773415027021e+01
-1.849442978849426140e+02
5.772411731146387837e+00
5.175494373691023497e+01
-7.235869741300922087e+00
1.450242514940023852e+02
9.428074729069457760e+01
2.900836010382932528e+01
5.034282225772645347e+01
-7.106035350902665471e+01
-1.582040774980666811e+02
5.036035292086805271e+01
1.472341174975230516e+01
-5.450208944384143450e+01
-3.283136431543102418e+01
6.843371457278726666e+01
5.350394144365469629e+01
-5.005625646981028609e+01
1.271651330647826654e+02
-2.075467407926348073e+02
8.562838731403859072e+01
-5.726033134173022177e+00
-6.601772835861572730e+01
5.125179755334821863e+01
7.235237861254807967e+01
-9.227175532810436209e+01
-2.368023613814567696e+01
-2.580484368620144551e+02
-1.287816930934830282e+02
-1.820236149410539284e+01
-2.834584805207561686e+01
1.034301589130106009e+02
-9.487627439653459760e+01
1.088554447292712695e+02
-3.087938635799185505e+01
-6.366597774147452782e+01
1.069997244052312055e+02
7.465390148552252469e+00
-4.680781481692486778e+01
-2.752306465180453543e+01
8.422701287651490532e+01
-7.652170917414983364e+01
4.632966520658224674e+00
2.001850308376148178e+02
-1.032002491147893579e+02
-8.613460297135422383e-01
-1.000425285392955175e+02
6.139421591671447231e+01
2.567979333605074430e+02
-1.906110631209333661e+01
-1.661325659296150903e+01
-3.196243637846335872e+01
-1.366285675969647002e+02
-7.882091032456818880e+01
-3.843763928792906626e+01
2.928692233342217577e+01
1.018501001227916731e+02
-2.382134796347025940e+01
-8.797938300746011464e+01
1.422141227656644844e+02
-5.101100125524843065e+01
1.766160402185450380e+02
-9.514967590943828668e+01
-2.145371273288340319e+01
-1.628022624372786424e+02
1.541498532987071428e+02
-3.222858172097416940e+01
1.097274721379521054e+02
-1.624742685470815786e+02
-5.483873738703445611e+01
-7.973271020895018069e+01
-1.043109250532998118e+02
-1.606652242130699051e+02
-6.829348736550240062e+01
-1.429465206787672305e+00
-4.090868244461828951e+00
7.016609286139785695e+01
1.823733621664896134e+02
-2.675309665933014713e+01
-3.562965282253741606e+01
2.836697429987594443e+00
-6.501493678008665711e+01
1.186719214698721547e-01
-2.516966997427309138e+01
7.464114969229638064e+01
-9.531339570024044860e+01
-1.561417119568987459e+02
8.197796245312854779e+00
-3.611070672695962713e+01
-4.313278272984330641e+01
-3.848854911322669636e+01
-1.212558198880972427e+01
-6.807338673841661603e+01
1.129516075416654530e+02
-9.694668944702921465e+01
-7.670700726544500014e+01
-1.045421470203463201e+02
-3.531083805206927906e+01
-6.905492039988104125e+01
-2.078237790247318912e+02
6.094896685325918639e+01
-2.038591617459042595e+02
1.640102249796925094e+02
-2.794718481551066702e+01
1.894933133504306113e+02
2.083150492116026342e+01
1.070035988063796424e+02
9.361664820351190031e+01
-1.032912324416911360e+02
-1.319515032130655072e+02
7.619486909548898268e+01
-3.069675552489859527e+01
-6.601096891267959066e+00
9.268148334952053347e+01
1.610125808746845735e+02
-3.126126459043745740e+02
1.545658807223096076e+01
9.897284562156404775e+01
4.432781391091499046e+00
-1.031119077930084131e+02
5.284792896083938096e+00
6.893279288190748844e+01
9.849829462680605729e+01
-1.169322515557164266e+01
2.409612295484163003e+00
-1.835863273017076835e+01
1.445560662244256491e+02
6.937999616463947916e+01
7.523814710822956897e+01
4.955095821736750139e+01
-5.778642760021314473e+01
-1.491969285999165322e+02
1.135995518714484973e+02
8.607028478841294827e+01
5.790461482059785681e+01
1.761421220540518675e+02
-1.086002686173092115e+02
-1.060646054208728373e+02
-7.957713037712127857e+01
-8.572668045510449986e+01
-1.179534965363703947e+02
-1.847307698462292080e+01
-1.228385821162783884e+02
-1.705865995268534903e+02
2.849555645226992056e+02
1.232602150035311439e+02
-2.139773221660500013e+01
-6.734918778883435664e+01
3.664490079016299262e+01
9.131527507248470954e+01
-9.189226991558471225e-01
-4.505001466921057407e+00
-1.841874180805913568e+02
1.668599872302825133e+02
1.338732957464290791e+02
-6.297560452131127562e+01
2.242384183347312288e+01
-1.704978939503040749e+02
-1.482529491288967449e+02
5.602678583650842370e+01
1.203536786035046475e+02
-1.444079963803254252e+01
-1.337433918177330270e+02
7.998780508272463408e+01
-2.087732134796578976e+01
4.756094166934673950e+01
-7.953457060229108322e+01
1.408243639854465279e+01
-1.564604899695573614e+01
-6.502579937459675818e+01
-1.910757954308484940e+01
1.244510533467659563e+01
-1.364138310630555395e+02
1.065750793450230560e+02
-1.694634382524625664e+02
-3.734832516202374109e+01
5.257380122576024917e+01
-3.357808170907398448e+01
1.181827199048177022e+02
-1.712069015026114869e+02
-1.006140904919984678e+02
6.025762631965909222e+00
-1.038797314424233065e+02
-5.107138590295991065e+01
-7.977445218315624587e+00
7.157879821227396633e+01
3.256455352718166552e+01
1.768104588143695253e+02
2.973457073339378809e+01
-7.447467848548444636e+01
7.177159755003377484e+01
4.026522790165893184e+01
3.268286038805883464e+01
6.107621892729427060e+01
1.579891336189975277e+02
-6.093919539451625411e+01
1.443246127105010501e+01
1.720901523224592822e+01
-5.089087565559507453e+01
-1.938115546191179419e+02
-1.869236669318514146e+02
9.320019646949721448e+01
-2.201577965116554125e+01
3.042312506406421946e+01
3.714607188718300534e+01
4.300080227398562727e+01
1.150377160594067902e+02
6.807495444095192738e+01
6.844995293086446964e+01
8.180567005497015032e+01
5.001115049884596431e+01
-1.671909547935727858e+02
-5.879687316186642931e+01
-1.069304729616472258e+02
-1.533936853374887619e+02
6.321460507706316889e+01
-5.647585971162584428e+01
7.069402823946933268e+01
-1.744705238424739946e+02
-7.205608024547410650e+01
-4.234002524042627158e+01
1.291292701388728403e+02
-4.127346758110405034e+01
3.805909703919296305e+01
6.485047363635679574e+01
3.810384977439539966e+01
5.593619425737643525e+01
5.058259191856408421e+01
1.366932207202991023e+01
-1.361285581965762503e+02
4.022396924495622983e+01
-9.366547432931183081e+00
1.060265796479274201e+02
7.143469582636304160e+00
-1.096302523448459576e+00
1.417319959665777418e+01
-1.552698474806855415e+02
-1.139146673091834039e+01
7.944448450075151769e+00
-9.478387919772603709e+01
-1.486267620101038176e+02
9.390913158375437320e+01
-2.183478615202988848e+01
-4.108107489283542435e+01
1.600476349991541554e+02
-4.696873225130526919e+01
1.543009160843679126e+02
-3.072856272896803986e+01
1.275825921134458270e+02
1.099400137419850410e+02
5.822454694738662617e+00
8.399385918638490978e+01
-1.127650936633968684e+02
-1.264533546028011841e+02
2.396880240775612947e+02
-8.586759738664986230e+01
-4.869500956144207748e+01
2.539991244235509171e+01
1.161060418808042805e+01
1.566809605934856720e+01
-1.156585913681579001e+02
-1.175912920664209338e+01
3.417677614974527955e+01
1.068360494102750806e+02
-1.188260523096420371e+02
-2.490236713435430715e+02
-2.097031102592158049e+02
3.574338606256051776e+01
-5.837038611635934870e+01
1.792625287880229124e+01
2.754931368862781937e+01
-9.576756134508359253e+01
7.242315205586520754e+00
7.940841604232264217e+01
1.103495547470671596e+02
1.272716231317258995e+01
1.465490995247394608e+02
-1.304462342245851687e+02
-1.536980589618535831e+01
-2.481504690324969786e+00
2.779476443079250458e+01
-2.439136351383454127e+01
2.652108945665965223e+01
-4.897322608767539442e+00
3.127811296678733655e+01
9.056554840131479978e+01
-5.449393274128620135e+01
-4.693774670765248658e+01
5.247689919125564728e+01
-2.637679888854854937e+01
-1.501137198306242055e+02
3.492464116565939491e+01
-4.200998174980979627e+01
-1.023994108937598781e+02
-8.437955001179906844e+01
-1.541811126070752209e+02
-1.471238423222729637e+02
-2.181609094789505150e+02
-1.117471512112856118e+02
1.995228347830497171e+02
4.451443557213944047e+01
1.708210811089755410e+01
-1.605319437961289566e+02
5.700444378915536703e+01
1.342644820007961073e+02
-1.248798304673534432e+02
4.380534508370168556e-01
1.683385133076650959e+02
-1.546192212895089426e+02
-6.954941463379378774e+01
-4.446009381123429449e+01
4.270747063685408307e+01
-1.250020899102073813e+01
-5.040055492998697417e+01
9.670276221449326215e+01
5.675449419469697432e+01
1.556358164300601743e+02
1.420284083864250420e+02
-7.673311592300341033e+01
9.382216089361664402e+00
-2.397570925457790381e+01
-2.974638749915889946e+01
4.500191621074367987e+01
-8.045747765946818220e+01
3.052274192407870501e+01
-7.225722196089429872e+01
-1.119807449028952995e+01
-5.527676227757481797e+01
-4.474677770305466851e+01
1.251973385338513012e+01
4.902580069221404813e+01
7.405759470474970385e+01
-3.232970764345375159e+01
2.644881417740492324e+01
3.403511113151818535e+01
1.700186225240348037e+01
1.145939235279408734e+02
-2.263688807462741259e+00
2.127833155187253737e+02
1.009434956752413797e+02
-7.320965952643950558e+00
2.172701889692620796e+02
-5.315379092686883666e+01
1.191153392662572941e+02
-4.932581250808109274e+01
-6.296206896908280726e+00
-3.295762189039304957e+01
-2.730907493143928733e+01
-1.019691542958452999e+02
1.799005957269922078e+02
-1.945975922803614822e+02
2.052888905305093914e+01
3.543644327748913980e+01
1.236864067263615929e+01
8.495380370993555630e+01
2.676601415794583971e+01
2.671603959912035720e+01
4.820148628845991823e+01
-5.142891671748056837e+01
1.012978809686628949e+02
-1.665343156771318389e+00
-6.561944143835961540e+01
2.415313644140777782e+01
-2.690369395913331729e+01
1.213183715621054688e+02
-7.876196909372224297e+01
4.839213395335598733e+01
3.836422270977407578e+01
-1.175942388343897420e+02
-2.219506885893795811e+01
6.403640741715868501e+01
5.618560680837654076e+01
1.196750286991888288e+02
-1.046996220329471328e+02
4.962024484145241132e+01
8.384165171044250542e+01
1.139227022767248485e+02
-1.002297355256715328e+01
1.789987356761531316e+02
-3.836778733548104725e+01
-4.553164981049053495e+01
1.315872964775161620e+02
-1.255292375437693408e+02
6.309770337564114584e+01
6.757965895025564862e+01
-1.188841680684217827e+01
5.987393377849507914e+01
-2.536844420101278885e+01
7.284587752690755735e+01
3.851848717457563254e+01
1.278346105114875684e+02
8.706624352070174666e+01
1.133358193192101169e+02
1.029780964645513421e+02
-4.869821104413217938e+01
1.100442548012384236e+02
7.247698963383564319e+01
-8.828376556510055195e+01
9.404768363909596474e+01
-4.674162590417083152e+00
-1.606067740423519581e+02
3.416419380054216504e+02
-4.687627756553123959e+01
-3.603072541249080984e+01
-3.752955490128211125e+01
5.402309664417408186e+01
1.094522766686121713e+02
-2.815909912129844272e+01
2.252857257554869932e+02
3.235437505048218298e+01
-9.737917487146485485e+01
9.488783884392181278e+01
-5.302494729344202540e+01
2.664414588780256210e+01
-2.615861192995412807e+02
2.017300296163585926e+02
-8.628932411938794456e-01
2.270857139349832110e+01
-3.390338529844527216e+01
3.263139008892751747e+01
1.107459430139909387e+02
3.424165798270774985e+01
-1.664939765783102814e+02
6.722578565794799488e+01
1.078176038655141440e+02
-7.793013247961253853e+01
8.724444754616099829e+01
-1.063375452786317936e+02
-3.458275618494815262e+01
-1.279558951651592196e+02
8.237138457310639694e+01
-1.423807131555413150e+02
-1.354148068886252609e+01
7.236766747277978595e+01
-1.261702055385205199e+02
-1.980419027471424442e+01
-1.526542067324278662e+02
-7.118997154393865401e+01
1.368453186893333111e+02
7.113155489984522717e+01
-7.962999975823299792e+01
-1.278044558651389728e+01
-4.711470653692996891e+00
5.528889954499822679e+00
2.094351723677645225e+02
-6.402414736054993227e+00
-6.372330981060895283e+01
-1.776751443937181421e+02
2.305378903439932348e+00
-4.580867769362400566e+01
5.329668008919164635e+01
-7.556401852176372813e+01
5.580205273528996202e+01
1.550698293615691803e+01
-8.952883065884687142e+01
3.114279352143730151e+01
-1.346474520881405965e+02
2.016774862207667809e+02
-9.593156145765337328e+01
-2.690710688204346468e+01
-5.923615375785726656e+01
1.201403681195652666e+02
-7.219852201160431093e+01
3.523934419276211827e+01
-5.048063650650663448e+01
1.513631635811577780e+01
-1.271485143320202695e+02
-1.153172391442761011e+02
-1.778229893311617715e+01
-8.655155769630886198e+01
-2.819968409608037518e+02
1.309187186100543556e+02
-1.278592895526750937e+02
-3.654049553948563300e+01
-2.315863165278470319e+02
-1.069685034677647764e+02
-9.647894574491959929e+01
-1.622636224780580605e+01
8.764799165612391363e-01
-8.671550010837219702e+01
-7.638262616479114797e+01
4.991296384260827068e+01
-3.343906954484039318e+01
6.204015804812269863e+01
7.915300818824970008e+01
-9.605797892990045739e+01
3.385761439273004214e+01
-1.548253041660630061e+02
-7.457797302776077686e+01
2.804690326389793427e+02
-4.369162834694045472e+01
-1.193040874485585903e+02
-2.179686634195382453e+02
2.349455746922579280e+01
5.451133174659567260e+01
8.370806592770824750e+01
1.035236802227711372e+01
-3.563238624524340992e+01
-7.408370919058225468e+01
-2.501492741780520390e+01
-6.365795632663994041e+01
-5.096138716368986366e+01
-2.229468845631183416e-01
-1.070624633484019910e+02
1.267452015435504080e+02
4.050393980160784224e+00
9.511533278587390328e+01
1.337448383197222945e+01
-2.229680932072695043e+01
-5.905250560722757314e+01
-1.510866268124426313e+02
1.061873589298210590e+02
-5.204439373646038547e+01
1.190470666221119700e+01
-8.598571303836082791e+01
5.544178188950876773e+00
-1.203935971376582614e+02
1.347696348524845291e+02
9.544752512182525095e+01
-4.759190188356043905e+01
3.102811720355543201e+01
-8.066246624266094045e+01
