1.383380810244997505e+01
5.411932068848744848e+01
-5.136544730085763888e+01
6.179057699885187560e+01
1.022769864338170294e+02
-5.405778936265089385e+01
-5.832461051346684400e+01
-4.513024880069570344e+01
-8.336169539993206001e+01
-1.814626208741817237e+01
-8.087939237926011060e+01
-1.404740967665749167e+02
-8.795345292618914357e+01
-1.235010401011866890e+02
7.666461263885467758e+01
6.616970179979642808e+01
-9.875398791931864650e+01
3.089171347380801080e+01
-1.460289650877611223e+02
3.727499939359259429e+01
-1.172243262130537289e+02
2.301907828504057107e+01
-5.558075874945177475e+01
6.057484989603617365e+00
-5.739660090332912290e+01
-2.354524644699896641e+01
3.840611809013446276e+01
-9.398336489804225380e+01
-4.362296925251090585e+00
3.842805270036482312e+01
-1.123748134250659518e+02
-1.052953237050176050e+01
-6.175167888682803863e+01
9.381034089585631364e+01
-8.361323549491679330e+01
-9.352089882366036022e+01
-5.144604183675129150e+01
1.586749447027663784e+01
-1.432147139070756339e+02
-6.118469124235016210e+01
-7.963848586799134921e+01
-3.117396416987518748e+01
7.489459625206416060e-01
8.032160735791377348e+00
5.795290611333417274e+00
-1.319884857254227768e+02
-6.966793864341764220e+01
5.312134864626179365e+01
8.684088118589802718e+01
-3.152293328537734141e+01
-5.640933106795869634e+01
-1.778537728928269246e+01
7.894615037313504047e+01
-9.885180031188747307e+01
-2.189847891776189215e+02
-4.369324925126431935e+01
4.392092175187937642e+01
4.464749538707632581e+01
4.681326636215882786e+01
1.693483944937095131e+01
7.190849605732020677e+01
1.069974999940080238e+02
7.631015151724818679e+01
-7.007290267967361785e+01
-2.901460768680389890e+01
1.491987575666381360e+02
1.797064619069083733e+02
1.570044830673315239e+01
-9.534123365376274251e+01
-1.104247767326655207e+02
-6.697945337468941318e+01
-7.650993408116137573e+01
-1.045105538779327077e+02
6.234655143898305596e+01
3.619404756749526797e+01
-1.816667800126536747e+02
-8.384206311333237238e+01
-7.716347139456554771e+01
-6.313628172394756177e+01
-7.609901262641720621e+01
1.177701571595706724e+02
7.415265932679386829e-01
1.266949403260820901e+02
-4.487776278065333457e+01
-1.544556807949742847e+02
1.559822517612609971e+01
-1.137055496387577875e+02
9.193432295324807768e+00
-6.311194664064750270e+01
-1.939909367715890198e+01
-2.240726994460060961e+00
7.834743526595923413e+01
-7.534865760168678150e+01
-1.839702130620012213e+02
1.464425283677446146e+02
3.938053991456518244e-01
-1.652210403555858420e+02
3.090269798677354984e+01
1.176849802623567420e+01
4.315156382612394026e+01
-2.879935077855084558e+01
1.293023899333550162e+02
-1.732492582335262199e+01
-5.349554070158426811e+01
2.282455135846556402e+02
1.175205549426589045e+02
8.854680719924283849e+00
5.520344189434914028e+01
4.631227628972765586e+01
6.042460930456293511e+01
-1.956066048758302500e+01
1.798360320931015366e+01
1.533469706925592106e+02
-6.184802929129897819e+01
9.587335797381069824e+01
-6.569141764945769069e+01
-2.688984657874341906e+02
-1.871670733096602035e+01
-1.146697321628252126e+02
7.384219118657969538e+00
1.800129940562013697e+00
9.616810232979807438e+01
-2.702436847357025229e+01
-1.680822048171365424e+01
-1.429414332090830442e+01
2.237854722352976111e+01
5.837918696687817999e+01
5.219468830265138592e+01
-3.599472790705438996e+01
-6.063956492687115940e+01
1.688596332930478070e+02
6.809999159184846462e+01
4.263856434834128351e+01
6.484149986531826926e+01
-1.734569234984315926e+02
1.001284152555653719e+02
-5.335532295822255122e+01
9.486198310042432524e+01
2.514001896196565156e+01
1.613890730187849556e+02
-6.609396380418237982e+01
-5.732910830991331608e+01
1.192199889225620097e+02
-3.117498497970516524e+01
-2.266094584974854342e+01
1.258711095520099974e+02
-1.292820145942563386e+02
-8.895320381332200554e+01
-3.633087063790556215e+01
7.914205788857684354e+01
5.332258280596548161e+01
-4.799990148006443036e+01
1.033849216971083393e+02
-6.666612924818434749e+01
-7.129475425283767720e+01
-6.851638854600011541e+01
7.539643220912722654e+01
-7.596543198593369084e+01
-2.527085992912970767e+02
9.037717509856791764e+01
-1.763964362419438032e+02
-1.356011937643279275e+01
-3.612198853218275474e+01
8.842650524490747443e+01
2.507525474914410779e+01
-2.942647210575152528e+01
-6.073258578654343154e+01
1.328156317124756347e+00
4.281207706055023721e+01
-6.761295255199217991e+01
9.320133860771093737e+01
3.810609510564376734e+01
9.004202804018923700e+01
9.404620939169365101e+01
-1.057932950405268144e+02
1.851655148902381853e+01
-7.248751152251082885e+01
1.237006120893384491e+02
-5.590554167914595496e+01
-1.138637658976526623e+01
7.992246176450581174e+01
1.000248128507290204e+02
1.520883580043272048e+02
1.541728434645351911e+02
6.225420029065338667e+01
-1.418931028005441242e+01
-4.686885727724935435e+01
-1.060868593281778516e+02
1.032356527517534346e+02
-8.138441814866830271e+00
-3.088750754253696300e+02
-2.313647119121528917e+01
1.372483908791710689e+02
9.380154162634023862e+01
-1.604321459321624843e+02
1.785590230155146685e+01
1.724040501407542436e+01
1.528782418465956638e+01
4.010494655136820086e+01
-4.344950475990277283e+01
7.725831637743823421e+01
-7.907637569733385874e+01
3.865111103063283338e+01
-1.512443718536957427e+01
-4.924421616332536189e+01
9.108400016313807157e+01
4.996582757005382547e+01
-8.846799885295872912e+01
-1.958240574790939945e+02
-2.101012910777878773e+01
-8.727523158230799538e+01
-3.029296569581226706e+01
-5.779040337780295467e+00
9.374458338456136630e+01
-1.735138387036365089e+02
-7.621342709794828352e+01
5.153302220698191860e+01
1.282269375785272558e+01
-3.755982126358803441e+01
-1.770218049380918330e+02
-2.995529684294078834e+02
-3.585573545752422575e+01
2.189378324200160932e+02
-2.421855203666868306e+01
2.568555379886566215e+01
-4.468581064355041121e+01
1.431771517331621908e+02
1.056720302618164453e+02
-1.361908148026464858e+02
-1.818360686137283633e-01
5.353842903192258262e+01
-3.248962234175720454e+01
-1.319161020924712524e+01
-2.640321113892219884e+01
-9.466214796359489014e+01
5.543893327357219647e+01
-8.384738957026424089e+01
2.117204086825729092e+01
-1.831066391585330422e+01
3.624496235438698477e+01
-7.114692566932022544e+01
1.130178892908566581e+02
7.407433049368518141e+01
-1.201136524161301935e+02
-1.183055344698180136e+02
-1.978809579667564833e+01
6.319601678704082559e+01
-4.304577360013199439e+01
5.740310434116009475e+01
-7.106041733558522822e+01
-8.890592017741757047e+01
1.639408380466776407e+02
-6.023781798200122495e+01
1.975968638709823821e+01
-2.531848301189201322e+01
2.379171685282280464e+02
4.902685397654785504e+01
2.807080353383821603e+01
-3.796261583971381981e+01
8.802091274966711865e+01
-3.186711814431145129e+01
-2.613547958120065928e+01
4.092564874747908021e+01
-1.217843529823147577e+02
3.032744607692796279e+01
2.139304913972060262e+02
8.509897682363916260e+01
8.711562879883491917e+01
4.776246508862732298e+01
1.165445030073803423e+02
1.251142126497219920e+02
-4.386603368062387887e+01
-9.205778538750668361e+01
-3.684861637167517578e+00
1.149370590055455210e+01
1.919922817438579798e+01
7.964551482646602665e+01
-3.694695438620769323e+01
5.851406725862010916e+01
-8.387811189435618076e+01
1.773164715091324339e+01
2.248369767649104034e+01
2.203346629099805227e+02
-5.967228170232719719e+01
-1.844424124375789233e+02
-1.692187702183563260e+02
-7.538303320753698245e+01
-4.664461574800473187e+01
1.222034226944309552e+02
2.710258711045412028e+01
1.557681176405623660e+02
7.518616934072565527e+01
8.004905601791854508e+01
1.688131214921501089e+00
7.790657433616868843e+01
1.369490104530974861e+02
-3.317948034211516273e+01
-7.003360461657718083e+00
-9.201796610057563441e+01
3.775982757953352120e+01
2.136152907172791799e+02
-6.315081194396581310e+01
-2.654459394147397120e+02
-1.409805809657390796e+02
-5.022141413119887687e+01
-1.201216336039382924e+02
1.101285148799395586e+02
5.185606221974730801e+01
2.807648006517660555e+00
-1.076251573814188305e+02
7.667532256876563679e+01
1.687085495775451989e+02
1.769965080441738081e+01
-6.899936721262842809e+01
4.065981361935224214e+01
-1.045569672050731782e+02
1.972477615428647013e+01
-1.320129138265542110e+02
1.521119452116432740e+02
7.709399363363996827e+01
-1.499210635683307942e+02
1.030626372840181233e+02
-4.619205572133827076e+01
-1.285416171350673551e+02
1.283279494706777086e+02
1.288424837042154536e+02
9.873830959388597250e+01
-1.739636117899589607e+01
1.250581458022758881e+02
3.002759863684479313e+01
-1.976781691240357475e+01
-2.984083516366310818e+01
-6.849114048403843924e+01
-9.770622736462549085e+01
-1.126289208616497888e+02
7.610465164807629890e+01
3.115280667740052678e+01
1.847094194854438953e+01
-6.137136045642751725e+01
-2.713308459424949959e+01
4.342645433119164977e+01
-1.657696192505514148e+02
5.301909552881735266e+01
8.517173671320276185e+01
-8.025825795544086816e+01
1.214549594117726343e+02
-4.094961795598326404e+01
-5.651711604729629812e+01
-6.355845224560164297e+01
-8.673445119215379862e+00
-5.926972923459553755e+01
-6.833904384960635525e+01
4.126202341532276385e+00
-4.781322794444712088e+01
1.964108503397618577e+01
6.327672781177620465e+01
-2.517160264020855820e+01
5.572674223043975417e+01
-1.317856926409963023e+02
-5.498847315456644225e+01
1.658295404764284697e+01
-7.430457627555348665e+01
1.941140254363849635e+02
-4.649847205542609174e+01
-7.816552523863903446e+01
8.991669210372390353e+01
9.803632774564789543e+01
6.283295467606662754e+01
6.636717404010120447e+01
1.434504060477503629e+02
-1.195621910027732753e+02
-4.269410398088336933e+01
1.236812407307119166e+01
1.113057387613186648e+02
3.253795506970327267e+00
-3.453557322422094700e+01
-4.550610256435806633e+01
-4.487587683460883170e+01
-3.112924253801786989e+01
-3.212512494323768841e+00
8.889708314821179158e+01
1.074312767009006961e+02
-9.887836042435729667e+01
-1.506281761834277972e+02
-1.010991301250681147e+02
-1.051082761031615576e+02
1.771662414303122191e+01
4.234736950247310006e+01
4.630265692976615810e+01
5.739872438422307255e+01
9.463931604905188522e+01
-3.759274167741460104e+01
-1.389118104644190623e+02
-5.346622587271704674e+01
-7.696584306675073606e+01
-1.194717083178554873e+02
-9.189508772486229304e+01
-1.959183446383920284e+02
6.891116863377578561e+00
-1.036965248462262323e+01
9.589882558829268078e+01
1.378353601310478904e+00
1.725122375601106057e+02
7.685458645871414696e+00
-8.202957740488125182e+01
2.229881392494180758e+01
-1.002976967855955337e+02
-2.036281473978122847e+01
-1.170912234214234928e+02
1.203235805519520056e+02
4.156259159276107340e+01
-6.803296529768282142e+01
4.476632784574341883e+01
1.265454835176366366e+01
-1.502382905085352718e+02
1.072235788581244407e+02
-5.227477232666539209e+01
-2.785411915103589919e+01
-1.577545511511053462e+02
8.502537163040145174e+01
-2.190204860960373310e+02
-6.021651434908036293e+01
7.865022883214108163e+01
1.387801839113428457e+02
-5.920245415362253283e+01
-4.293365576512510984e+01
-8.594025155148622730e+01
1.497655539247166132e+02
1.436944287331363341e+02
-6.333884285067536979e+01
-1.195284197644545685e+02
-2.873092105755752002e+01
-8.302330669140236541e-01
-4.404985111570400136e+01
-1.685297854842683662e+01
-8.557816542477988264e+01
-1.330554713762114432e+02
9.023126881135220856e+01
-1.749104361789215432e+02
7.232835440546048744e+01
1.297929692083019972e+02
3.449614317710371125e+01
6.648807681304576533e+01
-5.247301599933103944e+01
-1.191603826379860820e+01
3.598561528076601235e+01
-6.028896981332101035e+01
-1.994388567584030625e+02
1.621186647314010543e+02
-2.773426925580446678e-02
-6.366690930499923695e+01
1.067752038105287795e+02
-5.196838096461299727e+01
-9.160344799038293218e+01
6.601470413950400129e+00
-4.067446947954500569e-02
-5.547052815692332217e+01
8.218730305164748984e+01
-8.438281564288008951e+01
-7.086989037201620079e+01
-3.170120149813210730e+01
-2.240396467044712736e+01
-1.411975318116219924e+01
-1.908189928487359452e+02
-1.154274748173455123e+02
4.712275868385238375e+00
-6.481170985318200906e+01
-5.235185428076259484e+01
-1.473418081738978636e+01
-2.427817323476689282e+01
6.971910410970558303e+01
-5.421454417207451115e+01
1.388640118460182862e+02
9.218748382661433993e+01
-1.666884439652460230e+02
1.206733746893507089e+02
1.310014191789021538e+02
-1.550357851073138136e+02
-1.358802717602731889e+02
1.693726181841018175e+01
3.259868778909429921e+01
3.909665994770278985e+01
3.580653895701610079e+00
-9.395843553840037998e+01
1.204963052978171021e+02
-7.303019456935293974e+00
-2.216110292217472022e+01
5.457663486541134290e+01
2.779682071474307747e+01
-1.303794953893132629e+02
3.998915846822444564e+01
1.186036356368357616e+02
-2.051582938789249155e+01
-2.747199268160006724e+01
9.816263681875645375e+01
-5.801032527204440470e+01
-2.093889998934395180e+01
1.692763472803538960e+01
8.351317558283494691e+01
6.065868431291705321e+01
1.201208461475273381e+01
1.237137679432459834e+02
1.124807729988938831e+02
1.537480743522627904e+02
-5.030609787825635237e+01
1.037148339715925403e+02
1.013009155923303268e+02
2.476338460376219430e+01
5.921265318990650428e+01
2.691568112115849942e+01
-1.135678775144591697e+02
2.162597384045108839e+01
-1.025698178708397279e+02
5.652403119405970244e+01
-2.480472744320628209e+01
4.060850676407543602e+01
8.909002192627246686e+00
-1.388184367813281739e+01
3.632217073511975514e+01
7.191975646635040675e+01
-1.078811265599234162e+02
-1.000632196810727459e+00
4.987783986710660145e+01
-1.406388592017604999e+01
1.794770329104339339e+02
-1.227503513358423106e+02
8.566260534661583392e+01
-5.567741983687459140e+01
-6.560556240279098006e+01
1.247303401463355925e+02
-6.216822597324211586e+01
2.322728087401835495e+01
6.711468594914580876e+01
8.780902342407809158e+01
5.844400518585523230e+01
-6.732415010499040875e+01
1.076841029266736598e+02
-2.772511315054033503e+02
-1.143106611443541425e+02
-1.596224017876247387e+02
1.182143476242016220e+02
-6.046503516451317495e+01
-2.822850424766700783e+00
4.552918159622928584e+01
8.565631221860487088e+00
1.054055493552043714e+02
-6.754659086349279562e+01
-9.710646390183406140e+01
-6.706119379699941874e+01
7.933070356920561039e+01
9.149599970060769749e+01
-1.651210115313768867e+01
-1.283397365698758676e+02
-3.731901742972918612e+01
-6.947630080989009471e+00
1.108710376302137206e+02
-1.170300665525296751e+02
-8.825105900198029474e+01
1.734534282615949223e+02
-9.399356188816462065e+00
8.265897867888964967e+00
-1.023286597323656366e+02
-1.017508431666027207e+02
3.853430157164125092e+01
-1.426674404459824359e+02
-9.195236066672292452e+01
-6.327789789274432763e+01
-1.369065072202326974e+02
8.923880180038262111e+00
8.225732595094936528e+01
6.647373504244947640e+01
-1.019714882073594708e+01
-1.404296932048233657e+02
-1.781509292305237935e+01
1.195381098866724869e+02
-3.491990675967853264e+01
-1.481700983308463719e+02
-1.495223573053662847e+01
-5.090927681336409449e+01
-4.920952608746521406e+01
4.935056353821524056e+01
-5.882216548925418209e+01
-1.504368541639376247e+02
-5.291123236963132825e+01
-1.285367849600912109e+02
1.238591141453524784e+02
-7.808494941589634664e+01
-1.161382606476776758e+01
4.213074872458319931e+01
-2.179304351089303964e+02
-4.504447395404205423e+01
2.072538011864207874e+02
-1.370668639432420122e+01
-5.370782693342513880e+01
-1.975379914103482406e+02
-1.982922082845159650e+02
-5.458693998530274172e+01
-7.465691609808331464e+00
-6.727630554291613407e+01
-3.192770675440669947e+00
-9.840891775236200090e+01
-1.084871759005748828e+02
-3.599996449233072582e+01
6.283395772311391880e+01
9.676175495251688119e+01
1.463844447130057347e+02
1.054654822065864721e+02
3.414355464380327732e+01
-3.494438724165726029e+01
-3.968494380557438461e+01
-5.418626928660849273e+01
-9.257204978766459647e+00
3.990636028480279407e+01
-5.650849296085458917e+01
-3.753151375065055362e+01
1.664712201800771822e+02
3.218183504730878752e+01
1.604150912649980114e+02
-7.626729166267431026e+01
-4.654292192994132904e+01
-5.922076906201506397e+00
1.080268875764009238e+02
-1.131044295875163925e+02
3.883272714759092281e+01
-7.045839279147148204e+01
-1.198880612708802431e+02
1.148889775545174174e+01
-1.891493546621645123e+02
1.024588991215115641e+02
-1.889714520702590050e+02
4.711347969072246400e+01
2.264333529335405046e+02
-3.157810683060449719e+01
6.429713191497154412e+01
-5.396972605432219439e+01
1.189199454702326477e+02
2.536842067103777651e+02
2.138394273506886023e+01
-7.241824781576973180e+00
1.084961751001153516e+02
4.110264496009410351e+01
2.596868534558075314e+00
-4.768738587384761729e+01
-9.094946872673649807e+01
5.702087122665049179e+01
3.352437837871581650e+01
-1.633263719773558194e+02
6.280345881437611411e+01
3.455469893386442948e+00
-1.397805397739143807e+01
-2.869369969391792097e+01
-4.352165491168369016e+01
-7.853806146223142548e+01
2.463933594492832313e+01
3.170016247330685744e+01
-2.496787813485630636e+01
2.325637415628211357e+01
1.297448355282808130e+01
-2.169349274993439636e+01
1.108677797883256062e+02
-1.851472154238000201e+01
4.348387048974487357e+01
1.893701681139215331e+00
-5.182730608312160570e+01
-3.561859627647217508e+01
2.914480117043007468e+01
2.315569011381534281e+01
-3.033418183557615322e+01
-5.439409393480563892e+01
1.740479697541854591e+02
-2.199719013093304909e+02
-2.594110756719641486e+01
1.944494238844997724e+01
-1.157223156658931806e+01
-8.814438885528949186e+01
-6.826817590016621295e+01
1.069063080946404298e+01
-2.427477543933873960e+02
6.718194227782198880e+01
-2.093754688477676211e+02
-5.287565115739436550e+01
-3.345143137419639601e+01
2.455206117157957380e+01
-8.181870658563745735e+01
1.118658430084780235e+02
6.365049407864348296e+01
-7.054761034511264484e+01
-5.068772702648975326e+01
-1.133207011498142407e+02
2.584526251730957824e+01
-1.407503479331311667e+02
1.430574582210795711e+02
1.216673339469912563e+01
-3.010436356044677382e+02
-1.427745952036963750e+01
6.524278926067107420e+01
1.186477192324443450e+02
-5.518328419817296293e+01
-2.961707833715317761e+01
9.876384293393151381e+01
2.379547169107631248e+02
-9.300441760017413628e+01
1.258455134179116328e+02
5.431564510338328944e+01
1.307660644656416480e+02
-7.343592655411662840e+00
1.526685515704529905e+02
6.122533112292772728e+01
3.313285098397294348e+01
-1.705902180956333325e+02
6.926608785741652241e+01
5.472860730816571362e+01
3.693618693120004082e+01
4.758672636145789170e+00
-5.861608510383091186e+01
-7.684083186439285384e+01
5.758933990410243808e+01
-6.940924861346294961e+01
1.418901654952938145e+02
7.927533262507084544e+01
-4.909723297790034025e+01
-1.216209134780177408e+02
6.271840170405888415e+01
-4.553805788369123064e+01
8.808391549436716161e+01
-1.185959280333893133e+02
-4.918784961762820984e+01
-1.571544390863925287e+02
1.596632810660523489e+02
-1.137354060936556834e+02
7.530229479419695338e+01
3.770469220931111920e+01
-1.098595941688805810e-01
7.692668195552475652e+01
1.221443907124950456e+01
-1.276201471315425522e+02
-1.216215906493786179e+02
-5.220910308985955872e+00
-1.207745526274194248e+02
-1.394865547650898385e+01
-7.586706125757125108e+01
-2.061101259996806050e+02
-6.072651360744021787e+01
5.918299034421922755e+01
-6.770717671984647268e+01
5.514640013524035567e+01
3.939781959843137571e+01
1.015781597853992047e+01
-1.189565790685394404e+02
-3.257645829833799667e+01
6.053026925361369592e+01
-2.255684923820033916e+01
-6.767230288447588293e+01
-1.017584507588132539e+02
-1.051302043810556910e+02
-6.705583586175622202e+01
-8.177951171208064807e+01
-4.388530750833826488e+01
-7.698411443740019067e+00
1.142838882488320280e+02
3.732670038200394913e+01
3.501444889938563421e+01
-9.761839424895740081e+01
-6.628278814481909365e+01
-7.764738509038201286e+00
-2.305369365832072788e+02
6.100082951921829988e+01
-2.091174069564705107e+01
-2.550936314233724431e+02
-1.873183399069768598e+02
-1.133280764812063808e+02
-1.746298545087246623e+01
-1.262301284162967931e+02
5.222363570001265032e+01
9.661053262387716245e+01
1.805269708331259153e+02
-2.723331860263670023e+01
-1.255740278154371836e+01
2.103926574942241956e+01
-4.772644882990640980e+01
-3.137671713284579766e+01
-9.127033054705304949e+01
1.024008119541142747e+01
-5.723429467690629480e+01
-1.161197626799928173e+02
3.373008090392483638e+01
5.635908432779989141e+01
1.552457816432266924e+01
1.838625888131284114e+02
1.251862782016018514e+02
7.650502016533420147e+01
-6.861878075203034655e+01
1.112542875172816963e+02
7.540524566207915313e+01
-9.678359878327732702e+00
-2.175189959548755425e+01
-1.201956244170184362e+02
-5.879311643567998402e+01
-2.438395310357278944e+01
5.279740146433473313e+01
1.709910429808283823e+02
-2.318695450302429961e+01
-5.845477243176294024e+01
6.042325340655079913e+01
-1.580888830511587457e+02
-8.319600729346750256e+01
1.446812341000989477e+02
1.860333101981544246e+02
-1.300241930622693758e+02
9.661598584711587989e+01
8.036103828824769835e+01
-1.029074830901783031e+02
7.508693931644260999e+01
-2.533197545405079723e+02
-3.018645608158870175e+01
-1.076860373860225906e+02
-1.478716860817539782e+02
-1.626772197159163014e+01
7.187527850523919426e+01
5.363110815970006229e+01
-3.777063580580284707e+01
-5.164633770468862650e+01
-8.584188183824936758e+00
5.284612229137601247e+01
3.449090726463985135e+01
1.459964068525090219e+01
-7.024327415053957679e+01
6.263600621663123036e+01
-9.887788836619068888e+01
-1.725030732133806310e+01
-1.003805864777272348e+02
-1.514495630732078801e+01
5.482374787643627201e+01
5.380022531848001677e+01
2.075211611722009764e+01
-1.100052452789638124e+02
-2.085722027870892248e+01
2.619613648054638233e+01
5.741162772068500431e+01
-1.188130911511810694e+02
2.720594933492401779e+01
-5.193677115841821035e+01
-1.177072945294825246e+02
-4.029924310683054500e+01
6.486462233230054153e+01
3.117815880797634520e+01
-1.785690626226819688e+01
1.633292596974548871e+01
4.813867610061866742e+01
-1.788920999561514975e+02
-1.203073224590660715e+02
2.952846113070011658e+00
-9.738644305446884175e+01
5.887708499457387745e+01
-2.474506996209512266e+01
1.158380876488698163e+02
-8.355698899239357047e+00
2.659034431475726379e+01
-2.162789333971276484e+00
-8.265659294062285767e+01
-7.804912404324683450e+01
1.197549485244888245e+01
1.691967523269614659e+01
8.522287050170199052e+01
-4.758639931845965521e+01
9.355409085788215862e+01
-5.292117336041957998e+01
3.201432048969264343e+01
1.904255865618762584e+02
9.970063498698560522e+01
1.003566096738702242e+02
-2.075173820085642546e+02
-4.722374835206652222e+01
1.323012969316500254e+01
3.946436349735657956e+01
-1.072452475258017657e+01
4.153873275783683994e+01
2.260512225797210135e+02
8.483146341394578371e+01
-3.542273586699306520e+01
1.205442917184766003e+02
-5.854193106501027444e+01
1.582023805475393772e+02
-8.471045074949324771e+01
-9.762887013653158874e+01
-8.618552978873164960e+00
-3.628589863832931428e+01
1.659604393198690104e+02
7.943152952537799649e+01
7.138630968020032697e+01
-4.698128995519153506e+01
-8.999850075691092854e+01
4.072282879113018339e+01
-4.434425614620382561e+01
-1.589169436937209845e+01
-1.872388384180162291e+02
-1.962864132567113700e+02
-1.284138876254689592e+02
2.594993047391547591e+01
-6.792736842664452013e+01
-1.730281281953563450e+02
5.391286182356913059e+01
-1.535826278537280416e+02
2.175220834720176910e+01
-7.816263298685396421e+01
3.263188726652423099e+01
-1.842081529249676386e+00
2.342805727226936696e+01
-1.227545765774487734e+02
-6.839764239382567723e+01
-2.549425533663215404e+01
-8.266387876346611563e+01
-2.693014413487395231e+01
2.654298511909571445e+01
-2.050962825161711010e+02
1.081396946248907085e+02
9.658613830609436235e+00
-5.008159653043392723e+01
2.262088129210937737e+01
9.980700644725034820e+00
9.615094881323652487e+01
1.075539872161392481e+02
8.235491711727297570e+01
2.087062315835375728e+02
3.089228166710740453e+01
9.739195859415133327e+01
-1.256351179005976491e+02
1.128889035719713547e+02
1.276978991467876234e+01
-5.785050761526576935e+00
1.150743647065090585e+02
-7.804850864810713063e+01
7.149711629901823073e+01
8.449275666963447406e+01
-1.148092722261468737e+02
1.738820634478462068e+02
1.896432689751178913e+01
-1.501682030331475914e+02
5.295281008512227316e+01
9.099698657897450005e+01
1.830235525308001954e+01
2.362547825665306434e+01
2.563241263613753063e+02
-1.509940981483814681e+01
8.987696018666014197e+01
-1.348958880761980339e+01
1.874423427971727278e+02
7.256261002577581110e+01
-1.636697702893643802e+00
-6.388496381729925844e+01
-4.968007897792872996e+01
-1.258429299669190158e+02
-1.729229682124855572e+02
5.830075778947644949e+01
-1.313704074265733084e+02
7.912420309540794960e+01
1.605502632515446635e+02
8.457272841002425423e+01
-6.541692032041821392e+01
-5.144578593306889758e+01
-1.497937886524660200e+02
-6.432192237138335145e+01
7.785297745311356721e+01
1.618909077713534206e+00
1.759704582797441219e+01
2.093247202376260319e+01
-1.211258290058513438e+02
-9.519758886978870294e+00
-1.388208827352302066e+01
8.413701705079120075e+01
6.598454364211522716e+01
2.855149601666989767e+01
-4.297288680676446404e+01
-1.575730796594345691e+02
-8.593408151904014858e+01
9.033669223444050544e+01
3.846635081381162991e+01
8.370155098518532455e+00
-1.286819934691567653e+02
2.415214660663980339e+02
7.058888151540952549e+01
-9.382899510673253474e+01
-2.598068596958822596e+01
-8.401959675541905881e+01
9.162182528604688514e+01
2.617517121882460174e+02
6.301823298648771043e+01
2.440874871129551238e+01
-1.132344552419004202e+02
1.818751269571000506e+01
-3.329862918475510014e+01
-4.828777143168232300e+01
-6.864223343271113720e+01
-1.689231515772600005e+02
7.689556800484224652e+01
-1.079661060565389477e+02
2.733074544929652205e+01
-2.379921026963184616e+01
-5.271712014055934503e+01
1.239315967027379983e+01
