7.132226806504159811e+01
-4.748800670398281198e+01
-4.679663323224642824e+01
5.819521457154311150e+01
-4.958939467431537196e+01
1.052965299733030058e+01
-4.559072615823816221e+01
-9.350668176890756911e+01
-4.283033321759966583e+01
1.491061029458547011e+02
-3.122849617350200191e+01
-2.139647205110144057e+02
-8.314855365872702464e+01
2.561230079742129462e+01
1.150454534725818689e+01
7.762529578680680231e+01
-2.184604543288793934e+02
-6.974386164464368676e+01
1.396112646408730029e+02
-1.275235541977114906e+01
6.909290641911998421e+01
-1.009925776993356195e+01
-1.662080228475992172e+01
3.942114541819633189e+01
-1.345486100278993824e+01
4.497057333764008291e+00
7.653746693004239887e+01
2.725516191181442949e+01
-8.351488357677180829e+01
-7.932195190413976604e+01
1.350874376780447506e+01
-1.872581287686453422e+01
1.657180192419993716e+02
-1.242954432848254669e+02
7.528108389889484897e+01
1.049878508441702785e+01
-2.213064322356462199e+01
1.502755196178104029e+02
-6.962011877176433927e+01
1.348945760110921697e+02
-1.355754863078471999e+02
-1.313540956017768906e+02
2.101568348487393934e+01
-1.300662807041938436e+02
-6.951998138686862205e+01
-2.330458400738405800e+01
2.390546308021802702e+01
-7.496757992724886321e+01
1.949943373776466728e+02
7.221249912685752292e+01
-4.296691715101463416e+00
-6.628101314951614143e+01
5.087595049894546406e+01
-2.311940071065919611e+01
2.628408361151279848e+01
-6.335003962796905341e+01
8.568071275156070499e+01
3.973717867821203242e+01
4.543173033443351727e+01
-1.160111397033304570e+01
2.677947258274765119e+01
6.366944776968673381e+01
2.361191126918401437e+02
3.350765743955898213e+00
-2.167759752202051260e+01
-1.079002788782255635e+02
1.271446320535008141e+02
-1.024598996628990761e+02
-7.731245798924827284e+01
-1.318209630265449448e+02
5.563836126733963994e+01
-7.994345125215458836e+01
9.585271167417724314e+01
1.941419977051436518e+01
5.124123758771098380e+01
6.343685412219151942e+01
-5.360316296020239690e+01
1.511867343176356826e+02
4.140333452989024465e+01
-5.983867204239283666e+01
9.679445882868368756e+01
-1.075743799256120496e+02
-6.083967697398542640e+01
2.504297899702692405e+02
1.318451146998349088e+02
8.058001127634946670e+01
-9.028068047190005530e+01
5.411916104179019271e+01
1.085928280711964504e+02
-1.407162510217144131e+02
-8.259303063706720138e+01
7.037459259846212944e+01
-1.432133538613055634e+02
3.133766282631145117e+01
-8.587628759680933399e+01
3.045734427132706656e+01
-6.389166327643341958e+01
-3.823342291027890383e+01
-1.055390708401967288e+02
9.222495676836873102e+00
-9.253247330957664474e+01
-5.783538853258027501e+01
1.082408211381025964e+01
-6.485458944773723999e+01
-7.663101097991605570e+01
-1.239050996320583238e+02
1.326570791583729942e+02
2.563596834752674880e+01
2.111514240257857011e+02
-8.918054232968600559e+01
-2.189528528184688128e+00
7.384990563376575778e+00
-1.430926128986882162e+01
5.727203719739930676e+01
-2.115616690185309494e+02
-9.681541248627701179e+01
1.655833996777091386e+02
-1.566020005814261822e+02
6.637977455178992159e+01
1.285074902353751725e+02
-8.497351261636013930e+01
-1.469484876843100096e+02
9.522485760102412655e+01
1.178683939390692075e+02
-5.321843690389894022e+01
8.744402707790580820e+00
1.580636664062112402e+02
-2.306420032207041970e+01
1.172354161985941090e+02
-7.874292367590371100e+01
-1.114180851726167134e+02
1.292218621532450982e+02
-6.793370598751157274e+01
-1.374582667917945287e+02
3.311712073511449805e+00
-7.290804454539482116e+00
-6.954647138194717115e+01
-3.797951927473434353e+01
-1.112918815603373588e+02
-2.294962496332592750e+01
1.610150755588356830e+01
7.249849312128251455e+00
1.822497304222482910e+02
-1.186109212531245589e+02
-1.549617716752444494e+02
-1.501220173504145627e+01
4.247912398586713323e+01
-1.018776536821918199e+02
-5.023114345771056577e+01
-5.891294482313416836e+01
4.692002765845371570e+00
8.921257564359238756e+01
-1.632425074598542949e+02
6.989863898586797575e+01
1.348245225989054177e+02
5.240623622159139927e+01
-1.071033052010754858e+02
5.466159600806863494e+01
1.393166127962563223e+02
-1.593506187245113281e+01
2.443742112973153837e+02
-1.748486297222499388e+02
2.721815754459763781e+01
7.693023510206199944e+01
-1.332076695046336035e+01
-6.353824434898419327e+01
8.638421373893132227e+01
7.081483659125265007e+00
1.846868752390068380e+02
-5.063214725370449365e+00
1.701692046691349560e+02
6.915900833288189631e+01
-4.712084082028512455e+01
-1.472447702865992802e+01
-8.442223616914464657e+00
9.310952375861655028e+00
-2.125508759044707219e+01
8.835981382842840048e+01
-3.550786945155083174e+01
5.607379532469118999e+01
-5.800994261684115116e+01
-3.042686015436762048e+01
1.398077509786884320e+02
-1.206278243902339398e+02
1.038313984280630677e+02
-4.617895546622354885e+01
-8.314893563591992631e+01
4.822029805942446501e+01
-2.047839784528470375e+01
-7.140937482676613968e+01
1.820568885776631873e+02
9.704475299900410334e+01
4.854464302321168390e+01
-3.897947549046752869e+01
-1.138038530673075996e+02
3.089491529361205835e+01
-1.156567390091238536e+02
1.198919875761841638e+02
8.689738574699453011e+01
-1.385830192754436325e+02
1.508779751907343147e-01
-1.234916641381045821e+02
4.444650672613115461e+01
1.077085939768487322e+02
-1.934833551617431340e+02
7.119333689342367322e+00
-1.759122505319268015e+01
4.744904887522443993e+00
2.298183563793650919e+01
-5.794870605841010303e+01
8.768725665788433332e+01
4.257062047533879401e+00
-1.850276120489655796e+01
1.526296620210596870e+02
-9.922705468336246781e+01
-1.246550156363128110e+02
5.122835224051056002e+01
-4.581896159468284679e+01
1.188172277931867882e+02
-1.347804184659424322e+02
-1.867275319428857117e+01
-1.981262667573588843e+01
5.443238434821551230e+00
1.396012521775258506e+02
3.859419517201161653e+01
-6.905607857508589120e+01
-7.277897741767091588e+01
-1.537783790875476564e+00
-1.110577776026726582e+01
-4.884438317257622231e+01
-5.649321037058312811e+01
9.247917317194601594e+01
-4.399636755623937034e+01
-6.007611074203721202e+00
9.651935808007441153e+01
6.304782398188020665e+01
2.838683765918183965e+01
-8.330682696586922020e+01
-3.921090137848848656e+01
1.162335273325343792e+02
8.615249956854579949e+00
5.091433773240374272e+00
-1.809632232009163602e+02
7.685927925272524419e+01
2.136484723702368527e+00
-1.098145741726678182e+02
2.783195873681716748e+01
1.118861454230769148e+01
-1.568359731064575726e+02
-3.556803941285358039e-01
-1.319058686037996893e+02
-9.966484632717879322e+01
-2.339631884894659919e+01
1.751253990811827350e+02
3.052789823868295116e+01
6.558731226728029640e+01
-6.171905965320200416e+00
-2.574153070855108361e+00
-8.991520172873126171e+01
1.737819530584661720e+01
1.105038624510636680e+02
6.165274591556175210e+01
-4.712385490847785263e+01
-2.205530935612667420e+01
-8.893258597939603760e+01
-3.945256811098327177e+01
2.258832638197592146e+01
1.236379377447313388e+01
5.481067347110077748e+01
3.556108809304027396e+00
-3.366608481597101132e+01
-2.941606840695662228e+01
1.069132424374883641e+02
-9.439417431408568859e+01
-4.866230367331351658e+01
-1.086639212447889520e+02
-8.142044651275972456e+01
-1.677706208933232972e+02
-1.797685750780236447e+01
2.946802825048382957e+01
-5.389542385089518461e+01
3.667591259132814230e+01
-4.635823872401842749e+01
-1.227750222236797413e+02
-2.201472645311374947e+02
-3.992524851568460775e+01
-5.097522652030267665e+01
7.115958146619728808e+00
-1.142552424182943156e+02
9.614192105543646960e+01
-2.594765488158962796e+01
5.864651176087905782e+01
-5.870181439020583269e+01
-2.001535501821399805e+02
-5.803263405414227805e+00
7.834509576635431571e+00
-2.786475710584419829e+01
-4.040537946919451429e+01
-1.121653477184657532e+02
-1.857235071089824601e+02
6.058196650125124449e+01
4.058907283334482941e+01
-2.189622309970103320e+00
-7.517941296614419855e+01
5.261577310396579321e+01
-7.016048641184664802e+01
2.243627783732948799e+01
-2.040188428025621192e+01
7.896695732301964199e+00
2.488230197091559148e+01
-6.492694419066401679e+01
-1.495128546025642322e+02
-2.046379293289461998e+02
-1.271691766909431749e+02
-1.633804364832548686e+02
1.035610630960538998e+02
-1.492727734929072092e+01
-2.370787452048682908e+01
-4.298699225789037826e+01
4.154122470185056315e+00
3.455021969921173763e+01
6.692629123283988690e+01
8.472103696349559954e+00
1.509043318087296193e+01
-4.670325446431814242e+01
9.077158431660998872e+01
-8.278486381439519093e+00
1.266376178703677766e+02
6.955112963186049768e-02
6.361656165981789002e+01
-1.319213166646272839e+02
-4.547670305338188257e+01
1.567852514310050971e+01
-4.776008310124823453e+01
-1.696503036096414689e+02
-1.130801333165424580e+02
2.040773263668017279e+01
-9.251841355735741956e+00
-3.679922042230840162e+01
9.431157555661526715e+01
7.559333001974232857e+00
-2.955576848523232414e+01
-6.736276585365781955e+01
-6.644917918509641197e+01
-4.361800104359542019e+01
3.872163005277579373e+01
-4.362400599791384082e+01
1.697227040036254948e+02
5.328316182221450958e+01
-8.918837934047511240e+00
5.625107402741334539e+01
-7.423314654193316642e+01
4.677840030274023775e+01
9.274767337609246454e+01
1.857774802828881633e+01
3.910212867830844630e+01
-1.275032334970101466e+01
1.932014226802781138e+02
5.366273183086833853e+01
7.372373910718125423e+00
1.758964424440854941e+02
9.670320267307822348e+01
1.379352432674090210e+02
-7.804445815903743267e+01
1.079996454838788793e+02
-1.089430089938346669e+02
-8.851438090939636538e+01
-4.155245978430355080e+01
6.579114881253850911e+01
-3.149635154144495175e+01
8.540400429200947485e+01
6.373438483117280562e+00
-5.767700388513588905e+01
-8.312012426490476003e-01
-1.585103270888719464e+02
1.661920981206226600e+01
-5.030193123047659753e+01
-3.281720208962968854e+01
2.554636862910465211e+01
4.742495039436710158e+01
1.671880070822165942e+00
-3.373506316207739530e+01
1.664949953654376031e+02
3.390606506753714910e+01
-1.338459513132459620e+02
4.964586584633413224e+01
-5.384770854821154984e+01
1.153893746618878708e+02
1.997751027711405243e+02
-6.585643515706129847e+01
3.858098538229881136e+00
5.630989866269662514e+01
-4.511597280287237766e+01
4.923579141647938684e+01
-1.921123783764677739e+02
-3.703370847015533940e+01
-3.510719849975337326e+01
2.104682084524782226e+02
3.635065690321343190e+00
-9.010082052128838370e+01
7.366704808816410832e+01
2.970383047650302899e+01
1.108571402981520748e+02
3.070369563203793462e+01
5.993408154864022919e+01
5.569861970855711775e+01
-9.000785356967330131e+01
2.229585786240865630e+01
-1.721026267054071113e+01
2.824884491429076050e+01
-6.840881383543168681e+01
-1.134889910456793594e+01
-1.031857964761842084e+02
1.210239577243874010e+01
2.931255750973305751e+01
1.039190192769981138e+02
-1.707439051532199770e+01
-1.164199790488080311e+02
1.377306039670266671e+02
-7.980093567738708771e+01
-9.555065604783708011e+01
-4.159408375052161944e+01
1.675963002934717565e+02
2.014563333111478372e+01
2.544504646022005545e+01
4.016480615409848554e+01
1.878093699854139231e+01
-6.361726915821842709e+01
5.987561224082372036e+01
-1.943270980842394735e+01
1.137974073782721831e+02
4.518993074034814583e+01
-3.434539374866985639e+01
6.873070024855972804e+01
-8.425192092934786103e+01
-4.686911864966742058e+01
-4.236765678630731458e+01
6.951359337257567006e+01
8.829564594507877473e+01
1.093218767153961153e+02
-4.934394485607820968e+01
6.591185306945021694e+01
-6.456293104045367492e+00
7.597517213774086997e+01
4.588523942664212285e+01
9.382379318747261721e+00
2.608321181451266213e+01
1.057092827929513135e+02
-6.814273175703836216e+01
6.054212721019036536e+01
-8.600041439451570113e+01
9.787491438026532364e+01
-6.284533718442437333e+01
-3.675184577508661476e+01
-1.205593410396321872e+02
-1.532795771343879743e+01
9.243630944974367480e+01
1.415554200835911729e+02
-9.269141350838570759e+01
-1.143882752464762689e+02
4.143557132148757205e+01
3.262221438113481753e+01
-1.582013521002689629e+02
-4.594693798111302385e+01
-1.445784975996160142e+02
2.178792900441712632e+01
8.693848945252268834e+01
2.162899760991070650e+02
7.187542143451426568e+01
-4.308626030688282071e+01
-5.802313993576608198e+01
1.037930878577362392e+02
-4.934846327028693480e+01
2.158948791058863748e+01
-2.748013585562100047e+01
-1.280458967543592337e+02
1.189182586569349951e+02
-6.139706649956053042e+01
-1.317564493875002256e+02
-2.882545394650358617e+01
-1.187528050259178087e+02
5.443140412038636811e+01
-2.181320660570982284e+01
1.375220245594997550e+02
-1.117082410054507946e+01
-3.319331623346585758e+01
6.963567857571210595e+01
-9.715129622337636306e+01
6.595413410594369452e+01
-2.876126154327489104e+01
-5.891655770283791327e+01
1.899678154171290378e+00
1.766804978990724067e+02
-4.442500695638975827e+01
2.174911800715727495e+01
3.041840127985146580e+00
-9.915464893026211257e+01
-1.546819401960302542e+01
-1.009759160012214210e+02
-6.988361340692003409e+01
-2.212196724098936613e+02
-1.137224210882482112e+01
5.787446833002761082e+01
-7.236409845981907552e+01
-3.209939453049608460e+01
4.567453223567425624e+01
-3.834305417891848577e+01
-7.879927896408548627e+00
-9.183946536631231083e+01
-1.176755040201489599e+01
-9.091826991790260593e+01
4.832864341764049954e+01
-5.565048164171010114e+00
-8.701810461545204589e+01
2.357008360355374776e+01
-4.324372391409482042e+00
5.018279829108228540e+01
7.240317521332399053e+01
3.634140338491607736e+01
1.125121207385699336e+02
-8.197968240401411322e+01
-5.351715122061347074e+01
-6.064180382830249982e+01
2.442148744124605741e+01
4.192472940495190414e+01
5.140125926000406054e+01
7.323025893623706395e+01
2.856026618068421996e+01
1.856686674894961797e+01
1.383838538669213563e+02
1.389948945172596098e+02
1.342490515022946624e+02
3.445593072868764040e+01
3.445772021429804965e+01
2.552651270183077870e+01
8.677328970242625061e+00
-1.039039644320734901e+01
-3.843473836569106084e+01
3.422091853499093617e+01
-1.313385698061838411e+02
-1.117495952455946622e+02
-1.886790701774946655e+01
7.154991763027508966e+01
-5.055578822416682527e+01
3.208769130271672321e+00
1.383730752248987415e+02
-1.211080032668812265e+02
6.939304970000652872e+01
-7.912452704930748837e+01
6.206346658459020915e+01
1.445029782845239765e+02
-3.777451875118483571e+00
-7.703404923619027045e+01
-1.269038289187240309e+02
-7.349115186249646570e+01
4.085403724668542935e+01
-4.900814676558564997e+01
-9.816596642526363325e+01
1.899316273764241885e+02
-1.844806589344417205e+02
-3.014924979531059535e+01
3.241102778244369631e+01
-1.716890467034159684e+01
3.880854245713265982e+01
-5.408687293956378994e+01
-1.021858844760977014e+01
-1.024531500875986296e+02
8.639618847532833001e+01
3.279589109359975652e+01
-3.093313585947831257e+01
-4.195732871173974132e+01
3.411943934319833005e+01
-2.400378181298843216e+01
-7.712722675784615944e+01
6.644189255488024060e+01
-1.336120165008373135e+02
-3.392819893586959790e+00
-6.177265230835860876e+01
-5.395080400605451842e+01
-2.907332598791821354e+01
-1.032983466824215668e+02
1.070626284227627991e+02
-1.327451374584905466e+02
-1.739556279309894649e+02
-7.722532086147282371e+01
-3.234513759196035920e+01
1.227977284027090690e+02
5.901984855547188147e+01
-1.381855250982660834e+02
2.833976347167887599e+00
8.167908879809148459e+01
-3.293158734667179743e+01
-5.150255298309845742e+00
-6.190077652701098998e+00
-4.705280681229692874e+01
-2.088558159655137558e+02
2.751843503192259988e+01
-2.994388384981466444e+01
1.583165714935697963e+02
-3.540123010980730811e+01
4.476650088342914557e+00
8.553963949774387743e+01
-1.921638437032769673e+02
8.038211722437411311e+01
1.248738798141803983e+02
1.539643224260655643e+02
-3.674270971623941762e+01
8.275758334081241685e+01
9.674798604714196415e+01
-8.096760871489757960e+01
4.729174698499353724e+01
-6.550542898074277787e+01
-8.006816959242696896e+01
6.275642918876902598e+01
8.798547796370903029e+01
-7.026561553165791452e+01
-1.627487953538295429e+01
-5.758297297873760812e+01
-1.192908543737638283e+01
7.032028110834544066e+01
4.985792701820592043e+01
-7.416292473332855195e+01
1.929359272377715229e+01
-8.725619261833250651e-01
-4.722837577493491068e+01
-8.357419372674162616e+01
1.099122715756991937e+02
1.832543681495294265e+02
-2.670197114552840034e+01
-1.168339626606503714e+02
1.310215600286579445e+02
9.428464159840818581e+01
-3.537703718142041964e+01
4.636934294501558185e+01
-1.248084632919039194e+02
4.659256068264797079e+01
1.368317195228008920e+01
-9.342290053201633970e-01
1.549024113595654839e+01
1.336231466101598357e+02
5.750908364756562463e+01
1.818556175898693894e+01
1.396061158640567044e+02
1.193405046738466098e+02
-1.612072196391866044e+02
1.180498766027925654e+02
-1.313180256466805247e+02
-1.415810685950345089e+02
1.302379279443706821e+02
6.368927988027721909e+01
-7.712014536216524618e+01
4.894276288124443397e+01
1.481666517767212099e+01
1.050236317668746153e+02
-8.647460629207960325e-01
1.176789531796543713e+02
3.953706238114886418e+01
4.960885112540976394e+01
5.491963074615104290e+01
1.125108953201250159e+02
-3.642621217363124231e+01
4.088487488685455418e+01
-8.649436990842605155e+01
2.372830536522104339e+01
8.445752502600849709e+01
1.358203019108790066e+01
4.168180184150681100e+01
-3.466594814072183794e+01
1.039980859499067734e+01
-6.111328567239396392e+01
-1.954998703155158069e+02
1.348913224112977360e+01
-8.822093167771217281e+01
-6.970626890616865978e+01
-1.114185087146593958e+02
-1.796528483190236614e+00
-1.906601073130990187e+02
2.227646301130206297e+01
-8.277926049085449733e+01
-2.396960210423693738e+01
-8.015544483959743616e+01
-2.577539615244356241e+01
1.698065043602599289e+01
-2.141466296916338052e+01
1.059725905677208289e+02
8.006637829989965383e+01
-1.256070853410650017e+02
6.401791225723853529e+01
1.559971713873524202e+01
-1.169237675179017444e+01
1.388529034373108750e+01
-1.367215697107746450e+02
1.036959341762383957e+01
-6.341125265983204429e+01
-2.219768757603532094e+02
-1.169479264675190393e+02
-2.941579207386239858e+01
-3.575147344026973428e+01
-1.846598954373355070e+02
-2.102382962502522901e+01
-2.709851194752673464e+01
4.473363031846879068e+01
6.055694006179363242e+01
-3.241188179682200854e+01
1.395085080155072532e+01
9.920786865178899916e+01
4.230567685776822628e+01
-1.301389877190243567e+02
-5.019006264705551246e+01
5.659747091577746403e+01
1.335250088578505938e+02
2.001085361464718915e+01
-5.861377852734858607e+01
6.437284371671694316e+01
-6.463253025545461128e+01
-8.433232361836306978e+00
4.685205793381463479e+01
4.676424187540599320e+01
8.969775922990841366e+01
-3.996542037850071694e+01
-3.969993269589485152e+01
-1.250277294509852339e+02
5.841037565463296488e+01
6.787220929902719035e+01
-6.738053459049029925e+01
1.659548739678450247e+01
-4.438029008357716521e+01
1.013462604383981045e+02
-4.036188213931766455e+01
-2.952753998513385625e+01
-1.369130892479654094e+01
8.215558075325665754e+01
-4.349227162363543675e-01
-1.068788254557391895e+02
-5.527372343405678379e+01
5.349779855982519905e+01
-9.830587261409466748e+01
-1.529229854684191459e+01
-3.864135508222072701e+01
7.312501011590060784e+01
8.651504051309774468e+01
-5.627280482501615211e+01
4.760462618010163993e+01
-2.580090125786901112e+01
6.928407976142787561e+01
-1.169273257736010265e+02
-1.281685796458598361e+02
-3.653814691860838337e+01
-1.397501841003741951e+01
1.116481212251564443e+02
-1.720850513929315539e+00
-1.511802038843482592e+02
3.716034970896204470e+01
-1.504925895664218558e+02
-1.855299575468857398e+01
1.535605741009510439e+02
-5.422657728588589521e+01
-1.066887182774264744e+02
1.304821312278419896e+02
-3.230653705858345859e+01
-8.494334150573359921e+01
5.533468863870236021e+01
8.256690547497537125e+01
1.174710178082947891e+02
1.636757704098702959e+02
1.077737139340822381e+02
-6.739556824549264036e+01
-1.447531473350219926e+02
-1.192306989139398254e+01
4.035752007643167438e+00
-2.822933574699151293e+01
-5.924582001653890728e+01
-2.286352334438228695e+02
-1.079848032547455006e+02
-1.024074006349105730e+02
3.511310264458919761e+01
-5.065992971312049065e+01
3.828090134196045113e+01
-1.334979325273885706e+02
9.962638512852889505e+01
1.357844301970704848e+01
-5.148422167386142689e+01
2.572949877854729195e+01
1.041266768093336168e+02
-1.733749260497132028e+01
-8.954430641357683740e+00
-3.029452838326986353e+01
1.726023195789860836e+02
-4.449557985415786732e+01
6.457163660238974501e+01
-8.938393901574868039e+01
5.473092223044356786e+01
-4.047376515783972195e+01
-8.021105840649927643e+01
1.401536988243364306e+02
3.108115901456667274e+01
8.658522492155314865e+01
9.147859682165862694e+01
3.472770652143044146e+01
-7.154107103471773144e+01
-2.461224659639919210e+01
2.017047767061249530e+01
5.274180322273389265e+01
6.865455524129080800e+01
-4.998170393691944469e+01
-7.193916005387815460e+01
-4.841691808254639540e+01
1.393470336577283035e+02
2.912846643025532956e+01
7.910592044275081491e+01
1.557919310982803118e+01
6.194996109275027152e+01
3.553766166454343534e+01
-6.036635535543780406e+01
-4.116609364297482898e+01
-3.028890812070827998e+00
6.806115557884726996e+00
1.755376674833501571e+00
2.082456132648639979e+01
-5.023526889725373934e+01
9.326476327559748825e+01
-1.413253482153084839e+01
-5.568562321566211182e+01
4.365301862067073557e+01
9.599596975446651470e+00
-2.167436210785160142e+02
-2.381233089351425747e+00
1.199232828338821299e+01
-9.446850066746488750e+00
-7.523410767179512959e+01
-1.357665829430672773e+02
-1.011765454036860916e+02
-3.678514685805865980e+01
-2.082853342522694362e+01
-6.579060457436959553e+00
-6.519510438988082512e+01
-5.366972458944752589e+01
-1.386567773342126202e+02
1.151206935451142073e+02
-3.339121794508429275e+01
7.982857805998239087e+01
1.145198443228510321e+01
1.451930775342038089e+02
8.543729641492112137e+01
8.013207660270008148e+01
6.510066126990966495e+01
-8.686470827546034457e+01
-1.686611607858381774e+02
-5.220458616436098964e+01
-8.750785134511902186e+01
9.001228034954672808e+01
-2.799023384877553866e+01
-5.480122547273533939e+01
-7.732281643675801774e+01
1.327953858819736688e+01
2.112061286971185581e+01
-4.742795452632464048e+01
-3.843725679156283492e-01
-3.909806117986658336e+01
-8.655653124066569148e+01
1.253923342525322084e+02
-1.621578956070146305e+01
4.774165760798980074e+01
8.713917312955020478e+00
3.600139490035957124e+00
-7.324255884293252450e+01
-2.293729993099375974e+01
-2.201594254208634993e+02
-1.246053468361812833e+02
2.042078683334702873e+02
-4.716174527637436853e+01
3.309752032174125702e+01
-1.290682436142211031e+02
3.679368430770177412e+01
3.376637003553553740e+01
-7.829146183942238224e+01
1.094642522715549831e+02
3.324116899155640681e+01
-1.580270735555272381e+02
-7.743151830728949392e+01
-4.312995767883858633e+01
-8.366223413961766653e+01
5.356324854766968713e+01
1.882801329130300303e+02
-1.262958300293536773e+01
-1.293521618461667089e+01
-7.753946744555278769e+01
-1.296081519845637899e+02
3.532644554263952585e+01
-2.724516987653353439e+01
9.738249479274618636e+01
2.870248900374759415e+01
8.278772330465821483e+01
7.856729555400031018e+01
-5.041887453973938449e+00
7.277756966353929613e+01
-2.851255480852556801e+01
-4.465324801213915151e+01
-3.885764747041374534e+01
-6.796374434791857766e+01
-5.964596567018113404e+01
-1.731531399094920687e+02
-3.838675184229963833e+01
9.950535369886236481e+01
-4.707862773146236179e+01
-8.639597214218310839e+00
4.813480414657050943e+01
-5.532914092679140339e+01
-1.239633798880342042e+01
9.665129041024791423e-01
6.576608116027887263e+01
-1.799357618194385111e+01
1.160275660929580965e+02
-4.448617862505789589e+01
7.590167005657910693e+01
3.517366930017769988e+01
2.496296310246878924e+00
-5.579568583999382270e+00
5.703868119590141816e+01
7.595717174538975769e+01
7.628170156163579918e+01
-1.494765195383093470e+01
7.304475342034203322e+01
-3.327336947966345804e+01
1.460276187436748216e+02
-7.080919775193265764e+01
2.951373976524209652e+01
-7.365422281913809854e+01
3.293791052382550788e+01
-4.862677891684066367e+01
7.269593170158150031e+01
-3.745718939953209059e+01
6.869738804821068356e+01
5.528057389249074305e+01
1.393928983122301446e+01
-1.121751881264608031e+01
-8.570257073122856184e+01
-2.252505183524108112e+00
-3.834424832554687157e+01
-1.053670424587338346e+02
2.265780401534999555e+01
1.270292154981465842e+02
-1.175923495265657692e+02
-5.636745307393057658e+01
3.586417189847735898e+01
-1.312077309154464047e+02
1.220433814096095801e+02
-1.670545709790903857e+02
3.287761707513839582e+01
3.706942870603270990e+01
8.482858175759488972e+01
1.014635203880300054e+02
5.718614830899415580e+01
4.325542212735945213e+01
-2.443931583326225265e+01
4.908805701763573381e+01
-2.263716121288442551e+01
1.421008805783810942e+02
1.290641964217930138e+02
7.961779458612065241e+01
1.471996592104341346e+02
1.640228437306265263e+01
-9.345318154896919971e-01
4.368499959738144156e+01
-5.918452258958546253e+01
1.102237275275577275e+02
-4.055963738066600044e+00
-1.061842682110863336e+02
-2.321734762870445223e+01
4.223314136119239492e+01
1.287643334879990853e+01
1.517537183527303739e+02
-7.666176009834308047e+01
4.397040450277572177e+01
4.504527015868629292e+01
-7.340585453002128702e+01
-1.865961974502871499e+02
-6.434346043738527499e+01
9.139946837248093914e+01
-4.057085230848810653e+01
-3.517899207738719269e+01
-1.367754011507583414e+02
-3.373046157157126146e+01
-8.264318988235777397e+01
5.398875704701517009e+01
-2.276342798574834347e+01
1.691322447281218615e+02
-1.640367111977569436e+01
1.549256015364428549e+02
-2.197408710927062803e+00
3.602145046376372761e+01
2.543720517662881946e+02
9.046615277390058907e+01
-9.197479608682505159e+01
1.041232334414224425e+02
3.960273829048172445e+01
4.388169056205862262e+01
1.095653071577433479e+02
-6.074311532756770049e+01
-4.283377167909889494e+01
