2.334302797048381706e+01
7.603567950433576073e+01
8.382621930080286177e+01
-2.831960173327437857e+01
3.021177896208184777e+01
-1.624260688094387461e+01
4.051419260456965787e+01
2.857569288494997295e+01
-1.042408929670336306e+02
-3.173795117484422690e+01
-8.003664248159844874e+01
1.715997936766540874e+02
1.751698757021730302e+01
-7.794619110902396564e+00
-3.882035423344355252e+01
-1.456753280914938102e+02
3.335441843373870086e+01
3.918854877452036334e+01
3.019490278833903574e+01
2.551075192328020691e+01
3.268828078989181307e+01
1.011914744268329258e+01
6.289856143887462281e+01
1.365311914122321184e+02
5.040665373486279321e+01
6.833469719566689093e+01
-9.442235310361836298e+01
5.363608569577331053e+01
8.112584709276752903e+01
-4.009139597254765874e+00
2.170851029600433080e+01
-6.940235817493541504e+01
-5.055288782239922796e+01
-6.979197035316206055e+00
3.809878936383065628e+00
-7.520202623875611891e+01
-1.381357070592884639e+01
1.551879272136891430e+01
5.425951905345608139e+01
5.745712811772435202e+01
-1.301922107338270393e+02
1.192756947542725356e+02
1.023284806352514380e+02
-3.232958983815265697e+01
1.033424963174378490e+02
2.265724462400437744e+01
-1.275369862640198448e+02
1.226528034345189582e+02
-1.087839530166272510e+02
-4.656775701725513983e+01
-3.237749658029548527e+01
-8.842008864459440076e+01
-3.446472726636568495e+01
3.081529317519915878e+01
-9.415286306322329324e+01
-9.432444575583035373e+01
-1.386364216662378013e+01
-3.111734107746232425e+01
9.240624616115992751e+01
-4.968548045131651492e+01
2.327634703352033441e+01
6.846484181978762962e+00
-1.402876426974047206e+02
1.724553076441887640e+02
-1.428449575801238609e+02
-4.102006858668957534e+01
8.386468196336687697e+01
-3.392932864316049013e+00
9.339054568922975363e+01
6.413414286557194544e+01
5.252323332932056132e+01
-1.299708493390063495e+02
-8.294584306239362093e+01
-5.414559631027777442e+01
-2.328730992122758181e+01
5.644609102178301185e+01
-8.739796296574331791e+01
1.587129835635406394e+01
-7.692417484155990337e+01
9.708604107307229469e+01
1.296712443616881387e+02
1.392389544840150108e+02
-8.018581004694743797e+01
1.864128788352388710e+01
7.023387930638924104e+01
-7.047928846857894314e+01
-4.012196781228696096e+01
-2.453300111162636199e+01
-8.451009310490191240e+01
-2.542601997468932495e+01
2.348195573956288484e+01
-1.353353796683442170e+02
2.909020081673093117e+01
1.381908172954259157e+02
-2.369189839515428275e+01
-1.709885474812311372e+02
1.730581937515370612e+02
2.586308324718775609e+01
1.101130992523723373e+00
-5.257063112064632548e+01
7.904140416931893753e+01
3.280629715118469392e+01
8.668786319584992839e+01
1.020583364493412546e+02
1.660498234054183797e+01
-1.021573520462153652e+02
1.953782887223053422e+01
-5.068586725712974328e+01
2.575892437613870243e+02
-6.717815003451119082e+01
1.723257090797212356e+02
2.430060633548632154e+01
3.056803527857643132e+01
9.662139080322739915e+01
-4.516871302432824820e+01
5.252984717010188120e+01
7.079600930377611689e+01
-2.912717516358533842e+01
2.250445455472759093e+01
5.905781607604605910e+01
4.936733379280609313e+01
1.619130636362437592e+00
1.006049943901862918e+02
-7.047229297601204756e+00
-1.492888728418677147e+02
5.064366675487006830e+01
-5.973355286747993631e+01
7.008253056372075207e+01
-1.539854594725514936e+01
3.515985115292108532e+01
1.440137116178409826e+01
6.155253877452604172e+01
9.384646012274450300e+01
-1.239319161106244316e+01
4.341918259048003392e+01
-1.122609677489749345e+02
-7.260966266430041571e+01
5.487437109157317394e+01
-7.867723761023607487e+00
-4.007848210807532041e+01
3.343272941113271912e+01
-5.688842686057672182e+01
-9.804123369034114432e+01
6.270681027884387504e+01
-6.389919786732284024e+01
5.390397032349802231e+01
-3.682418643083030219e+01
6.621295826819796559e+01
-4.556916491416399317e+00
-4.480546612876917578e+01
-1.366373057309729404e+02
1.041310249348668577e+02
-1.015482163605116455e+02
-4.079971348391008945e+01
-2.543668276924229232e+01
-1.773478459075480771e+02
-5.683583529437053983e+01
-1.000292483608109109e+02
-2.697423263163618046e+01
-2.218990097706331710e+01
8.273940113802461838e+01
3.090624597197656698e+01
-4.853052174330727553e+01
9.034749104476293979e+00
1.444789770438848677e+02
4.505038013057315993e+01
2.018115770585838789e+02
6.023492414757404845e+01
-1.762786677975170164e+02
-1.022047082570164633e+02
-4.225240221560738973e+01
3.109036227272144792e+00
2.066571840085062206e+01
-9.137928966050094459e+01
-3.386876057103348359e+01
-2.141285206815707198e+01
1.441520710226214419e+02
1.262334702744810642e+02
-7.347834350845123197e+01
-8.037285662158753041e+01
-1.522278410458855262e+02
-1.193527938600955309e+02
1.938196164966043689e-01
-6.962226624817056120e+01
1.194968708323368389e+02
-3.788960150130705529e+01
5.393453459719768972e+01
-2.350307502256552894e+01
-2.214470116701402347e+01
-9.857051583079147861e+01
4.008052347118756842e+01
1.257283038393819297e+01
-1.852350654009387654e+01
2.463328271407305081e+01
-1.374000670384691603e+02
1.197069839781452885e+02
-1.397160024020836886e+02
-4.362338190979038188e+01
-4.250301182880541262e+01
2.859669943233524236e+01
-7.887861432111176896e+01
4.994811683262645374e+01
-2.371167504037428557e+02
-6.613713064128653230e+01
4.177589198942035864e+01
6.355899185256270556e+01
1.269086694137334774e+02
1.300168604733437121e+02
-1.356022118403831769e+02
9.160173988582258175e+00
-1.467919818206611353e+02
5.401134845310726007e+01
7.264888518678138496e+01
-2.752771728328845668e+01
9.841775152873665888e+01
-7.838768490605723116e+01
3.414269686822228778e+01
-4.605971486751096222e+01
6.980209643679394560e+01
6.581543833177376257e+01
-9.293862290829814299e+01
-2.501551512913079023e+01
-4.441818302526260709e+01
6.173306925309218229e+01
3.113017771416065216e+01
-9.326763954814788349e+01
-1.004949607945546859e+02
4.613204742038978878e+01
-6.672535268263128216e+01
2.894938758365986686e+01
-1.978777164616371920e+02
-7.889034535937217640e+01
-1.207551941436986738e+02
-1.551319732902471493e+01
8.087575594123734390e+01
8.146741042925614806e+01
-1.870280024888132786e+01
4.454218606853938667e+01
8.565382860164310941e+00
9.629872429777947218e+01
-9.296224150595018898e+01
-1.332271294575512854e+01
3.584038098005286344e+01
-1.171074508984909528e+02
9.662865918480974869e+01
-1.510311903556780919e+02
-6.839721935836047351e+01
-6.990453294064421641e+01
-6.851405505093317139e+00
4.031649566355864778e+01
2.034772423784232132e+01
-1.367001719203077812e+02
1.322152906189292878e+02
4.720312795174823606e+01
4.293257985885907146e+01
-1.346531298727363612e+01
-4.870106817170748315e+01
1.130975751675744050e+02
-2.709019571020806794e+01
1.590439788342028038e+01
-2.328281681548483917e+01
-1.193693087433779993e+02
7.376281551992219931e+01
3.096743397374860507e+01
-1.414536942731212399e+01
4.778389942008838887e+01
-3.326842080777466748e+01
2.558561114580497531e+01
-2.782066553901653805e+01
8.470756744550321571e+01
4.650134933638619827e+01
9.765303568434863735e+01
5.115755138817668524e+01
-6.315277879476900580e+01
-2.049036663774685252e+01
4.712788561265153220e+01
-1.556254023902027939e+01
-1.473194653861885399e+02
-6.869208330361627191e+01
3.183507436436400440e+01
-6.668472335980921173e+01
-6.714501430981989927e+01
4.977372768730861452e+01
-8.553013150763408134e+01
1.627036673925538537e+02
-1.162512702377108553e+01
4.974828143390332968e+01
8.307579821579371071e+01
-4.164366907121279837e+01
3.812005387127815226e+01
7.477285611887940320e+01
-1.139781879204106616e+02
5.363501477474850176e+00
-5.716099914498138190e+01
-9.220761228491177519e+01
-3.836566907155276596e+01
-3.804363527174624338e+00
1.969437257780247919e+01
-7.276279197132872412e+01
6.937902063539600306e+01
1.858953806545020271e+01
-3.959999848267144529e+01
-8.360791134735880092e+00
4.156459826991593332e+01
-1.164518868359432986e+02
6.997629090373227712e+01
3.082924938066543419e+01
-1.130435988995636905e+02
-1.565548380623913545e+02
-3.244702673596191289e+01
-2.786586566116956476e+01
-7.366723378488219964e+01
-8.151082961215601586e+01
7.431721626948365156e+01
5.477516820930372887e+01
-8.650018554302818075e+01
-1.052810576308408628e+02
-1.522547786601636766e+01
-1.077230014741917898e+02
-5.473394894500104613e+01
-1.254481925285239043e+02
4.813226233267709375e+00
-7.471084311654932719e+01
1.838559465221477396e+01
4.498577852360171647e+01
8.163856826200276373e+01
8.006032040480131684e+01
8.866426712914154962e+01
1.340206667480613056e+01
-9.289512705533989845e+01
8.057123485992640610e+01
-3.032682011189805404e+00
-1.053706849876681240e+01
-3.287269188649308660e+01
-4.188489027070579596e+01
-3.911982884169653829e+01
1.449129445438085817e+01
-4.788875938157363521e+01
-2.717102655187407123e+01
7.704362283535634504e+01
-5.122317102335987471e+01
2.249856672837969995e+01
8.241311621830405443e+01
4.082432429970864973e+01
-9.054451776751442083e+00
-7.633407135983323144e+01
-5.059253277738618948e+01
-5.678642994896751617e+01
8.742352906229393739e+01
-1.584472458084871960e+02
2.886405914440621245e+01
1.064616015067970238e+02
-1.843155589262128160e+02
-8.898580108405927547e+01
-1.048357335512605459e+02
-3.469985266066169061e+01
2.293783014158091760e+01
-8.631873108454217913e+01
-1.480445128229984952e+01
-3.793830731582322358e+01
3.191047438277199433e+01
-1.410859757590675940e+02
-1.270617305817567200e+01
1.071487532670863274e+01
2.220969494637632025e+01
9.624672072372304399e+01
1.978422244741917080e+00
1.037466860832900437e+02
4.596268194566238208e+01
3.751511843989143813e+01
5.492809887017311610e+01
-7.308268255447875106e+01
-3.103320057505761156e+02
-3.233141748721636333e+01
-1.528204328184657754e+02
-6.247508502661090546e+01
-3.431690446285014673e+01
-8.335769536802759205e+01
-1.189413843193414095e+02
1.541183375719329547e+02
-3.239916940562034853e+01
-3.208765096909779402e+01
6.257045889349321754e+01
-3.896807788938633621e+01
9.933970993099291036e+01
6.496901090999904227e+01
4.989682413168178954e+01
-8.087095940231280622e+01
-1.584653004780285812e+02
-2.946403786615737630e+01
-2.156192762251183126e+01
3.250571393052064195e+01
9.372943428216396455e+01
-1.201614183197243904e+02
-6.849790820395897128e+01
5.248599280730756789e+01
7.311580285447860206e+01
-1.539018604338409091e+02
-7.882183577327991486e+01
2.744933159985377458e+01
6.096427920601686701e+00
-2.074848917969851669e+01
-6.497735563393365510e+01
-6.856071911817831221e+01
9.167818811673916457e+01
-2.503279037528066020e+00
5.699172930368722945e+01
1.142659823269775217e+02
-1.623400149108572066e+02
2.024750629492541805e+02
-1.682579502187558091e+02
-1.110640371769189443e+02
-4.913569216512073723e+01
2.468848461439563380e+01
4.535170757569584055e+01
-1.029608356512206910e+02
1.373614594095937491e+02
1.476943099869314722e+02
-1.395702980724756337e+01
-1.679815812796146801e+01
9.504757777966369758e+01
-7.007877295322876421e+01
-1.706602888646088445e+01
3.923013075009705375e+01
1.006763483749858068e+02
2.988630775937836503e+01
8.967793864671213555e+01
3.198156844983783387e+01
-7.912121141261750701e+00
-3.327932066533746536e+01
-1.559579217304742826e+02
1.085827117495128817e+02
8.230510847086105741e+01
-1.698145745250226355e+02
-6.417506545993337852e+01
6.351250913730551417e+01
-4.093586670510075720e+01
1.351638136968005313e+02
3.188419569448206303e+01
-7.608691510805419966e+01
-7.097963334676597924e+01
-1.349886798848156104e+02
4.689252858561413007e+01
-1.188611839788894002e+02
-2.745578134566200035e+01
-1.347110005379795616e+01
-7.579235435843796154e+01
3.692291890668087717e+01
-9.015302172625997912e+01
1.774347952690525858e+02
5.443424813648302774e+01
-1.756600388422800734e+02
1.146760218328346923e+02
1.095902474608853794e+02
-5.494482515251548449e+01
2.295354431177329388e+02
-7.991012302126161160e+01
1.892829926357503822e+01
-4.688514916638550289e+01
-1.528355714403080015e+02
5.593108019753525184e+01
8.322729727376956532e+01
-1.084789041595386472e+01
9.429616450186879106e+00
9.694640889849691234e+01
1.937248262370280116e+01
1.395368510322722422e+01
3.284219198842189513e+01
-1.472986025562873067e+02
-2.270044787091226368e+01
3.872753157541160007e+00
6.261380626422678120e+01
1.273138526516409286e+01
2.638633631677013813e+00
-6.522463236371521589e+01
-5.725541436187733524e+01
2.328031287953563400e+00
-1.239850332035168989e+01
-2.059222501314262033e+01
-1.028430506392327892e+01
-3.904168627218327003e+01
7.160982749096478983e+01
-3.885550635548768383e+01
8.893851009400323804e+00
-1.914100804847601580e+02
-9.065761144172230956e+01
-5.357984995938604555e+01
6.598481635248355737e+00
-1.026410930896861089e+02
8.142000437715907424e+00
-5.674139738935360811e+01
3.315237829427281468e+01
1.159349877478187523e+02
-1.232103209848001057e+02
1.594757844450715538e+02
-9.998736118451670762e+00
4.223989289241654177e+00
2.105255950118318253e+01
-1.105205756803197090e+02
3.136418783666069743e+01
7.938412114424795618e+01
5.870923727280097637e+01
9.227021117242333759e+00
7.453611287800880802e+01
-1.584271888336558476e+01
-4.994701823539330121e+01
-4.566469643130278655e+01
1.094411206547427753e+02
-9.534771579798973562e+01
4.742207019128023404e+01
-1.019813610904937491e+02
7.396685416948510294e+01
-3.583908196564770776e+01
-2.734098660724192342e+01
3.526388590162783032e+01
2.350386239298478230e+01
-6.687354237431836168e+01
-1.412199344273357156e+02
-9.018456461184615591e+01
-3.737807046947705203e+01
-9.737337536246414516e+01
1.280626110909504121e+02
1.098913980063413760e+02
-4.192244619245282244e-01
-8.787599787993625000e+01
3.056915870204462138e+01
-9.793916993230206458e+01
2.818999284323641419e+01
-7.409542778110384198e+00
-4.288385378394426084e+01
1.320545645002973174e+02
-4.065905820591588338e+01
-1.478413865292125138e+02
9.323433847308506017e+01
-2.047806861911669074e+01
-1.388632278847696000e+01
8.738694484753835923e+01
1.464405867334382627e+01
9.947931448418601974e+01
6.023994827019075160e+01
1.544029451547949634e+02
-5.650936951136871045e+01
1.765220807047423346e+00
-5.736898198403807925e+01
5.665892117720345311e+01
2.615437243198747908e+01
-2.064948458235328701e+02
1.539466715032837669e+02
-7.721250198863674363e+00
1.440410547674253223e+02
-5.653251221854600317e+01
1.523641707314874623e+02
-6.543375060726566517e+01
-1.525063545450066016e+01
1.116259784666998200e+02
-7.532222555905063643e+01
9.868663947364390765e+01
-8.080657606424652784e+01
3.039898338978479586e+01
7.839179896399225811e+01
1.037546554043318849e+02
-1.780293531068864183e+02
-1.029704606008713910e+02
-4.946143407949828941e+01
-1.038059367067324956e+02
3.137424897132379265e+00
3.758869140183362134e+01
-1.441920265938484746e+01
-3.524123814019523593e+01
-2.680881035795128042e+01
-1.059299672732654471e+02
1.687871196166049259e+01
-7.262010564118014599e+01
5.898087059151132650e+01
2.483023042318012230e+01
-7.594046393214942725e+01
-3.605732637875144064e+01
1.939674360056710896e+02
-3.301055801051312244e+01
-2.210796029387477972e+02
-1.308121183736414253e+02
1.747599359560620957e+00
1.003071727245119007e+02
6.234627619562318301e+01
-3.632419170229032090e+01
8.077837494244747063e+00
-2.043015195155461150e+00
-2.834380638666081609e+02
1.554110846672887760e+02
-1.032448674107469060e+02
5.142253572006539741e+01
-6.846181486494137403e+01
-6.483346756062471172e+01
-2.085008297110513453e+01
1.129973411539611305e+02
1.267315242643835482e+01
1.080555682547916376e+02
5.977622341632491754e+01
-9.985737895402643005e+01
7.977367915307371327e+00
-5.291140763168638017e+01
3.632575107325299513e+01
1.832580182908533084e-02
-6.161997859267921740e+01
5.481739211895694552e+01
-4.865689091527283239e+00
6.260899169176634871e+01
-7.941729740989850939e+01
-4.441904003590787653e+01
-5.055170489882742757e+00
-2.630652815756636542e+01
-6.908435585741585783e+01
-6.153747854406762485e+01
1.799292509503772663e+01
1.906937876675479870e+01
-2.655178223251540004e+01
-1.068636915448427374e+02
-8.000808801346627774e+01
1.419520684898685943e+02
1.165393528735793041e+02
1.006610829560538605e+02
5.094427030461734063e+01
5.144505025485351979e+01
-6.906799750680822569e+01
9.122002590431645785e+01
5.821055806624451634e+01
1.487167380041273645e+02
1.035987731240198997e+02
1.512477039943589716e+02
1.964801031446196689e+01
2.626284505431176441e+01
4.482353409852808568e+01
1.065799297011192159e+01
-2.929471456703303289e+01
1.541356887836741691e+02
2.252070449098548579e+02
5.933021785477496479e+01
-4.488455712525629338e+01
9.756524629168686147e+01
1.084111685486778214e+02
-4.077145927447810436e+01
-6.179834459478866648e+01
2.116828098641253675e+01
-1.615625912210961133e+02
2.628917824158326155e+01
5.713427217974886929e+01
7.895678590196696156e+00
2.547156057308826149e+01
-1.534374163383869849e+01
-2.824659548634545558e+01
2.353893749254015688e+01
-5.915173057930573464e+01
-4.170356840649080965e+01
-4.636786352725870586e+01
1.138897857012265291e+02
-4.555958108270423423e+01
1.177567301513300180e+02
2.997436479354726302e+01
-6.029824228536237030e+01
-1.879104000501797955e+01
9.372005101137281713e+01
2.114474004320862264e+02
-3.075524504511382418e+01
1.401440736103806906e+01
-1.110693257929677742e+02
-4.774373739320891730e+01
-2.226198008155528640e+01
-5.089736935709908749e+01
-1.166954590928901183e+02
8.761578881709650091e+01
-9.056717980244814115e+00
-7.420445100083121304e+00
6.380940108590604609e+01
1.025678786401377778e+02
-3.590235964855323658e+01
-7.823080325334733232e+01
3.443292987471146205e+00
2.412189471172418109e+01
-1.453027389853562212e+01
6.651051650591442410e+01
-8.071870970641663590e+00
1.614049887324655970e+02
1.355364355250631263e+02
2.989386806786025730e+01
6.337417871341621378e+01
-7.972273962418012161e+01
3.022201854698875323e+01
6.490962285018854061e+01
-7.124926436551059794e+01
-3.912015901104214777e+01
-8.964923067660381939e-01
-1.397949077921704486e+02
2.804885680592222652e+00
2.106860621723881621e+01
2.697824909112252101e+01
-1.368376425470684410e+02
-8.090820464554841607e+00
-3.120255802661188937e+01
-2.676409779020873714e+01
-2.199172919758092348e+01
-2.591815478488684210e+00
-9.468199356485634155e+01
4.223194554056050265e+00
7.785538074051895130e+00
1.346492013120349327e+02
1.705856697106105813e+01
1.092687143336819418e+02
8.775451121844527336e+01
-2.617501270579062123e+01
-6.824186936627641842e+01
-7.637241825124992545e+01
1.061748513773483005e+01
-2.041372823330329567e+01
9.644977439220046023e+00
3.843548562546519776e+01
8.579586132158466683e+01
-1.025611573509291219e+02
1.146930110343764042e+01
-4.470196490942133494e+01
-5.183242129158186273e+00
-1.881843246053259833e+01
-2.943865119128427743e+00
7.259665858625483281e+01
-9.122215035454267706e+00
-2.834551636926116203e+01
1.866209473058882296e+01
-1.235433379207302380e+02
-2.829669589183719580e+01
-7.036014299048490273e+01
5.254789839487247605e+01
-7.144680000442282619e+01
6.272085969078905698e+00
1.098415476564549778e+02
8.424639040054265138e+01
2.252764491606709107e-01
3.533799804221122542e+01
-6.869346702078563283e+01
-9.287124917350536180e+01
9.019953652602237071e+01
9.367623328040481567e+01
-6.322823936958921820e+01
-5.458936846314269786e+01
1.065323407592419755e+02
3.154660978918311542e+01
1.033746296708860939e+02
-3.582657585178355930e+01
-1.850918585279055435e+02
-1.324098856379869460e+01
2.746874662416269075e+01
-9.581857891843289110e+01
4.977966064996585516e+01
3.143482302307197784e+01
1.422255447196806699e+02
-3.258984983147477266e+01
1.319893607140914185e+02
-1.774979782536541109e+02
-1.221545794250773014e+02
-2.162189130425147354e+01
4.446713637438531919e+01
3.303291821501825609e+01
-1.266097005803685107e+02
-2.264169242070086341e+01
1.750141198848699844e+02
1.665624195659137570e+02
-4.070436162506990740e+01
-8.608771657668020794e+01
-7.088239591185793387e+00
-1.467092204097851038e+02
-6.769094415032760992e+01
-2.888112860130991777e+01
-9.022557582048298741e+01
-1.079800286572187815e+02
9.201415911926656577e+01
5.999656476285915829e+01
3.514552586098623976e+01
-7.180798222377319462e+01
-9.923191040513231087e+01
1.406697451970659607e+01
2.297726989159063180e+02
4.242046583175929086e+00
-1.185536137174210722e+02
-1.015241107192927217e+02
-1.049047702741735044e+01
-9.584622727617097837e+01
1.030489230832147740e+02
-9.457399477745452643e+00
-3.734476718164362108e+00
3.285130229433467974e+01
8.734227634752066649e+01
5.556025483751357541e+01
-8.708762539411915782e+01
5.147064043182903781e+00
2.272626771862237405e+01
-7.292574696148233215e+01
6.120589555592072628e+01
-1.110770690030505818e+02
6.956052374303922647e+01
1.572262599687421103e+00
1.430209771201729119e+01
-6.689633291633556667e+01
1.136284034792309257e+02
6.331351508546675433e+01
1.202271331618543115e+02
2.440110709802400280e+01
4.591986091351112265e+01
-7.379632302167257762e+01
-5.264393121219036686e+01
1.018191539842097626e+02
4.409246690350590825e+01
-2.230804769287721001e+02
-1.341934475741772417e+02
6.887624866086193265e+01
-5.904147296268992307e+01
5.233590177359717188e+01
5.820851160388905043e+01
-1.225971294112665966e+01
2.161858101858374539e+02
1.224138091219363673e+02
-2.193410880286355180e+01
-1.644006280661407260e+01
-1.029402353048083540e+02
-2.613396684390464486e+01
-1.004563881679312054e+01
5.157023031201202201e+01
-6.846458777374799354e+01
-7.861478328570989049e+01
4.116267759324318831e+01
-1.774547767347615590e+01
-7.190776936463591085e+01
1.223990327055591223e+02
-1.003119472103247602e+02
-1.755666744614313757e+02
2.626306493858276170e+01
1.926478798656719391e+02
1.974315820960154895e+02
5.440595002177774919e-01
2.048564366927457741e+02
-7.289667623845583933e+01
1.891369476537447554e+02
-1.755867056612124486e+02
7.558318685027977324e+01
-5.919012438626760542e+01
1.925828740021349716e+01
-3.373895060611153518e+00
1.991249275617740722e+01
8.791737315380318307e+01
-1.974953220618126295e+02
9.786941247487250450e+01
-1.430584582916867760e+02
-4.857561081111487766e+01
9.642355917871252302e+01
-7.705397036343583750e+01
-1.050473521273684412e+02
-8.370674126847497121e+00
-1.678318705491002447e+02
8.208272948136153602e+00
-4.258618608375098091e+01
-1.596619579101389341e+01
-5.655953819182862929e+01
1.143261022453861955e+02
-7.317294489181072947e+01
-9.472358669386836993e+01
-7.974496382475088296e+01
6.061608375938730120e+01
5.304177158451341256e+01
7.364173100582978293e+01
-5.312567236523997138e+01
1.161916587044266862e+02
-4.041495644384266939e+01
-5.659396721536538166e+01
5.906274446452383842e+01
4.337138487938294595e-01
1.064477729287653887e+02
1.067961605608195015e+02
-1.156043156837429535e+02
-9.161014492307049295e+01
2.279745401572704111e+01
1.399590813934706546e+01
6.765380276248873770e+01
-1.823086103181254600e+02
1.256251327626422523e+02
7.072679693095633979e+01
1.162265368480785099e+02
-1.163627960505715038e+02
-7.636111590369972646e+01
-6.522020563722476538e+01
-1.475752038132523580e+02
-6.814548713216117903e+01
-1.007424106666052097e+02
1.463340470255167531e+02
9.398710315020257156e+01
-1.606064918931852503e+02
-1.035284098470025924e+02
-8.887177390486947104e+01
6.058491963216307674e+00
1.119282358648953277e+02
-4.858691363310828848e+01
1.534110919546506224e+01
6.378714026864852826e+01
8.394810254727666177e+01
-2.566526346554483951e+01
8.313214159447935003e+01
4.955847577948826022e+00
-2.013651651170686563e+01
4.705127306657461617e+01
-1.033730871141028445e+02
-7.341523277471168285e+01
2.970987123200556468e+01
7.777482759718735394e+01
-5.042676386406937183e+01
-1.020644325935226391e+02
-1.057116113458986462e+02
5.972931055657186050e+01
3.094924221721277569e+00
-3.921194074222879067e+01
1.082835734254347955e+02
9.116653946409741138e+01
-4.535874136616806140e+01
-7.013098745787117139e+01
-8.660270411509976896e+01
-5.020662847177253418e+00
-5.040480533950977815e+01
5.818885780343619274e+01
1.112379127831217289e+02
2.385613628551920939e+01
-6.000254094343788580e+01
-8.413795144630002198e+01
2.249255205923565981e+01
-1.583686060554106056e+01
-2.739948237124701080e+01
-1.646584517590974528e+01
-3.245724023896630683e+01
-5.327105197933324376e+01
1.409231178427647251e+02
1.009209762039095466e+02
-5.194155941199601045e+01
5.267907920326743465e+01
4.369959479890699328e+00
7.290763290979732858e+01
5.503405931904378434e+01
3.601772874115754064e+01
5.976113754590719651e+01
-3.647960945851388459e+01
-3.896740988328454058e+00
1.193574117607221012e+02
1.280951068137213724e+02
-9.002604292558716281e+01
3.458919865573880514e+01
-1.492260928193235543e+02
1.228997722208283676e+02
1.580810559921284835e+02
1.363446271975243178e+02
4.304036520033907465e+01
1.717047603782499152e+02
2.448570929263751594e+01
-1.371512332914048500e+02
5.012849062087627061e+01
-1.162134606222101212e+02
-8.910504261088040323e+01
2.030037266600113810e+01
-4.375255521276632464e+01
2.846583475618897552e+01
-1.507484934711862401e+01
5.279301117293530154e+01
2.837030214873506395e+01
-1.068767207411649451e+02
-5.870293675736864003e+00
7.103928981360078865e+01
-8.993165917185696401e+01
-1.145788371329205262e+02
-4.695327434497458796e+01
-6.143641595157430402e+01
-4.681089599347930630e+01
-1.598223293043261073e+01
4.615437534721957036e+01
-3.923258783144872552e+01
-1.440164118373292013e+02
-1.267580485643824488e+02
-3.850531923704026971e-01
1.815233704880421897e+02
1.738367797176658769e+02
-8.602225460952871572e+01
-9.221090435933665219e+01
-7.741347876489936830e+00
2.097711551177901868e+01
6.853752587582674494e+01
-1.593979586312787511e+01
-5.746373894822877304e+01
-1.571088920104606075e+02
3.410044667056793877e+00
7.827382814585070570e+00
1.008800829878056149e+01
9.106433510402773379e+01
9.186963838548454930e+01
9.418972844862932448e+01
4.549897387247178671e+01
3.440915120712425335e+00
1.883677882142846727e+01
8.628180083632629760e+01
2.025463013955653224e+01
