-2.016611163923418530e+02
1.702572253291434379e+02
-4.575464270245863929e+01
-6.829577508840219480e+01
-1.523733895043113407e-01
2.007279972386858802e+01
5.921266970749127978e+01
-1.336897572525936262e+01
-1.323351763842349627e+01
-8.459458261784787680e+01
2.468940794647624557e+02
9.686524748071107638e+01
-5.130149417738713424e+01
-1.226640494014800566e+02
-1.221137759996570971e+01
1.274087915028673024e+02
6.745146879646783589e+01
-1.882446224010336095e+02
1.003510372865285660e+02
1.614898193608189914e+01
-1.694829959471996617e+01
-2.120896658147316884e+02
-1.630928653387589975e+02
-4.540340642799740323e+01
7.315611355512665170e+01
-1.054806903567555487e+01
7.231028337716641374e+01
-3.262785075107915844e+01
1.354510172767749907e+02
-5.173055027370482861e+01
1.512519265919516442e+02
6.992191273273255092e+01
-6.039857593680350689e+00
-1.027894331047649672e+02
1.350321964018892800e+02
1.254558498196676197e+02
-1.786134103155369246e+01
-6.442874485077203417e+01
-4.676472777152431703e+00
2.434623674543977145e+01
-4.446594445534131523e+00
2.268893156445915338e+01
-1.027952052720633844e+02
2.958506635545082375e+01
-8.251502716972349560e+01
2.798572451536860939e+01
-1.202254183030881904e+02
1.662039201458472348e+01
9.485819061684789233e+01
1.019059283903605859e+02
7.127916749398114860e+01
-1.125668015430942717e+02
1.184024809768781665e+02
3.783596466022437710e+01
-2.095847676635171908e+01
6.707794930737145478e+01
-3.310758051837079385e+00
-3.392840498305208286e+01
1.881369763996464144e+02
-1.732078409972737276e+01
-3.312608388811514715e+01
-6.067504733937423111e+01
-1.067440510813540655e+01
5.264974664550440053e+01
9.900362982739912354e+01
1.826044322263875017e+02
3.471965173074152489e+01
-3.337757071338732118e+00
-3.668171093811314165e+01
5.137893135950371004e+01
1.712979194924606361e+02
-7.146979432422517675e+01
1.000519066606617145e+02
3.931866921663976910e+01
7.141381944904493295e+00
4.777834948006905336e+01
7.244502618576037278e+00
1.033423657602765218e+02
-7.332673512075938049e+01
-9.508151848207869250e+01
-5.646105183436163344e+01
-5.433183527884553143e+01
-2.587087741698973531e+01
9.043126606987264893e+01
-1.878194532915969361e+01
3.392407302503788458e+01
9.338039121270432119e+00
2.046654667796150662e+01
5.276866169132437534e+01
3.817470092304292706e+01
-4.437632585700553989e+01
-8.753262110890150893e+01
3.054411825754356755e+02
-5.390207343225447545e+01
-9.599897695221945071e+01
-2.175401698177314245e+02
9.577428477697129239e+00
3.764435021770559331e+01
7.659584703846518039e+01
-1.238285201781423162e+01
-1.537263983870681727e+02
-1.140173537880012020e+02
2.703803756727039342e+01
-1.762407112481763818e+02
3.934726784624152884e+01
5.372272501632237152e+01
-8.669853322689903052e+01
-2.483301777022899159e+01
-1.305540145843540643e+02
-4.550650915858656731e+01
1.118778505538888908e+02
8.850983377464935131e+01
8.891833671898505997e+01
-3.412120543739597167e+01
4.279338027112559928e+01
-1.858363261589685180e+02
-1.250214685612702255e+02
-8.806959397521281119e+01
5.015010226925163295e+01
4.681737609745833595e+01
-5.108405088346389533e+01
-7.844129531409767253e+01
6.277890290467653500e+01
1.459397783509892008e+02
1.140247589971064457e+02
-1.232299888959604317e+02
7.496256316229634820e+01
-3.210360090782983633e+01
1.401830853951709344e+01
4.394567859302047452e+01
-2.213537314163965419e+01
1.798644329083516880e+02
1.090205154132891181e+02
-6.612086643296126454e+01
2.941044287980732861e+02
1.563993670960096551e+02
-1.517253933891986719e+02
9.594602720904164528e+01
-1.669372366618672388e+01
-8.186790690642929746e+01
-1.283911412212465848e+02
-5.044705115689512098e+01
-9.121800844316003065e+01
1.765280310161683985e+02
-6.888147273179255592e+01
-3.476586161371579209e+01
-2.650037431399823262e+01
1.018925071504772433e+02
4.893739394191632641e+01
-6.191521043289363746e+01
-1.306000862075640327e+02
3.267475047231509677e+01
8.807050362926490550e+01
5.378675846887382761e+01
4.049774617888818540e+01
1.438012015518782789e+02
-4.209917141654694461e+01
5.639003056097050859e+01
-4.547795835677167275e+00
5.741415267895697383e+01
-3.444272601473994655e+01
-9.693795994777360647e+01
-6.548768210836394488e+00
-1.505171098640730918e+02
-3.085912955100254251e+01
-2.971914295972100106e+00
-6.148827278713074662e+01
6.498086155739812853e+01
3.465902169434427194e+00
-4.567747117140150692e+01
-2.549807749080738972e+01
-4.412437232794337660e+01
1.625849489328522566e+02
9.367526428403809291e+01
-1.154215975355390924e+02
1.947985368292989961e+02
-2.931111554718922463e+01
-9.202435355440776732e+01
-1.733857160674377269e+02
-2.595811712765274493e+01
-5.032203712690007791e+01
2.836785523452552837e+01
2.705350191893247569e+01
5.593037768974307511e+01
-2.929994982249757030e+01
-1.513830831756243924e+02
1.357744261491194777e+02
2.833771064089761182e+01
-1.413382811160888366e+02
-1.796360766790817536e+02
1.140951835477823266e+02
8.158091624379542495e+00
-8.415851828500663601e+00
3.692877141186585987e+01
1.090607946756241802e+02
6.677163657003972297e+00
-8.677824455170575391e+01
-1.040370197762111388e+02
-1.799623820354937465e+01
-1.108225122296804344e+01
-1.053187156090190371e+02
2.317551260767984616e+02
-6.315587927202744822e+01
3.452750098835428361e+01
-9.174491271807821136e+01
7.380395237965093713e+01
-1.401831871647320327e+01
-1.017090419761123599e+02
-1.127412367501680137e+02
3.599018153308424672e+01
2.326567130160440655e+01
6.400247378511281227e+01
5.034430599652028349e+01
-5.806811681179166840e+01
1.742279038623873078e+01
-5.271042267188874586e-01
4.855955959499220853e+01
3.627861673395503317e+01
-1.651129356469055551e+02
1.132058300679586154e+02
1.144749376776283185e+02
1.210554146712566848e+02
1.621023446031924209e+02
1.601803194023856403e-01
5.444413179547233028e+01
-7.857254158407765487e+01
-1.495835594369519299e+02
3.943174549241230409e+01
-6.577030591622263955e+01
-3.234647201862711796e+01
-5.591059380774532173e+01
9.092827957255990157e+01
2.005456996343478959e+00
1.294880861374387280e+02
1.483850020552289948e+02
-6.885395938875778654e+01
1.031827286805785207e+02
-7.424931450739100214e+00
-1.439185340459071369e+02
6.493832886399557580e+00
-5.546498553695045963e+00
3.552790018378471615e+01
-2.396571250926834651e+00
-6.913099066009499438e+01
1.399936556247310477e+02
4.868507929345238949e+01
1.215715246192675210e+02
-8.913358674895883382e+01
3.189847581321002679e+01
2.965523224885380227e+00
2.525592065975181555e+01
-8.127724978730564942e+01
-1.069503220534906340e+01
4.561339334742564944e+01
1.686299701518014160e+01
2.013015882659952283e+01
1.032365930434585550e+02
-6.312370763424205933e+01
1.213050827982676338e+02
1.484401212375884711e+02
1.316567416153060606e+02
9.240013660810511453e+00
5.907729974645370419e+01
4.882279961521793865e+01
1.106342683464199155e+02
1.264331929566553470e+02
-2.987199359014580669e+00
7.885825181858608346e+01
2.984081577871208424e+01
8.538516747712202459e+01
1.853608719436105901e+01
-8.564356357451234203e+01
2.502486213182523045e+01
1.039050901105922975e+02
-5.785057443652637943e+01
5.534069293718820148e+01
-1.325416906995750708e+02
-2.236003334491521954e+01
9.732742924871395473e+01
1.064358399277867306e+01
1.619947865809957079e+02
2.849439458871198738e+01
8.931659875999718778e+00
-5.341032652767779609e+01
-7.988448060244350302e+01
-4.640191656753745519e+01
-1.478717285342036902e+01
-1.318414628908917052e+02
9.222576677940934076e+01
-3.877054462324129247e+01
-2.778266439595279991e+01
-4.417703547221086779e+01
7.997898964712364034e+01
1.067973928757214708e+02
-1.463220173063670586e+02
1.448455777356834062e+02
-7.721622107999380091e+01
-8.247848910280649193e+01
3.696712263032367218e+01
9.978734675738401450e+01
1.031187811715676474e+02
-6.637965756453205302e+01
8.667432657058721190e+01
3.355081397698042167e+01
-1.504150231712507662e+02
2.213074514812673854e+01
2.054427286036914211e+02
-6.841051655644197638e+01
2.241764305090970311e+01
1.082625713752510066e+01
-3.551611168275388764e+01
-6.308703577653874106e+01
7.602516313449216057e+01
-2.015471983055437022e+02
4.286603594342935253e+01
5.376086865174791996e+01
-5.998597927918124517e-01
-2.401755226053236569e+01
-2.740969264675422679e+01
-4.288838623564029007e+01
-1.631466712065454772e+01
8.419495480056680137e+00
-8.470455007721403717e+01
6.871875085548077777e+01
5.530421868337239033e+01
-1.435015715445921671e+02
-1.287760129046767474e+02
2.772364762178283826e+01
1.518315706890744252e+02
-6.748911754728274559e+01
7.338601835314487687e+01
-6.099061686253696735e+01
-1.124987681795107903e+02
5.239820742399441400e+01
2.160146872055260658e+01
1.760720308791972855e+02
-1.538349672278408775e+01
1.652058196277887134e+02
-6.744616148707471837e+01
-3.372739743496265419e+01
1.368821413019050794e+02
3.449973092575422129e+01
-2.190876374101215518e+01
3.545641559137942522e+01
4.179047451292746018e+01
-1.260780510003506549e+02
6.608862437009818791e+01
4.992646313747763465e+00
-7.500526871739968726e+01
1.255013534152810166e+02
-9.823391112712646134e+01
7.032849744045600460e+01
-3.014920748775988457e+01
3.346817502661422594e+01
-2.283919111362070353e+01
4.405276337207855164e+01
-1.188733449590480546e+02
4.947179360373271884e+00
8.813856979056433616e+00
-6.558335366027304758e+01
-1.152796838740092511e+02
2.118563205289464335e+01
-7.242875693390638503e+01
2.053145035625156112e+01
2.837174838544976296e+01
6.795631132563413779e+00
5.010813474511876819e+01
-3.022890625318028768e+00
1.295015070631964136e+02
3.754841468387188286e+01
3.835452448559480132e+01
-1.030058818829329539e+02
1.509821087117573200e+02
-2.211080231446509359e+01
-2.418346740307022458e+01
1.315804103476064313e+02
7.558777014467645472e+01
1.492477922190434469e+01
-4.882618058783144477e+00
9.041680984409160260e+01
4.398344393156728671e+01
9.036311290120117690e+01
9.510745212759937894e-01
-8.677821631120012924e+00
6.619232569648900721e+01
1.609975180479704306e+02
9.877972683169002721e+01
-8.572886089564454082e+00
1.103402640550428657e+02
8.779454444914414069e+01
-1.655060214026200072e+01
6.125399702480330433e+01
-4.080285191188846738e+01
-7.352975259263877206e+01
2.320895571241097599e+01
-8.861780002546211676e+01
7.044678242983577476e-01
1.797651490933066531e+00
-8.686575695555106336e+01
2.801429230133199866e+01
-1.471773516451697716e+01
-3.105665845898867161e+01
-1.717304550906634830e+01
-5.703139808192705118e+01
1.121092882653309033e+02
8.861723872032794702e+01
-2.162861124295337589e+01
1.945438782935594446e+01
7.101932917030097769e+01
-1.210601623116287584e+02
4.881224103840614248e+01
-2.684022686365142363e+02
3.142065267761348224e+01
1.131013138522558314e+01
-2.962259418241901798e+01
-1.355531284892341093e+00
9.055013573014687012e+00
1.023552740772683762e+02
-1.166602086902825874e+02
4.792528306206948940e+01
2.154481597650563174e+01
-6.612844702818769349e+01
-1.096595378241257208e+02
2.427227268211798972e+01
-9.341675041939832624e+01
9.455268734233680306e+00
2.507790306792881907e+01
2.396824597200572100e+02
1.182806812140406407e+02
8.089301937536502862e+01
5.365591913752349740e+01
-2.465165152295767470e+01
-2.426917003305863574e+01
-5.300622646749287270e+01
-1.021874947479819724e+02
2.966388428272169975e+01
4.561772520475491177e+01
-4.999378212142620015e+00
-1.252196064104652180e+02
4.312898844902390039e+01
5.959884985514911193e+01
-1.192928816133859584e+02
-5.660507460664096158e+00
1.347801996061421050e+02
-1.332366494703380511e+02
2.528553373562872650e+02
-9.329849389628941836e+00
7.490464583872915583e+00
3.031597093985143943e+01
1.561277624877175185e+02
7.654098217695644735e+01
2.958922036831956603e+01
5.419155393839057666e+01
6.509527710956025004e+00
-1.771314843109209747e+01
-8.938138239312830535e+01
-5.326251919917913114e+01
-1.024830296435734738e+02
8.673939991538212269e+01
7.061981105990864194e+01
4.790418696384207031e+00
-5.863423054827777037e+01
-1.389540642341926713e+01
-5.701575036633993676e+00
2.374745976687043481e+01
-5.813398539749865535e+01
1.497678223125260288e+01
-9.998820657247101451e+01
-3.210164194724993081e+01
1.231311922941956709e+02
2.442570706671432745e+01
-1.740510893147718150e+02
-9.112620741512084521e+01
-5.539489871406105692e+01
9.059397020541035772e+01
-4.383386858621411619e+01
9.358579384783094213e+01
-5.700948852337766937e+01
-6.510872104363525814e+00
7.038925993565883665e+00
-8.185925435297885144e+01
6.240589376528991039e+01
4.997709597812578863e+01
9.857588642800125456e+01
1.418392241126000641e+01
8.311743402752816223e+01
-1.154952290922630986e+01
1.388505892659579217e+02
1.454797512033628095e+02
-4.264304183015211969e+00
-8.881441425674890411e+01
1.225943878721211888e+02
-3.962488456012580684e+01
-7.178682609669588999e+01
-5.110590399491936608e+01
-1.484351803409426793e+02
-1.145013464511743564e+02
5.926282675124907229e+01
2.043635783010704756e+02
4.624564449952006107e-01
-6.347100723043527637e+01
-3.368148541514221961e+01
-4.904825601379503297e+01
5.529060600071386489e+01
1.882617209349233534e+01
1.203361320126844305e+02
2.346855384965448721e+01
2.214875271246373956e+01
-7.193109356484714567e+01
3.398823677483921557e+01
5.237915118546263926e+01
-3.169834942785600163e+01
1.010326073608005686e+02
7.701796624658951096e+00
2.115157352005956071e+01
-4.241942055799608369e+00
4.774907441198489266e+01
-1.691735015731772478e+02
1.296181873764572856e+02
7.520739871428747847e+01
1.316209472731019900e+02
-5.492005411694808004e+01
6.040456009325806974e+01
8.591608470166156053e+01
-7.206539332445626655e+01
-3.709602882594855799e+01
-1.007890788587527311e+02
-5.173493875743754700e+01
5.670848355299149546e+01
9.196603998418369486e+01
-2.690738487150159131e+01
1.439635145726985677e+01
-9.098817973969258333e+01
-9.532549743911845042e+01
-3.627865627832343876e+01
7.812451263446709504e+01
-4.810346934286290121e+01
-1.106124904948538585e+02
-7.406945377912454376e+01
2.799874638359516155e+01
4.392414188621293647e+01
-6.043938938674406103e+01
-5.248075773218599238e+01
-1.865483693821550304e+01
1.066864276686629580e+02
-7.060766747637406127e+01
2.038296448144461692e+02
-6.786241490609175742e+01
-4.157694644182131327e+01
3.307454688942014442e+00
7.320546697269222136e+01
1.199940002632037661e+01
-1.252634577022046969e+01
5.930449648124328377e+01
-1.542947113483646149e+02
7.600089354186923885e+00
-6.115282545368357603e+01
-1.209882975683607924e+02
9.311352397316537122e+01
8.765086474744515499e+01
1.408929855270415885e+02
4.197390359963325324e+01
-9.694842789662093452e+00
1.991509112732133602e+01
3.107203353310188731e+01
1.549173281347038085e+02
6.232481005357409032e+01
-6.098631677080248181e+01
8.934665138410633745e+01
-5.430120379076942783e+01
8.393768478732850724e+01
-1.068850767672215198e+02
4.781545650429634087e+00
-4.290127633480157954e+01
9.341963958700590709e+00
-1.352807265763446196e+02
5.386644546661499078e+01
-3.783717019361542366e+00
-5.819213293564030209e+01
-4.348259036702339131e+01
-6.998843780361932332e+00
4.675964688415990622e+01
-8.084501128703482919e-01
1.546652438397996150e+02
3.202864087407265714e+01
-1.783613773979937278e+01
-8.824001104354574920e+01
5.285168457399174002e+01
-1.177124570211421783e+01
-5.654988862373249248e+01
-6.575097398691433170e+01
3.452160322464905562e+01
-1.978249141939816980e+02
9.304115357778943007e+01
9.635407580720696785e+01
2.243271455685386684e+01
-1.047766854735020416e+02
5.041124006085190246e+01
1.115931544893574454e+02
8.127966629661859344e+00
1.219483155069235814e+01
1.206253244606928803e+02
3.394143283193775318e+01
-1.993937067496242221e+01
-7.066165138278915947e+01
-1.873302853667921042e+01
-8.066411865575257423e+01
1.138055049501408860e+02
-2.417171218211740324e+01
2.626306284240084210e+01
7.223601567109248833e+01
1.117646642970212767e+01
-3.443146303245725193e+01
1.100247441387779901e+02
-4.033489912672517619e+01
2.575270322190886532e+02
-5.438980927904048457e+01
-4.201224420285591776e+01
-6.120676537258626837e+01
-8.892281676669838930e+01
6.299096262813677782e+01
-8.228090273809573318e+01
8.089581666117256376e+00
-2.315662957662622290e+01
3.940406090624805557e+01
5.734257046002635860e+01
3.332818033125917623e+01
1.910768592499333920e+02
2.481581898430948456e+02
-7.769913444251872647e+01
-8.405850221102371123e+00
3.118406185483059900e+01
1.061958353752642950e+02
-5.129586007852228136e+01
8.154897037282097472e+01
-8.591385148220730628e+01
9.648381343044657399e+01
9.696738579421815274e+00
-1.609914525652397117e+02
-6.257414192664440122e+01
3.173364672379608731e+00
-1.118989970329056405e+02
-8.331158662843310481e+01
-1.031361720528337571e+02
2.044273468858970588e+01
6.001401683564390765e+01
-8.042826927381921109e+01
-1.512188555608627212e+02
-6.621038619169058848e+01
-2.057267626282119579e+02
6.630336067650779341e+01
-1.463941322325893282e+02
1.757464135347043452e+02
2.042089604223723143e+01
1.410617951396804699e+02
-7.728331328795471222e+01
-4.431121418533353307e+01
-8.306731699645149547e+01
-1.595449049038793135e+02
5.253401484403464394e+01
1.223113558261216696e+02
3.004913008590010293e+01
-1.130675451178089475e+02
-8.207831005389162726e+01
-4.590297445871611615e+01
-7.525259475981033574e+01
-1.527856556631819274e+01
6.840858528550641893e+01
-4.732518266241270766e+01
-1.029391468187242538e+02
-1.910343720071272244e+01
-2.984401645017139160e+01
6.675162909752334883e+01
-1.156521313659150962e+02
-1.047208500815835492e+02
5.660015939004916419e+01
-2.065482343422790734e+01
7.931446382978394638e+01
4.661652968691984000e+01
-5.856188361130401887e+01
-7.604820302344342053e+01
-4.192349671659037824e+01
4.319446255633700105e+00
7.986798026420649421e+01
-3.302640894214134981e+00
1.003857091531722006e+02
-1.059627330302777608e+02
-8.683676310080481642e+01
2.140916503810268878e+01
-2.155467467732777820e+01
-1.055645957086597519e+02
-1.026880468088939153e+02
-9.402776215827273631e+01
-8.744495888727392696e+01
8.010031621459386031e+01
7.330168053365737180e+00
-1.136399067655998749e+02
-5.874353100459957489e+01
-5.877463695653988651e+01
-1.264996208183914916e+02
1.257026363910469691e+01
-1.977396347362075346e+01
-6.077143028310663553e+00
3.163146358104371103e+01
-9.988572057061936960e+01
4.104646807809904097e+00
-2.408695041844944029e+01
-1.084553667986164527e+02
3.418139279225425931e+00
-1.126040715890089103e+02
-9.705556176787139577e+01
-1.003337646603040838e+02
9.022718131788631979e+01
3.760897952288073753e+01
-8.234494705282536131e+01
-3.336456654252498044e+00
1.325752159222776925e+02
-5.153148770537517009e+01
-5.580371803259795094e+00
4.373073155527234235e+01
-1.100542408499924534e+02
1.732257040526553737e+01
-1.489833880627102474e+02
3.685396561213747901e+01
-2.382350940163021846e+01
5.679822524628045244e+01
1.783398963224571077e+01
-6.205737307827940441e+01
9.374275793609255913e+01
9.346341601543123545e+01
-5.913837748225348889e+01
4.105604474805856086e+01
-2.936100157280995404e+01
9.979953775865292087e+00
-2.321977411846766017e+02
-5.610235548490109636e+01
-5.647218466053949015e+01
-2.959061541179200105e+01
-7.495503472923056165e+01
-1.540806354210784264e+02
-1.989595131318493415e+01
2.520239564090321096e+02
2.622816604983603952e+02
-1.355227109720560179e+02
-2.604356781846064806e+01
1.208611165629076822e+01
-1.191618033549952429e+02
3.185367698126852609e+00
-5.975334192029473712e+01
8.898487184389668414e+01
3.346886374992479318e+01
1.896449837538445848e+01
2.558340633075613368e+01
-1.015585709484191312e+01
-1.155598151906191333e+02
-7.625719485313746304e+01
4.326017221614326047e+01
-1.042806138356237966e+02
-4.718579703738109288e+01
-6.538787349856623798e+00
-1.127951312002054607e+02
-7.917498324387203468e+01
-9.490850950645924655e+00
-4.055372030483508183e+01
1.118383066174532132e+02
-5.196305414747418894e+01
-7.215213050484268820e+01
1.607588317035572061e+02
-4.375470878961314014e+01
-8.082637451776552950e+01
1.466442540447430360e+02
-2.165187560448006465e+01
-3.741932711359137897e+01
8.423445376231331050e-01
-1.327298885591308952e+01
7.496526519679882483e+00
1.142979264727291451e+02
-2.282049485490437490e+01
-6.825258368281123467e+01
1.323831962912174021e+01
-2.127131672627079695e+02
1.817940450040396740e+02
-1.257580168375004632e+02
-1.199246287915800337e+02
8.084643879247079212e+01
8.384370430606068680e+00
-5.443804006906524506e+01
-4.529648317043013606e+01
-1.090197871440618229e+02
-1.213380900711232755e+02
8.430353953220271990e+01
-1.154266358001765553e+02
8.450074259455030301e+01
-4.114314307730693088e+01
5.000720257837907923e+01
1.269378971398887330e+02
1.975907008984682633e+01
3.108516813576303761e+01
-1.256955501314281776e+02
2.028006093354043315e+01
1.124978297110474017e+02
-6.436427726768080504e+01
2.498570360971159587e-01
6.121235234088112520e+01
-3.023073100927465973e+01
-1.210290221170954936e+02
-8.897014912377294138e+00
-7.486899696465646059e+01
-1.082948269957800136e+02
6.319430933226227864e+01
2.785434913144753555e+00
-4.178491186446132133e+01
4.552866825018033126e+01
-1.866130414669822244e+02
-2.065974935994122461e+02
1.697952479218861299e+02
-8.003445837532339624e+01
-4.908205293866894436e+01
1.286791458978443643e+02
-1.047187561160896507e+02
7.373070415692087920e+01
1.771800127976328554e+02
1.135374366144789171e+01
-1.350230016816850025e+02
-1.472593845774915735e+02
1.617309688123192188e+02
-2.019685979347413820e+02
1.015428436432705297e+02
-1.326383437582383635e+02
7.961022205871825008e+01
-9.577690010047568592e+01
1.517398430017868804e+02
-8.658594923893417672e+01
-1.053411845920407330e+02
-2.602728622567610373e+01
-5.490032447433616625e+01
-1.391323253973012868e+02
-6.160115416719181525e+01
1.159226785940757765e+01
-3.790196161932455254e+01
-2.193070834108139522e+01
-1.256950997169022486e+02
6.912840078981196257e+01
1.811486839182939832e+02
1.164673624278276236e+02
-2.949344902707107607e+01
4.503113948319793991e+01
2.204860036162786230e+01
-2.372175478045448038e+00
-1.671130927566445337e+02
6.517239739479324889e+00
1.802343930298979213e+00
-2.887517936969864607e+01
-4.450282498335325698e+01
-1.500688067980964036e+01
-9.347275175241271938e+01
-8.782633020077896902e+01
9.447352058404039354e+00
7.954903635734054035e+01
-4.358477815171846714e+01
-2.362531755496124575e+01
3.961973751082864936e+01
-8.698730691350220923e+01
5.318919819274798044e+01
1.589974022458812541e+01
1.977582747495666382e+01
2.638651645522409694e+02
-2.681559115371786106e+02
-1.329668680500674611e+02
-4.136195350668013049e+01
2.982335101593863769e+01
6.060086470820954929e+01
9.776454357825581098e+01
3.126410447614324895e+01
1.295652746057374713e+02
2.518173742675381988e+01
-6.227139344907132568e+01
-9.937229221042113636e+01
-2.502306581243731287e+01
-6.419321112155969900e+01
5.223665713283628520e+01
8.188300294132082513e+01
8.098989258832341775e+00
4.984799159805658064e+01
-1.200690298198970885e+00
-1.603726180810399171e+02
-9.152770830264765678e+00
4.745921624301664110e+01
4.204072530742995895e+01
-1.359478865004668968e+01
-1.433097995544708283e+02
1.407433317907085524e+01
6.492421837919442851e+01
-4.959984971068077897e+01
1.640089343540765014e+02
2.043524680609516864e+01
1.082997978327431809e+02
-3.650548504593148724e+00
4.288577518935417743e+01
-1.721263980301122274e+02
-3.411755179515902370e+01
-5.800887467495055461e+00
6.766245805723550610e+00
1.171309522430536276e+01
2.616223754917189126e+01
1.110468545531743843e+02
-1.495629136794669733e+01
9.913629391953681136e+01
7.340122465972444843e+01
-3.088367742476967948e+01
-7.787442469028403025e+01
-7.343713767477494514e+01
4.156123307138956591e+01
-4.874858168422547067e+01
-2.538831697837930079e+01
1.462252949254305179e+02
1.888444227121865140e+02
-6.552813231596402943e+01
-1.326513995453975951e+02
1.522680700277496442e+02
-6.614992676614288314e+01
-4.565217632136285886e+01
1.171797422039807941e+02
-5.190352911207686049e+01
-8.879707880062940717e+01
-4.574480699392757543e+01
1.250582965734321022e+02
-5.083304713333760105e+01
1.014090189193212979e+02
1.126367454958458296e+02
8.187695576551030285e+01
2.041223311591917522e+01
-1.115945014800545181e+02
5.571395480874910078e+01
9.660530271413723824e+01
-3.618559683198103016e+01
5.269900420067811098e+01
2.309229315050768605e+01
-7.311273817481496629e+00
5.337149844357380601e+01
-1.246107524432725313e+02
-3.158744437472622479e+01
1.231982644447275632e+01
1.106359107232902375e+02
4.053038900655494103e+01
-4.475685852450727964e+01
8.624814794860446909e+01
-1.850418256896097446e+01
-4.603376597335762099e+00
9.377788294168813366e+01
4.944490266357399122e+01
1.404787648349673361e+02
2.255181933320722862e+02
7.664561974432210434e+01
-7.309137849973302536e+01
-5.433434073568289335e+01
-3.731070485110558721e+00
-3.390070868741346111e+00
1.544837274284746798e+02
2.204029156514109786e+02
-1.115315420166648579e+02
5.891456121787759059e+01
1.656230648115267456e+02
3.548831368238534179e-01
7.020985338788138108e+01
-1.235835390665384779e+02
-4.468282553930252021e+01
1.401184758651913853e+02
2.377307340308652073e+01
-7.790048688946974664e+01
-1.643540153559201400e+01
-1.047892822273981039e+02
-3.844172614108647412e+00
-5.225731216775147203e+01
-2.342113595160169481e+00
-8.596882950820922531e+01
2.180602596303182139e+01
-1.344644463962125940e+02
-2.191948630754661309e+01
-6.065834103056359083e+01
-1.715619973145377841e+01
4.274814327400489056e+00
-3.064832013915066256e+01
1.892239508617126091e+02
-4.637910528865318582e+01
-2.770159245329201525e+01
-1.276677057352021905e+01
1.840904729731945366e+01
-3.085855108336284403e+01
5.348894750005277388e+01
1.099205364697679528e+02
3.474290254052670690e+01
-7.803473763332500823e+01
-4.699255199029694552e+01
-9.934680042780740905e+01
-1.637285782391940643e+02
-1.916691903648803361e+02
-6.477362793966602794e+01
1.103481265001633993e+01
-5.701272989140118597e+01
