5.245306114447417789e-01
-7.827323827865852479e+01
-6.918721419331775735e+01
-3.251097211414290911e+01
-1.314107429532910043e+00
-6.025582121369017585e+01
9.243595820595081136e+01
-7.125128370856577931e+01
-9.535307792276984173e+01
1.096659772510416175e+01
-8.660927347604946647e+01
1.329821216275806819e+02
3.655268495858219069e+01
2.798392405981535802e+01
6.374128640354794584e+01
-2.962369075526837925e+00
-6.640632863181892276e+01
1.474246781163374749e+02
-6.458162451180841401e+01
8.152762685170759482e+01
5.654647589233612592e+01
-3.316599254926310181e+01
9.347128690367654258e+01
1.838506679201442182e+02
1.726050392823727861e+02
3.842754619204237798e+01
-1.215788998857140797e+02
-8.130273331726229458e+01
6.763653437549545799e+01
5.258540171305221378e+01
-1.250449053348012640e+01
1.693678572110903247e+01
1.214080197274561925e+02
1.963191430667456814e+02
-5.962342080344746620e+01
-1.184368231744949753e+02
7.214053743495796311e+01
-4.089134799747886717e+01
1.635335568297358009e+02
-1.123299619584289957e+02
-2.912142133729832238e+01
-3.500464766679290562e+01
-8.123181736080436366e+00
-1.254825837855512560e+02
-1.275273710139654213e+02
2.787974161016817831e+00
-3.124077103307541847e+02
-1.764851551437289956e+01
-3.005929785509171026e+01
-8.763362505069814290e+01
9.941122387374495872e+01
6.310526915893833078e+00
9.363206717048569772e+01
1.348621614819104479e+02
-2.750844673406992058e+01
3.663164952590793177e+01
-5.394668316551078391e+01
1.143860435467174739e+02
1.547058133040835592e+01
1.047317415148493609e+02
-2.097620635352988643e+02
-3.466065132492117584e+01
-6.556153294306332668e+01
-3.327385574890156761e+01
1.834367476436555222e+01
1.261871521572357580e+02
-1.994023932787893472e+01
1.195488958466035427e+02
9.480292211056782037e+01
-1.368168292433071827e+02
5.075622477178454162e-02
-1.427809856212348905e+02
6.339167864107470507e+01
1.416676691451469026e+02
-3.087385213110693272e+01
1.037588886085178501e+02
2.555267443122233573e+01
-1.906419439629950716e+02
1.414001001653862133e+01
6.205015119080670161e+01
4.843167267286511191e+01
-2.400660040149872643e+01
-1.941267578142182231e+02
8.795737134091217513e+01
1.025019193332893686e+01
-1.262241944832513667e+02
3.549875409020530981e+01
-8.928566588154460248e+00
-5.594222668837876000e+01
-8.156459358516420366e+01
1.769894241392970002e+02
-1.153150288281577787e+02
6.802534723394643379e+01
2.881846330520735933e+01
-6.443053336550308074e+01
-5.061571348346047472e+01
2.570742530663044434e+01
-9.156106489269797066e+01
-1.267335353333581160e+00
1.475150330071184044e+02
-3.044302133860981030e+01
-5.857358423855701268e+00
-3.554792043429667103e+01
1.236906435804586692e+02
6.852756160563649246e+01
-1.253709871759628847e+01
-9.433544543195785081e+01
-5.847527740572135713e+01
3.472959143639211987e+01
-1.977091989328095849e+02
-4.453061063081678839e+01
5.418905683096457437e+01
-1.013155876539562144e+02
4.064181939517974484e+01
-8.880266038140146634e+01
1.120254951342486294e+02
-1.246871155798008033e+02
4.467282337648469159e+00
7.010062475411886851e+01
-7.309916847416627661e+01
9.391023170171561674e+01
-2.096308115698163306e+02
1.714398766966089127e+01
1.215349449586807395e+02
6.999491912608073463e+00
2.388598912038524702e+00
1.254137437080293296e+02
6.949683581548767108e+01
-1.070213747592580589e+01
1.334100970295314426e+02
-1.353934552743864117e+02
-8.219080077018784891e+01
-2.104980104236660452e+02
-2.298383429649272358e+01
-1.548278963919384132e+01
9.632976673621240593e+01
-2.433665883197311430e+01
-4.576270392817314558e+01
2.236073447050811680e+01
-1.035912864360027754e+02
9.977141772219855653e+00
5.137010030466609578e+01
1.137061489633996558e+02
-3.618569481598858317e+01
9.015025943627652794e+01
-2.523404999593153661e+02
-1.363327708434668182e+02
8.939348231818802049e+01
7.309550676222495724e+01
4.549466156511236647e+01
4.415805230532116710e+00
3.980756775777604162e+01
5.855172150822943422e+01
1.284949430714318730e+01
2.448171861666969207e+01
8.552721833357270498e+01
-1.144577527029593114e+02
-3.742307577979922684e+01
7.095247789883534040e+01
-3.045727256405800176e+01
-9.768431930695442134e+01
-1.209320593686072840e+02
-1.790689401742307041e+02
1.054458233958623197e+02
-3.046491138263469978e+01
-7.104276417027043067e+01
-4.058713403941620612e+01
-1.769036131908713685e+02
-6.159877694929927827e+01
1.126868218640793202e+02
4.764251476755055137e+01
-1.739903490282750056e+02
-1.794188661145340546e+01
-1.246858136712306298e+01
2.337957193576299275e+01
7.805451073606238310e+01
9.214966972018149249e+01
9.612475559458466989e+00
-9.615594622565940597e+01
8.753114741412882438e+01
1.005452007353788133e+02
-8.108570513999791274e+01
1.466459332783604168e+02
-7.779238266102515809e+01
6.944662930803177403e+01
7.582445002036008930e+01
8.304786819858965430e+01
9.504845103621484270e+01
-5.397714385964454209e+01
-6.148602842986151273e+01
-2.987061218219724523e+01
-1.322520730069184083e+02
-1.312670609096354823e+01
-8.262433343832962862e+01
6.898911197550957297e+01
-8.772185617534647761e+00
-1.702938742030239041e+02
6.268039657151639688e+01
-1.470571442067917758e+02
-1.757414938589725040e+01
-8.176571157024677916e+01
-5.752021394885613148e+01
-4.357866022904072878e+01
6.308940930385963597e+00
-1.777907915299947206e+02
6.531153926631704110e+01
7.188075134148665768e+01
3.077872845100971233e+01
-5.703342632625571440e+01
2.542302592899874725e+01
7.086568198762761028e+01
7.053666893745810285e+01
8.858052991103507168e+01
-2.707363844906824824e+01
1.161014637875635174e+02
-4.413364425721925244e+01
1.958461928276176138e+02
1.309576806367457777e+02
-1.093058604709362811e+02
-9.569394004693745615e+01
-5.909684190743125498e+01
-7.080766537424126739e+01
4.451932010025247877e+01
8.427427880486928302e+01
-3.096967184564542919e+01
9.708223797366247965e+00
-1.542880537105912140e+02
3.916088539118522505e+01
-2.033891698045993337e+02
3.286964559985149492e+01
8.827815989706795108e+01
-1.262975618908266711e+02
6.513257295057799467e+01
-1.038259795142528574e+01
-6.153093552689900037e+01
1.302543877718094620e+02
-4.799788689362363669e+01
-8.656646435133052364e+01
5.306282960393355097e+01
1.247152168272014023e+02
-1.736304066006503035e+02
3.989950238656462034e+01
1.700949180577926825e+02
-2.136971595468631051e+02
-9.338265123879205820e-01
1.384647166089835935e+02
1.102340236518300145e+02
9.193525129890435466e+00
-9.215633359853347528e+00
-2.794104545999430655e+01
-1.678388852459540317e+02
4.950329892325456171e+01
1.048193220958308558e+01
-2.171748364685543891e+02
-2.284007181290019872e+01
1.753238166938056253e+01
2.036368003386103709e+01
5.097365830526525343e+01
1.036146822831090617e+02
2.942059728326066192e+01
1.904071893108776976e+02
-2.594441197521461628e+00
-1.448322850830072923e+02
1.102585605104777784e+02
3.061357116783706900e+01
-1.224419214350702845e+02
3.243006691837662459e+01
1.794542154907278757e+02
4.916437583235293829e+01
-1.132763903583807519e+02
5.477083603734042327e+01
-4.734042530648707725e+01
-2.669046061195205084e+02
-3.911334779424687014e+01
-1.611331572216676307e+02
5.266479640991531852e+01
-9.810524954098197270e+01
-9.582775027839353754e+01
2.871951813211252613e+01
9.462270389029939111e+01
-3.384435854879166783e+01
-4.777915903023772870e+01
1.235374039998497508e+01
1.498742018107993772e+02
2.967860012242319812e+01
-3.864233057161260376e+01
-4.171453335377947980e+01
-1.226179514296018880e+02
-1.076197352552382398e+02
-7.895450988785698598e+01
-9.486559533948855005e+01
3.179395101681171809e+01
5.888148733286373471e+01
1.198312953447001519e+02
5.018880398501745077e+01
-2.685097935515390688e+01
2.688740744044658371e+01
9.780472390402398730e+01
4.312335486075255631e+01
-1.212556875559887004e+02
-7.647595057578834599e+01
-5.301941021492875450e+01
-8.686762927328517492e+01
1.486862499610330701e+02
2.320620807874267939e+02
-8.650801147671363367e+01
-9.575393346317513021e+01
-4.064333767194494129e+01
-3.926650369131429841e+01
1.000555222221153713e+02
-7.898758751740722950e+00
1.655831870932721586e+02
1.528032168039834993e+01
-1.330778421122233794e+02
-3.326019838207616175e+01
-3.827291239460750205e+01
-4.251601268278743362e+01
-1.371795276070972420e+02
-9.949029903618696835e+01
-1.366823677153241761e+02
5.548017314161204894e+01
5.116945368062876298e+01
-3.083844477231216530e+01
-1.284654646042788784e+02
8.018484221141220303e+01
-9.047094848707741832e+00
5.958119196867770029e+01
-1.607301134882944780e+02
-4.052171245098951857e+01
-9.567851752124914810e+01
-1.148889018721551736e+01
5.277761870492696517e+01
7.917173896393802579e+01
-9.003097886350259671e+01
-8.318925073208760068e+01
2.912867554192530051e+01
6.322192627177143720e+01
-1.777974251824714713e+02
-7.796024384175751720e+01
1.154356987072184779e+02
-5.206010881292920800e+01
4.688911362785648151e+01
-1.583830077930097957e+01
-7.811267104757283164e+01
1.762204736100589457e+02
-6.325357470219358902e+01
-5.566988710099044368e+01
1.279651592771376869e+02
-9.320296677604352453e+01
1.477569364855328971e+01
-5.325217146169609350e+01
4.263198229278042817e+01
-5.490153811015190399e+01
-1.146021548044310236e+02
-3.702159610343826301e+01
1.469975510534080172e+02
5.818193365476801659e+01
-3.817997806699543872e+01
-2.871155256591307037e+01
1.211941638922389757e+02
-5.072597967359556037e+01
1.923935794507680797e+01
-7.192152139270406508e+01
1.022505421305898778e+02
1.128373416347237423e+02
-6.212045876531153965e+01
-5.357225431867146881e+01
1.086809341920246084e+02
9.012314836721412803e+01
8.730752524804798043e+01
-4.500424936323579317e+01
6.070392212485082695e+01
-1.790647778212548360e+02
8.017455248523733147e+00
3.951515499914194152e+01
3.241604315726085872e+01
-1.811191486961822648e+02
4.911277065674048714e+01
3.898133836477308023e+01
2.840121790144624470e+01
-2.270982707850675197e+01
-9.977913689960969634e+01
9.137147875226099814e+01
-2.059032314067598790e+01
4.825678788341737580e+00
-2.078630652664881211e+02
3.162361834837001950e+01
-3.026253403464947311e+01
1.784531866616312357e+02
2.641231264863332839e+01
-1.506178847733414905e+01
-1.031395821050931971e+02
4.813997307739253984e+01
-4.141649759455171420e+01
1.326726414447506954e+02
-6.840750990457646452e+00
-8.691799165383355330e+01
-4.383954027288078237e+01
-1.181296248824312300e+02
-7.793018169696073016e+01
-1.157231949125050008e+01
6.097781904781624007e+01
-2.251365670902646343e+01
-7.548352366611690911e+01
-1.075148725371763732e+02
-9.496788480878474559e+01
-9.908643640363892757e+01
1.768291654668791324e+01
2.960294516893919692e+01
-7.523600493195144168e+01
8.854977577472760686e+01
9.438697522322766531e+01
-4.151852406534159456e+01
1.688788409115191413e+01
6.218361724737193441e+01
-9.301098449254563150e+01
1.568058421617942599e+02
9.818095484213361601e+01
5.236019638151221400e+00
4.667861698113818392e+01
5.100300155256841350e+01
1.280944135072524404e+01
8.041006223896513916e+01
-5.618553116683188620e+01
8.680815016140385865e+01
-8.933192765316360351e+01
-3.781602083232748157e+01
7.919625676673955184e+01
-5.272228372652354444e+00
8.121067213041888166e+00
1.422213573988847486e+02
4.670015826487063038e+00
6.156647003210113667e+01
-1.250948664954742995e+01
6.575315386527158523e+01
-9.949889670686903287e+01
-1.951186374014027791e+01
5.969314468308821375e+01
-2.477720312403762648e+01
-7.249765107358885530e+01
-2.840775460149293252e+01
-5.119972053858666072e+01
1.055321249791600877e+02
-2.373174385562468203e+01
-4.769777955857056639e+01
-5.783561205377300496e+01
1.605057055425596957e+02
2.773489634187312092e+01
3.864397064372148805e+01
-1.077426578350107604e+02
-8.023150235611117509e+00
1.302182897975221181e+02
-6.894837493580265431e+00
-3.140027467282349249e+01
1.343772884949584423e+01
-5.711179161206563215e+00
-1.700487862990650285e+02
2.924051879495619488e+01
-1.742332070399349107e+02
-1.160845295207203698e+01
1.980197183287332336e+02
9.426016539021163965e+01
-2.156370591341050691e+00
3.656372557215057384e+01
5.940203634781916975e+01
6.265802465756817696e+01
2.690382387988083046e+00
4.374516407473358015e+00
5.981885594084519653e+01
-9.345801418353391909e+01
-1.048368697161601233e+02
-6.104607923500580569e+01
8.095587330101393775e+01
-9.006427329447214447e+01
1.801221823123187704e+01
-9.006044106465143528e+00
-7.402665741734581673e+01
1.369836482820338119e+02
-3.155165686900949851e+01
2.445649832770087961e+00
-1.543397020712174026e+02
-1.242106877472233180e+02
3.026881445919331526e+01
-9.165853325169399568e+01
1.040485799460077629e+02
9.256545951902995739e+01
1.951296976555863125e+02
1.005410647548246743e+02
-1.398580089174154750e+01
9.377009749602294164e+01
-5.998501829463296353e+00
3.475998132050597889e+01
-5.190354755746444226e+01
-1.023996359725891665e+02
-1.268304079097922532e+00
-7.974288079472457014e+01
-6.827416503736587572e+01
1.828438662201289731e+02
-1.121946733178969424e+02
7.889971325738201813e+01
2.309301922417167674e+01
-9.352223497731639412e+00
1.808773436839195199e+02
1.143990058215661243e+01
5.522750092120112697e+01
3.289361837270396549e+00
8.437190223434482661e+00
2.222568277791681908e+02
-8.623417437116830797e+01
-7.764037178772579750e+01
1.180806230247439714e+02
1.497019475905491390e+02
-2.031455955879898170e+02
-1.001938628251500774e+02
8.568437941633443700e+01
-9.534142761575374436e+00
-1.305780784442555102e+02
-1.674984455865934407e+01
-3.495984325361994394e+01
5.053999850650074421e+01
-2.046079695319093048e+02
-2.726118400272762443e+01
-1.394735363918113933e+02
3.177988942295068497e+01
-9.758583436145993062e+01
-6.389169934167694009e+01
-1.145470833590948700e+01
-4.257537489818707144e+01
-8.547739427233896947e+01
-1.641325682839931517e+02
-1.673760288957143683e+00
-3.716446857128389070e+01
1.926056077063027061e+00
-1.499167029917218485e+01
6.051268085063917823e+01
2.107527803370530251e+01
-1.956862380776152577e+02
1.362627173932735047e+02
-3.005147670549888517e+01
-6.367236379814626446e+01
-5.356308802322261187e+01
1.618126147670886610e+02
3.583969285191402321e+01
-1.706144646077928826e+02
-5.390901164159559755e+01
-1.886540434186866833e+02
9.463910350038315933e-01
-1.531249340050845831e+01
-4.446694397750994909e+01
2.519371714587348094e+02
4.488569800103121565e+01
-5.693583020206568079e+01
6.373899374168758847e+00
-4.775065513276333462e+01
-6.381243515252821652e+01
2.148983302015572860e+01
6.832894383769847479e+01
-9.434253228696462656e+01
-8.845162133399671234e+01
-1.040784788623888488e+02
1.235244752027542603e+02
-4.165927156481981086e+01
-7.492606309692159527e+01
1.686460936785429965e+01
-2.134274185729777855e+02
1.483424102891975593e+01
1.114064869172240861e+02
-5.271121657897618462e+01
-7.526485337367928352e+00
-1.160461744732679001e+01
-5.153928311959572284e+01
5.074794907782474240e+01
-6.575584075291558861e+01
9.853101041678392846e+01
-1.402050039579749523e+02
-1.187774424045902464e+02
-5.567410256739199781e+01
1.400892615173818001e+02
-1.557303024460776157e+02
8.131349929241973484e+01
1.876243036371293726e+01
6.965934103180796910e+01
-9.661710298929817498e+01
5.793605472012808377e+01
-7.360486388963060733e+01
-4.404036117983266507e+01
4.267973225758953504e+01
3.294959497270265558e+01
-1.787177302215640111e+02
4.266493647493032881e+01
-3.005046087531800225e+01
-9.871258319702778294e+01
1.212936733249197943e+02
-8.183448815591422942e+01
-1.140457719650666206e+02
-1.042529053511731121e+02
8.349840207338512243e+01
1.419661809211018699e+01
-1.592407513104799577e+01
-7.309079877283400606e+01
-9.997914012529685124e+01
2.767364131898953872e+01
-1.746662106735017161e+01
-6.652259273540465756e+01
-1.660936005269790883e+02
-1.400919402670672866e+02
-3.280187608288259753e+02
-1.197858306309237086e+01
3.450449498012256555e+01
2.321746861928940930e+01
5.214530719295080985e+01
-3.256359801397947251e+01
-4.425127329087187888e+01
-5.737418963457949417e+01
-9.673745786676964542e+01
-1.185329125877523779e+02
1.077040814255600907e+02
-2.530422428236776966e+01
2.266895953765588274e+02
1.349601157662144146e+02
-2.437760035723291097e+01
6.062503471099255847e+01
2.511509371930010275e+02
-8.745903397571902360e+01
4.935864368754205600e+01
-1.116413027965279809e+02
6.408679547463176362e+00
-9.222281728740740903e+01
-1.570235620892479460e+02
6.494326646661600932e+01
-3.314780227233110566e+01
-7.627836727258568317e+00
1.821668626677577763e+01
-1.266711128226385057e+02
5.439471009831877524e+01
-5.375305618248294337e+01
-3.520538606358479683e+01
-1.081286692674083980e+02
-1.187092028781133166e+02
-1.127501724761429216e+02
1.408077549717926225e+01
1.088498586638282717e+01
3.636948298484803388e+01
-9.050308667893659731e+01
7.376763064693122374e+01
-1.558639680612829181e+02
-1.049264981386287872e+02
-1.570039326973770244e+00
2.070428982129598339e+01
1.308423965060766534e+02
-5.518553001702917271e+01
1.742062128494883950e+02
3.859441242863402266e+01
-5.078777314767853568e+01
4.689746026360349873e+01
-4.030186568095694355e+01
5.580219682762017186e+01
6.461488180629423539e+01
-5.844554979476413337e+01
5.459640950563837691e+01
1.160092948467661813e+02
4.381958011365116334e+01
-4.656122248080119164e+01
-1.209921830427541067e+02
-1.412118694828327214e+01
-1.130319739501843372e+02
7.647933637246536875e+01
1.862752726219504851e+01
1.859424464701546071e+02
2.955471366732777483e+01
-1.007860167241980207e+02
4.969091782675809554e+01
-2.874481479911800363e+01
1.485007122626846012e+02
-1.825073728376053737e+02
-8.184050035877865525e+01
1.252918644311086211e+02
1.182512530995405342e+01
-2.295389214781379508e+02
1.368440653044657296e+01
1.346678062038843109e+02
1.028314488749707039e+02
-1.135390296717748804e+01
-2.810916828520533173e+01
8.570996534494612717e+01
1.705417544428175347e+02
1.245858355319702611e+02
-1.315749216802130128e+01
9.740026682382615775e+01
-1.206184035383436139e+02
-3.190409694650464534e+00
9.183442008760509623e+01
-5.573027520028754367e+01
-1.063690225018345927e+02
-5.078965985283107898e+01
-1.004297145547529198e+02
-9.643006342890537042e+01
1.195171148207452916e+02
-1.050359891913831802e+02
-2.259544868119517673e+02
9.791653213729033212e+01
3.975863396438332131e+01
5.402397596420191661e+01
1.190605670186504916e+01
-1.229652040905863117e+02
-6.088977469965779221e+01
4.207574366668617927e+01
-1.915776102599262742e+01
4.687729721261998606e+01
-4.160842949741932806e+00
1.428179303564904785e+02
-9.101126574697613592e+01
-4.717602573753767814e+01
-5.867270233995864004e+01
2.016009456592996685e+02
-4.101523664471500297e+01
4.384262342626305298e+01
-1.616867648386720759e+02
-6.169282297092266276e+01
1.690483525534793330e+01
-4.896249198078206888e+01
2.071061797566807172e+01
-7.865148358556005803e+01
1.751597887389753510e+02
-4.298179727360827940e+01
-2.206746224221194907e+01
-1.727167520718279192e+01
2.282465683574466482e+02
-5.797673924081772157e+01
7.731478750339228156e+01
-5.404191368707319754e+01
7.885149474470934194e+01
3.241790103895490915e+01
-6.416249039449765235e+01
1.497240743580035485e+02
1.380861714438414367e+01
-9.538699764803982362e+01
-1.050180510004814316e+01
1.090406589724628503e+02
-1.755283618268597934e+02
1.373805920563359564e+02
2.758444366936846848e+01
-6.405486804260702627e+01
-7.475264958813860972e+01
-7.144268077427670960e+01
1.421846020506291666e+02
7.223041644088577584e+01
8.700312874353505777e+01
9.085762657027518685e+01
-1.469712086047168782e+02
1.448196206635489887e+02
7.177717759947233844e+01
-8.536571127219855271e+01
6.727677311782152003e+01
1.302868314127851477e+02
-6.240619968001473694e+01
-2.330087680937140604e+01
-3.273414192045187576e+01
-3.679054705488886157e+01
6.786316837228180532e+01
-3.989962164704371617e+01
-1.171861008348723310e+01
8.946265145621661929e+01
3.828386699652707392e+01
-6.432389121859812064e+01
8.827821586568386891e+00
-1.231779270818527863e+02
8.689949521155962486e+01
-1.909125902369099776e+02
-5.951042046199145830e+01
-3.846493205372528479e+01
-8.592150711487410319e+01
-3.897653243162784520e+01
-3.495350483850204881e+01
-6.617808023571276976e+01
-2.435104329708314594e+02
1.917432800757570632e+01
-7.274882995623713100e+01
6.437189221857315147e+01
-5.889369996996099133e+01
-9.675201279381023767e+01
1.201165157693449359e+01
-8.521645323078908518e+01
-1.160762148620114402e+02
7.837588557540779988e+00
-2.382170702610247304e+01
-1.031587266082443790e+02
2.709095443368753919e+01
-5.341358215268000720e+01
-2.085431742327899407e+00
-3.976969704486330670e+01
2.053997997816697207e+01
-9.260957380079881673e+00
4.299920493544590983e+01
1.125149316065532901e+02
-1.356828806189533054e+02
1.798679763389547759e+01
7.659595769499723872e+01
-1.269190946666947610e+02
-4.537419556368431728e+01
-3.717066706946272348e+01
-6.991125143938643305e+01
-2.483664841137118717e-01
-1.212601366581389328e+02
9.757907555490402274e+01
-1.057521668659834404e+02
1.317067784204464260e+02
4.195591593322534152e+01
-5.542647119924340338e+00
1.625634084867147919e+02
4.022726130576022996e+01
-1.633077780962331360e+01
-1.109249636343990204e+02
-2.557118268251644508e+02
-1.580449163750722334e+02
9.978690059792970146e+01
-1.521795448879146306e+01
4.781163489136768807e-01
-1.399930303104667360e+02
-1.056463291787667060e+02
4.051116749152303242e+01
-1.821956639510664999e+01
1.632734056337006621e+02
1.223135423200587724e+02
-1.662427926630793422e+02
-1.941594593499130639e+01
-4.488755148239999215e+01
1.640979749774041068e+02
8.855108243095443754e+01
1.172875692249904773e+02
-8.763284415761256696e+01
6.142264924451700381e+01
-1.584057239893634517e+02
8.268752356237189360e+01
4.965090359454841007e+01
1.255004635009455027e+00
1.316473631503617128e+02
-3.052269568445964154e+01
3.287719125801825726e+01
4.586630439054056296e+01
-2.874526683513384029e+01
1.362054675352778190e+02
-1.292477987199784764e+02
-3.728508915548807590e+00
-5.570472768539968911e+01
5.785311368889157535e+01
1.661724995733009393e+02
-3.150412852216538440e+01
7.755646449174859924e+01
6.599801499486417811e+01
1.296693437449610542e+02
-5.626741753019262404e+01
2.275899480440225986e+01
-7.979872198506251735e+00
-1.292715589471853832e+02
1.392842342905568103e+02
-4.718422658264422154e+01
5.680606359867886823e+01
1.717053443836963709e+02
-2.245345108458615755e+02
6.193447579255002466e+01
-1.760452734032157096e+01
-1.582961264864338773e+02
-4.376161351492282847e+01
-7.947398689599064703e+00
1.381856116309531615e+02
9.941489836513626699e+01
2.075484700219646754e+02
-1.329112830505828811e+02
-3.799466746655873095e+01
-1.674022937433887748e+01
-3.664515744158562427e+01
7.205012485660435573e+01
-5.066303893555524240e+01
4.318173158476290041e+01
-1.656174267720283666e+01
-2.420471742335445242e+01
4.145391458685712571e+00
-1.724640261235901448e+02
-3.705454413683260384e+01
1.358180986294317734e+02
1.855961232498944469e+01
-1.267725746462050864e+02
6.461146573249664016e+01
1.115555717672227942e+01
-1.855366045912893185e+02
-8.979302386262925495e+01
9.490941358274280759e+00
-1.405678860685912070e+02
4.952912801841662116e+01
1.695244187740690620e+02
7.072480606640499445e+01
-1.402476876960745642e+02
-1.362039392846375279e+02
-4.464730972664656150e+01
6.866446173449533319e+01
-1.748993230770199716e+02
9.646720808110659107e+01
-1.204570212935899605e+02
1.406109148140468506e+02
1.285000609363075341e+02
-1.027037219698768524e+02
-7.469035528170655880e+01
-1.080682448119389534e+02
2.219365757366308145e+01
8.249425433352934078e+01
1.879358260482205480e+02
-5.752969164934375712e+00
-6.188967017537488147e+01
-4.147101647646650946e+01
1.149791144825777767e-01
2.692167180187663007e+02
6.429123730467308917e+01
4.475144202679607019e+01
-7.078377971570078842e+01
-1.054397931297501998e+02
-3.569987241670061451e+01
-6.374318690546713739e+00
1.011756163013073717e+02
-1.558867078388219625e+02
2.894531638365056097e+02
1.103470301932088375e+02
7.442508958000713903e+01
-2.961505128825348265e+01
4.852418418837496716e+01
3.218442708464534263e+01
-5.973901852991783556e+01
-4.590192462060594636e+01
-6.727524902004374496e+01
-7.253954143438348012e+01
8.967166062660541570e+01
1.104100341463724355e+01
1.178461142496662291e+02
3.091935061191749323e+00
-9.864508879481526549e+01
3.362332787611079254e+01
2.224867478959184552e+01
4.799238686092738249e+01
-1.050532314524124899e+02
8.151606248863414805e+01
2.523775279323582410e+01
-1.639784621534742257e+02
1.535278584172570504e+02
-6.390510867093928482e+01
-8.174380387141854953e+01
-1.450373711879544203e+02
6.412948234842384920e+01
2.021585383047028870e+02
1.763737083269277406e+01
-8.374276906013497523e+01
1.159981608602906222e+00
2.839176634688747924e+01
4.516211196946203188e+01
-1.748576498671113484e+02
-2.422249071430896805e+01
-7.178231481795261004e+01
1.269287790538907075e+02
-2.672477255733465284e+01
8.173156367006197343e+01
-2.315432234156251567e+01
4.199021073129198101e+01
-2.156148997624141828e+01
-4.227441648313241984e+01
-1.050436434174940459e+01
-1.300908204394283985e+01
8.641855947117794301e+01
-6.777296218677520301e+01
9.116100808204978989e+01
-5.764789047365077579e+01
-4.768507174813483829e+01
3.197012995199490959e+01
4.616583523075826889e+01
7.172599697099093063e+00
-8.905278312141149399e+00
-1.491087328082658416e+02
-7.975524669240330766e+00
-3.482588460486198301e+01
1.311797591932447347e+02
4.285804524500052537e+01
-8.635421717445586509e+00
6.848688639541104806e+01
-5.606448185294187425e+01
-4.413737430075078549e+01
2.128173963941552245e+02
7.179955472030310659e+01
1.241444824847021096e+02
5.842998987350027562e+01
-9.065922623102991906e+01
-7.657330899636069432e+01
1.136532366021202307e+02
1.198046114895250014e+02
-9.570642865117723375e+01
2.404431701246873132e+01
3.200670497583825380e+01
-1.999423198824033534e+02
3.768943972070718473e+01
-1.154478331009977232e+01
-7.281121906628266061e+01
-3.856357054981605614e+01
-5.674788616738178249e+00
