8.496205817924331605e-01
9.142466431563444473e+01
-2.930627982784790220e+01
-1.716254125080649473e+01
1.434591080745266423e+00
9.280601398650293277e+01
1.024520159189038964e+02
1.711052974018334893e+01
4.796461190682652642e+01
8.512973078405622118e+01
3.129710113579360353e+01
-1.048679619224049873e+02
-1.034321054962014585e+02
3.979943004888315272e+01
-7.969084320362587182e-01
-2.207984638065934391e+01
-6.385705768420910999e+01
6.436899484536509419e+01
-1.406839804369184037e+02
-1.104718874870023271e+01
1.183892533100975726e+02
1.328997221460219578e+02
7.080606290755483201e+01
-7.866273920154692689e+01
-6.301937281195585427e+01
-3.809575928172657200e+01
1.448651065702311236e+01
1.818327609057060386e+02
5.343623375898766881e+01
1.558969238435200388e+01
9.045842785692502730e+01
-1.066153047313027429e+02
5.700873657974850062e+01
-1.435043018642433594e+02
3.788149214233544626e+01
-2.315496024150770538e+01
3.662199406518666223e+01
9.813889538182624506e+01
-1.077384827164026433e+02
-6.676367013466904154e+01
-2.478386212974659486e+01
-8.649612756397768010e+01
6.587095250835254490e+01
-3.754735546527305701e+01
9.719835946686499994e+01
1.223785317735768530e+02
-6.327601331749506386e+01
3.675481505985257513e+01
2.696717748694648265e+01
-1.674624543260636500e+01
-1.164773819557273100e+02
-1.474178455039421465e+02
-6.326463997153705066e+01
-5.623501625792981429e+01
7.250461937224574172e+01
-1.534696596655683543e+01
1.458569099849550810e+02
3.350151098812743200e+00
7.706107617099486617e+01
-5.458972646378605020e+01
4.956259643636426659e+01
4.666856016271853491e+01
2.214444671571250467e+01
1.157453860142624436e+01
3.158405077129392069e+01
1.283660879827925498e+02
-5.090104119718918696e+01
-2.108929463303951763e+02
-2.742658222403890989e+01
-3.545159311132091062e+01
-7.881943787902820020e+01
8.397973682344870383e+01
3.291719363809151844e+01
-1.023389630702187958e+02
2.917867696752486140e+01
-7.135252422216369439e+01
1.757525418355792679e+00
4.506993548505030844e+01
-1.289579269687911278e+02
-7.923062337514876674e+01
4.665384816534839985e+01
-4.560703884751215753e+01
6.211915234483465298e+01
-5.139647764549769704e+01
-7.779880128339387113e+01
3.748894563666647173e+01
-1.317977690349971738e+02
1.632346015417433094e+01
-1.413541275349846842e+02
4.752528620354484978e+00
-8.330993216689614655e+01
3.877338563644378411e+01
-6.826759374504018751e+01
7.681727866355345213e+01
-2.640948337963225967e+01
4.214914773783561230e+01
1.437743699679615084e+01
5.239959800139269674e+01
3.006901731003267031e+01
4.317571006016399338e+01
6.955182094961774908e+01
-5.093688536787455234e+01
8.721614780571403003e+01
4.926243215820058197e+01
-7.006160301295585313e+00
8.691221747923714247e+01
-6.414520480058452279e+01
7.501380687461805508e+01
8.542114994341507384e+01
1.992660049291329472e+01
1.747823290496285153e+01
-1.222860402493201377e+02
-1.254086374824068599e+02
-2.108749143272511049e+02
-3.003739852410327060e+01
4.270807531410271451e+01
-1.742920389709850326e+01
2.709994055754092912e+01
6.905437352563124875e+01
-1.809712615299674781e+02
2.419055775503681005e+00
4.662457652883639980e+01
1.335333034128603913e+02
1.393219545595499653e+02
-1.249452604104989639e+01
4.564786567841665033e+01
7.875238000095243773e-01
-6.257537178881533180e+01
-1.200083927006872813e+02
-7.995570747797077615e+01
-3.311978562337611010e+01
-1.796671556863099095e+00
3.329600116941104915e+00
7.346435604475317405e+01
-7.173308614257925342e+01
6.322115847053751736e+01
-3.013932324761654868e+01
-6.236400571910780855e+01
-9.275537845876813492e+01
7.796258721916423440e+01
8.375423997358957706e+01
-7.356783698382231762e+01
-6.191620337192559020e+01
1.143954436513669748e+02
-1.672139614790886242e+01
9.288081481166521769e+00
6.176018510016972130e+01
-3.742857077239531094e+01
3.582650897282092473e+01
2.477890840044276999e+01
-5.401140899031849685e+00
1.162538244555510047e+01
-1.211289413490022895e+02
-3.725073073983228511e+00
1.037721309022708596e+02
-2.147830682106457090e+01
3.109298285108814852e+01
-1.485414731793621854e+02
1.864894226518650200e+01
3.169197675163181316e+01
-1.505220034576342130e+02
-1.507531435682584942e+01
4.358414649885858694e+00
7.196009236916249563e+01
-1.702888027077941899e+02
-6.637032970363102891e+01
-5.166278854664860631e+01
-1.214787100734911860e+02
-1.139408148860594849e+02
-7.483577234297391101e+01
-5.550732552303048806e+01
-1.671687758389752787e+01
8.905076349750969200e+01
9.712396208827989597e+01
-1.265572726034858846e+02
8.158451985856621036e+01
-2.019476307970294116e+01
-1.758350218075216631e+01
2.575803015182482341e+02
1.337082374978118651e+02
-6.000380322312437187e+01
4.956748071689271740e+01
-7.465277177926753893e+01
8.066511147927926118e+01
-1.896498136339601004e+01
4.142631255897537557e+01
7.567585909704853009e+01
7.037683155149235859e+01
1.653448217426062783e+01
6.000801681954937905e+00
1.143513892668827054e+02
4.010090295867203736e+01
-3.228193126116219958e+01
-4.370691221207645327e+01
-3.526407247850274729e+01
1.436587983315465920e+02
-2.330440985063047776e+01
9.616145538612130395e+01
3.897251843249895842e+01
1.168646729509483464e+02
-3.518651912883790089e+01
-2.354200023140582942e+01
1.253096309074505541e+02
-3.369327779099862141e+01
3.364811422396277152e+01
1.122351081092302110e+02
1.405809620693795559e+01
-1.585677271953874445e+01
-6.033174373382393441e+01
2.670053945360491809e+01
-5.622711935108530668e+01
9.757551905887429200e+01
-5.576756691734598093e+00
7.807493179620517765e+01
-2.028495191049109181e+01
2.550241010400429165e-01
2.926214252676678740e+01
-1.238723439266546080e+02
2.972584817139625812e+01
-1.968318940271011854e+02
-6.810069415582414365e+01
-1.436952769743184035e+02
-4.969693393577350093e+01
-1.387310327166520274e+01
-5.223817246441422668e+01
-1.381490048198005205e+01
2.029672991669536941e+01
-3.590225656987939828e+01
5.429304488861035338e+01
-4.741513962108527380e+00
6.704878194444562212e+01
-4.998151264098707003e+01
-7.407459277789314456e+00
-4.971535930867412745e+00
8.524816255609580651e+01
-1.177014913793262707e+02
-7.236986242218954146e+01
-2.671178144328544590e+01
-7.277163039709019188e+01
-1.846822625234030681e+02
-4.439538056059587490e+01
-1.840881297686875371e+02
-1.940481792694000376e+02
-1.086594253123265617e+02
1.808802848003536781e+02
6.953740706265584492e+01
5.627473623623999543e+01
-5.692667704414002117e+01
7.788523194521356174e+01
-1.179178198174343635e+02
1.710445445896174732e+01
5.211984804602995069e+00
5.772892015494589657e+01
1.599348927262236941e+01
-6.881779224216397495e+01
9.411291363872759064e+01
-1.143504949375838322e+02
5.133510957654507223e+01
-2.343552766145236887e+00
-5.241480211702288727e+01
-1.367932567732900964e+02
-7.400167202047988724e+01
-1.891625460821782383e+02
1.117128302776889086e+02
-6.958893560868492045e+01
3.700583796419040539e+01
-1.252331315850159683e+02
-6.383632622175323945e+01
-3.545157558221828964e+01
9.226147027967364522e+01
-7.501940351801264839e+00
-2.039088834055425821e+02
1.528787058780817776e-01
8.673336051706343142e+00
1.147792864857165256e+02
6.208216297933151395e+01
-7.100681174125753614e+01
-1.505812808534731673e+01
2.428680168957225050e+01
-4.562607410562246457e+01
-1.331334333518076960e+02
-9.392740441666626339e+01
8.532768343055865046e+01
-8.720174526377679314e+00
3.945832383680244249e+01
-1.691275201955536378e+00
-3.831689157115923194e+01
6.281985443473693920e+01
7.642438140986597261e+01
8.685841660914279316e+01
5.802500777443478341e+01
-5.459162044071462105e+01
-1.544740018950443705e+01
7.130473587781521871e+01
9.277217557162284578e+00
1.187042065719087987e+02
4.270988917300087451e+01
5.685448084959189430e+01
1.576086603422380108e+02
6.752317828103984709e+01
-5.814521394189882386e+01
-1.000873886184986787e+02
3.672683762783986339e+01
-2.846565943782195518e+01
-5.282895775503686053e+01
6.419553792727761277e+01
2.408984688194261636e+01
1.327863924872869745e+02
-7.837759685207348070e+01
-6.979267556855273824e+01
-5.506853688388049228e-01
7.920403623439611351e+01
-7.718053754942420142e+01
2.714884399259891623e+01
3.646479382175237305e+01
1.115162934214500439e+02
2.187686312165851277e+01
-1.834560800294615390e+01
3.837378131730533681e+01
3.204880748290468517e+01
-5.656075217218493378e+01
5.223989913432514953e+00
-3.006876705507434266e+01
-7.216704066545581497e+01
3.373532819370765168e+01
-8.735347863177244676e+01
2.151145648398588861e+01
1.050086602800922719e+02
-4.887906392000292044e+01
-9.731368071257590202e+01
-1.414702154233659996e+02
-1.665086173594737318e+02
-2.211721993982993961e+00
-1.436601297407135860e+02
1.294936592309916534e+01
7.325307318401898726e+01
-2.284853438584665142e+01
-3.606132835680563176e+01
3.496916664387013185e+01
-7.707338451392125478e+01
1.645353681661496736e+01
4.035690143027895260e+01
-9.099658519459453032e+01
4.863763306975467060e+01
9.956185239436017298e+01
-5.129198196984026481e+01
-3.119036489146677482e+01
-2.324005317531837989e+02
-1.323131000932223689e+00
-1.113627921000332890e+02
-7.951488989723127077e+01
-1.316669126027018022e+00
1.709135717191889725e+00
9.945081606551312348e+01
6.765353365731574797e+01
-1.115467026422095920e+01
1.676971183905099849e+01
-2.589936915075734802e+01
1.011899602354676233e+02
8.111822326094124946e+01
4.382161115755394576e+01
-2.977535967807041217e+01
6.498188021205147891e+01
9.615700028542537581e+00
-5.302746730024669830e+01
-4.027079795092451064e+01
-2.725505979747318364e+01
1.020756329644285501e+02
1.229624205312552299e+01
-1.217562261242851207e+02
7.440386693262446727e+01
3.148991549207899610e+01
-2.367957435586002468e+00
-5.926548796384840756e+01
-1.103721513150809130e+01
8.936286484403407115e+00
4.206986254009093074e+01
-9.779174299433092798e+00
-9.512240097979859854e+01
1.006346614683421166e+02
8.253711145829056761e+01
1.492219710165905724e+02
-8.594163535875294713e+01
-7.137323248611710369e+01
5.764236260331496453e+01
-7.788710867225438506e+01
5.393757154802067078e+01
7.624347136311504869e+01
6.826751508071288299e+01
2.371135019322474236e+01
4.812887926074253642e+00
1.054478719348032989e+01
-2.154118643403355193e+01
1.126037779792220874e+02
-4.235888260547763906e+00
2.335347475685779273e+01
-4.405648525480508937e+01
-3.045626686917157500e+01
-2.888037414979101314e+01
-1.277288139353062313e+01
1.140021245881024470e+01
-1.455802128813772640e+02
2.288093290737132577e+02
2.203162458758448281e+02
6.861503992942760988e+01
4.072760602508714811e+01
-5.575668716225247579e+01
1.497748531349204271e+00
-1.018776435011244530e+02
-8.531627813466202781e+01
5.279852068898205886e+01
5.310184626190290658e+01
1.824743631945001994e+02
-9.410742805456051130e+00
6.707655056334721166e+01
-6.966985396631152128e+01
7.029336539370289927e+01
2.722070069422466432e+01
6.807818971939131814e+01
-4.816304994167627740e+01
-4.105177417854185506e+01
-7.224587478991689693e+01
-8.686110270054801674e+01
-1.459232135321990853e+01
9.689547342312329192e+01
4.082953508406973953e+01
-7.848516709589229379e+01
9.786321274287687055e-01
3.110990657320887820e+01
-6.694941074125048885e+01
-6.669433123822824427e+01
-1.354767714491188997e+02
1.545106533108103406e+02
1.855451198681531650e+02
-1.724265570820898290e+02
3.901732650543678460e+01
-1.464434684441197732e+01
-1.051776207430466599e+02
7.202694522330826032e+01
-6.772940664662422705e+01
3.217085055324602649e+01
-2.307987598363329340e+01
1.988275678678307656e+01
1.089795350149411632e+02
-4.449215404759784320e+01
1.419275514065837562e+01
5.626681802982348302e+01
-5.711669397160969197e+01
-1.451744957894464960e+02
1.775399696495960882e+02
1.352165214067971704e+02
1.286920978629773060e+02
-6.204921627914916371e+01
-2.867928858161222649e+01
5.445655002273088030e+01
-5.030443477968580623e+01
-4.731437440604557843e+00
-8.494721307758409523e+01
-9.868108918105893679e+01
1.345766334959658366e+02
-8.503302735034175441e+01
1.177774140208579610e+02
-6.151631351711507278e+01
6.166065858983694170e+01
-1.675579261855737911e+02
1.356821600253917950e+02
-2.991274416560071359e+01
-8.537869145992540609e+01
-6.456017743520693841e+01
-1.303292537565395470e+01
4.312708186836148627e+01
1.803105643921995238e+01
-2.988557238698673046e+01
6.214245622002106728e+01
5.440985882345048452e+01
-1.838460885997262153e+02
7.683632594078976297e+01
8.077924551075105342e+01
-1.167807139075841008e+02
4.006749849238770622e+01
-1.072668868277647363e+02
2.155203500177653808e+01
-2.680815722956440794e+01
-7.277632652893794329e+01
-5.892962408713972877e+01
-1.424536249863822945e+01
-1.538110688426943682e+02
-2.871502340879520787e+01
-1.125017989318605771e+02
-5.857864490860485773e+01
-1.846825332256130636e+01
6.127545709038049182e+01
7.712318034219677543e+01
7.278610792144978525e+00
5.730307757883205966e+01
2.913767782497703740e-01
-1.079845252500821005e+02
-9.481169939818515857e+00
-7.891609782525536332e+01
-9.332810496547304879e+00
-2.263139356205456636e+02
4.868119779338941555e+01
-7.526591174222679115e+01
-4.896677224474015588e+01
-3.773092308453763621e+01
-4.113913316254711106e+01
-1.221136708021712849e+02
5.083005832105745014e+01
-1.700547686729547792e+01
1.116926159876122142e+02
-9.215201949374858259e+01
-9.242329017918416412e+01
1.167168980603378969e+02
-1.684974416262646457e+02
5.096846393964617761e+01
-7.198739796506654898e+01
-1.684550258016059274e+02
-1.877531692966848595e+02
2.167578059375728472e+01
-8.557981592728468456e+01
2.352991973771612066e+01
6.202411612816645103e+00
-2.619607325142094112e+01
-5.703577922377489529e+01
9.615565933566668377e+01
-5.362111192123870751e+01
-2.670369486614045584e+01
1.014910373384983355e+00
-1.692167991054056699e+02
7.479831484384482110e+01
1.561532738663371056e+01
-2.878347374939844627e+01
1.868263155850749868e+01
-5.380393830913777009e+01
2.802535725563580371e+01
3.452068601776520751e+01
-1.667585937986005717e+01
-1.198193966490506170e+02
-9.017981323679072148e+01
9.255360228354545882e+01
2.056899614444347790e+01
4.271022644398842516e+01
2.185415888526192418e+01
1.016766901021337901e+02
-9.335646390503535486e+01
-4.667774029635092603e+01
8.024564122013914869e+01
4.235891184473260296e+01
5.804150320255204321e+01
-1.957978041853652940e+02
1.186883266694969308e+01
6.012211121019629445e+01
4.498516615779026040e+01
1.909640490073081196e+02
-4.298731859856915349e+01
-1.252341296274723987e+02
2.719063978220343003e+01
-1.090668360678497777e+02
-1.465225192163179031e+02
-5.126532470931221042e+01
-3.967753473703761102e+01
-3.208972232851300532e+01
-6.627866920102502490e+01
-1.671280540561796712e+01
-1.068203939492423729e+02
1.446969474987602666e+02
5.647742310417152822e+01
4.854406246167241790e+01
1.450778871040396112e+01
1.195528391710093388e+02
4.976680087590586510e+01
5.565121058932110287e+01
-6.366398457005383094e+00
4.561185628300953532e+00
7.307232885944523559e+01
-4.275115571738873577e+00
-1.218078487742235154e+02
-1.933188071116563265e+02
1.506454088197629204e+01
7.046999364099870888e+01
7.432645588364636069e+01
4.981143964255863210e+01
-3.956115447012820141e+01
-2.791546577833685205e+01
-8.796878635999817675e+01
1.380879107022707331e+02
-4.139458592613296872e+01
-6.035468994981452084e+01
4.032141572400830398e+01
1.034616265235154344e+02
-1.087810799123142269e+00
-2.811823432558591662e+02
-4.489465900822917632e+01
-9.959679742560567206e+01
1.141875692827940298e+02
-1.597168673282239126e+02
4.514223220048702245e+01
-9.592594599516283438e+01
1.908691521043558481e+01
-5.331782337960717655e+01
1.150029156622825326e+02
2.884592869845443985e+01
6.436620431285805921e+01
-1.946268928806437160e+01
6.443274906901388022e+01
4.446087696051316840e+01
-2.776402593241642336e+01
-6.651168983874428875e+01
-5.297696724142605262e+01
-8.976703630269113887e+01
7.546967767672407490e+01
-6.288724366434948365e+01
-1.265125899410463433e+02
1.116988971499864931e+02
1.563627315157087310e+02
-4.409971927943732339e+01
1.357937875111537949e+02
-9.495204160735404741e+01
6.997009822593842898e+01
-2.104630050780681927e+02
-9.264571990519544897e+01
1.035300461762538902e+02
-5.957966380277494522e+01
-2.323064430415386283e+01
-1.200616280365338753e+02
2.932642377161499070e+01
7.649169776340872318e+01
1.289469479577698223e+02
-1.287620930009953497e+02
-1.049299219429307151e+01
-3.436797252771551570e+01
-2.808412452234039947e+01
2.746831245064795368e+01
-4.874584377258224244e+00
-4.351750128126628425e+01
-2.247402559781238551e+01
1.189879338368117203e+02
7.772198667530074090e+01
-2.984235190103173707e+01
-1.557541935341688202e+02
2.655179444057362304e+01
3.385758430200684899e+01
-1.479097380138069866e+02
-1.577661398838672540e+02
-4.496257242652293939e+01
-4.874070820530354808e+01
-8.445141145761856194e+01
-1.124419560004238008e+02
-2.874598231201107268e+01
-1.926373179926782484e+02
1.941294966897390495e+01
-9.236933766861943695e+01
1.493888721716859713e+01
-1.495899101157114046e+02
-1.029675613415505069e+02
-5.275770341817180054e+01
3.436750669040738870e+01
-5.272857174320810358e+00
-1.871762176573857062e+01
-5.910528358323347220e+01
-2.950799964187025637e+01
-6.926277979116714612e+00
-2.124172577888570146e+01
-1.343813507957723274e+01
1.431342868310661265e+00
4.921553248934678493e+01
-6.822453237469073883e+01
-5.720767864946029135e+01
-3.579037151745116319e+01
-7.687829077496294872e+01
7.383855246608879952e+01
-1.250290073239537492e+02
8.805000586941905283e+01
-5.770538492124322971e+01
-4.602356574581612847e+01
-3.344843458979885753e+01
-2.781162348187240951e+00
-1.024327501532784801e+01
4.869978074033719295e+00
8.862572208563652509e+01
-2.301506391489005665e+01
-4.534270177214196451e+00
-6.253331984305105173e+00
2.259067276065214180e-01
-4.216168105235022523e+01
-1.212076561738097809e+02
-7.449257994832510121e+01
3.806968190149144249e+01
2.940787578436314220e+01
6.613155438620511006e+01
1.228830320286720337e+02
7.240231398546177921e+00
-7.658399543137396392e+01
-9.805580146170174771e+01
-6.434244171933289635e+01
6.312177510074797482e+01
-7.308000486855969768e+01
1.176360240658614842e+01
5.198713695715874827e+00
-1.363438724736522261e+02
2.342692677924062039e+01
1.172767549995993335e+02
-8.658862645772896371e+01
-5.517301396165297689e+01
7.985466135411136257e+00
2.786827382161909838e+01
-4.069596441324227953e+01
-1.081702480028512703e+01
-1.346813842294927497e+02
-6.820052536043509406e+01
3.768836933663935795e+00
-5.261746457856363435e+01
-9.449378884808585610e+01
1.109738299908418782e+02
-8.353876072881260484e+01
4.080784159172792691e+00
9.362253577192451814e+01
5.878781118853265752e+01
-4.287303729255112472e+01
-1.339569675637230439e+01
-8.718925539445661954e+00
2.681843247727309887e+01
9.023505542855615147e+01
8.895615663724744593e+01
9.753930503350204617e+01
-1.198843052399811882e+02
1.073128214575342128e+02
-7.117893380791498714e+01
3.908824211166913187e+01
2.197128584407526830e+01
-4.082750704938801789e+01
8.238722578297884525e+01
-8.630278416497482397e+01
3.948955322214144914e+00
-1.865742979019357506e+02
8.927586563518298135e+01
-1.231800210426936388e+02
-1.896025645580465380e+01
1.569294234278858653e+02
3.390581413670883393e+01
3.739851415774740673e+01
6.290011996388730608e+01
-2.227724395915197775e+01
6.668071034472396263e+01
-8.030167507863170329e+01
-4.000218579712579725e+01
6.832698921885116761e+01
-6.726249764745041659e+01
3.491441029228019488e+01
-5.083258632437527780e+01
-3.762835101187701525e+01
4.408889417771791841e+01
-1.283002577877403212e+02
1.139146431657473890e+01
-4.567009862839211820e+01
3.630019576624530231e+01
-1.262843387089713616e+02
7.527706757881482247e+01
1.311032606603592114e+02
-8.709483788705345830e+01
3.227178968597467446e+01
6.079157626542841797e+01
-1.349999551014779797e+02
-4.091047577252889766e+01
-7.047749235898832865e+01
-2.161704448941639214e+02
2.911712944142919213e+01
-1.940832903066553872e+00
6.031906221577854410e+01
8.640840141019391751e+01
9.621314641241044185e+00
4.355994588029181358e+01
1.465871280833885351e+02
-2.353679480726095363e+01
-6.119168257620264484e+01
-1.160936994729211023e+02
-4.961854382718264134e+01
-9.043272408255553785e+01
1.691045786945765528e+01
-1.028453364704514001e+02
-1.033457378612536957e+02
6.301978270465144050e+01
7.404744645676402115e+01
-1.155906153994367429e+02
5.755090659334027947e+01
-3.598963779517247730e+01
4.579575995711130076e+01
-4.957350673097906224e+01
-8.683465537171679571e+00
2.378501761931885383e+01
3.459152595963814747e+01
-7.676747156898952085e+01
-6.875308931732361373e+01
4.243850673264819306e+01
1.097945253281581444e+02
-7.374547813935153329e+01
-1.220016425553783677e+02
2.520757493934801730e+01
-1.021231964894735569e+02
-1.644036792728785557e+01
-2.111321763157232922e+01
2.722284739216388516e+01
6.694827925168058869e+01
2.384513687756023970e+01
6.537152502640594776e+01
2.191961153453378230e+01
1.399333208199840328e+02
4.398370795819571555e+01
1.314975200475107044e+02
-1.380393773180331607e+02
1.318237497535191949e+01
-2.052211340919280076e+02
-1.977982129493052810e+01
-1.060501982815704167e+02
1.193782129365741014e+02
8.199101497220827639e+01
-8.563621748632712638e+00
1.131905171537016486e+02
3.411811542012004850e+01
8.808889548409041481e+01
-7.327092593706451851e+01
-7.071236922220615284e+00
-2.283989591041744927e+00
7.254092591661768097e+01
-8.675158750419608111e+01
-6.218744201629081658e+01
2.894505924533381602e+01
6.217064551871727218e+01
4.411250976219884024e+01
-2.086092266496897096e+01
-1.075787627160340207e+02
1.583417190745237946e+01
-1.709753976401317175e+02
-7.476268651062910919e+01
5.096005704239468059e+01
8.096999654135490943e+00
5.408105084046157174e+01
-4.570368730527730605e+01
1.755787802291427724e+01
4.638430725582857406e+01
-3.695285794032774618e+01
9.634378867003647429e+01
-1.631696222309407744e+02
-3.460386738084198299e+01
6.236922069588747064e+01
-5.592038795411993135e+01
-6.169487765654103129e+01
1.225002438070964956e+02
6.025116744955588644e+01
2.377595491531575789e+01
-1.180856374707386891e+01
1.180587167364246994e+02
-9.722747882275545805e+01
-1.490383418175415784e+02
1.365550565184326217e+02
1.080376340919951446e+02
-8.282357743421579244e+01
7.479588280111931908e+01
3.333358442999359283e+01
4.671262004147809677e+01
9.599842391380927609e+01
6.796049956096558731e+01
1.002654742174255773e+02
8.633842153637131389e+01
-1.806385722506608360e+01
9.286725006256318693e+01
-6.528446250385319161e+01
4.208081070470895213e+01
-1.941148755833222328e+00
9.961388907267392767e+01
7.747774966258840834e+01
2.268948077010218967e+01
1.998062486950957606e+01
1.117208271205190471e+02
-8.341979483241176752e+01
-6.291760765484426798e+01
2.156220548312224849e+01
-1.543567016138231054e+02
4.033426495592949834e+01
-9.529929754835173128e+00
3.523638141734923579e+01
1.110556798498976505e+01
-1.167889774885662320e+02
-5.419329892451123243e+01
1.434298409027189791e+02
-4.297359568170863753e+01
6.603442537073493668e+01
2.708690044711283562e+01
3.933110612313605259e+01
-4.755188365333358647e+00
1.056689219043998484e+01
-7.633011449373769608e+01
-7.160274594474772414e+01
-4.797919049335854424e+01
-8.274167285375224878e+01
-8.573446570338869321e+01
2.580547898975384058e+01
-5.920739221044335920e+01
4.928401633724286768e+01
1.295060113117780531e+01
-1.959901523439803483e+01
6.405899879714985445e+01
-3.633816841632734906e+01
-4.214092897488042411e+01
-2.564307082514498859e+01
1.228034547048562786e+02
4.832649052716146088e+01
9.635278160999564534e+01
7.368428225786716723e+01
1.819408011193361707e+00
8.252236615476168424e+01
-1.564781073757676211e+02
-4.727044185948058441e+01
5.930093414586530542e+01
-5.487512661692390736e+01
-2.184450451462642917e+01
5.422071185311951069e+01
-5.783337224945840660e+01
-7.015751433000382065e+01
1.139030550268711295e+02
3.075159735430194630e+01
1.370804424571339837e+02
8.146819844851043158e+00
-5.352090222421802679e+01
4.190281623504167996e+00
-1.203248052535181358e+02
6.850948420860169108e+01
-6.182353415021373166e+01
1.129714683753399953e+02
1.426007738429656513e+02
2.969076350678544429e+01
2.185252139433877261e+01
1.119184093427274860e+02
-5.553453779518410016e+01
-8.954033767916934039e+01
-1.220376144959000015e+02
8.769690306147042236e+01
2.215002410883055006e+01
2.582844068855013120e+01
8.265446396964135545e+01
-1.112994678458405531e+02
4.367844490139197688e+01
-4.319296561570300952e+00
4.199595275381543047e+01
1.417070562619849738e+02
4.243179408986343759e+01
3.245563996977088550e+01
-5.125490371246115018e+01
-6.932895409769029627e+00
2.376702247778015220e+01
-4.290170731599695131e+01
2.896270041052476429e+00
6.141006913043139548e+01
6.387306346660223255e+01
2.078286569959578500e+01
-8.973620245815945751e+00
1.658308536768842156e+00
-9.212283326443599663e+01
-1.026663512632522757e+00
1.080878820167577317e+02
-6.942055374012416280e+01
-4.770235587862033100e+01
-2.095769258703089477e+01
-9.496527472911022727e+00
7.915991990524118194e+01
-4.082206754859809550e+00
-1.204836027258350555e+02
-1.676017208696320893e+01
2.779957912303859757e+01
-2.589330307752692306e+01
1.315038366245606198e+02
-9.007523563806822153e+01
-1.441999273503821044e+01
-9.351889280301969976e+00
4.102561893660428183e+01
3.106063917880554115e+01
-9.964394838546412814e+01
-1.246576653074192222e+02
4.363701749865983004e+01
2.043142609159986023e+01
1.856408674099246809e+02
-1.172951783059630548e+00
-4.257234727416576159e-01
4.703734102904255820e+01
7.145164821355545648e+00
-5.768610771414503802e+01
-1.675882961236270319e+01
1.026966178614964065e+02
-2.079509825872273510e+01
2.919806609925962704e+01
2.802163763232553961e+01
4.384978715373956248e+01
1.114524222240203528e+02
-1.932750244426999586e+01
-1.907491500784252381e+01
-4.921645435502787791e+01
2.326437609289311297e+02
-1.386885736532221358e+02
-1.409067875201164100e+02
-5.223596436971554624e+01
