1.771100803757045696e+02
-1.938736131152672115e+01
8.316333878695590442e+01
-1.663770504710529110e+02
4.877318955181392823e+01
-4.100840444492506975e+01
9.014131839002561719e+01
-1.431171706081539208e+00
2.973627679819377789e+01
-1.502720575927816071e+01
5.331562669714534763e+01
-7.111042214455790145e+01
5.174909617397483430e+01
8.048536871718043528e+01
6.216608847472754462e+01
-1.499599455607751963e+01
-4.348872009138339934e+00
1.384905242669970882e+01
-4.746016702955219557e+01
-1.920351197961804601e+01
-1.740159140234077029e+01
4.968441839202129984e+01
-8.444762749278632796e+00
6.861178341349597076e+01
-1.170563402772311008e+02
-1.057120076171859324e+02
1.109275211783724018e+02
-3.993844143121553003e+01
-5.120268596738088718e+01
1.085504186436185279e+02
4.421127147410803815e+01
5.078685196075180208e+00
-3.054214207714975515e+01
-4.731123957357020515e+01
-8.546936650485199038e+01
-6.264423081328681064e+01
4.071754434414363288e+01
2.544501856623273106e+00
-1.800816690847323187e+01
-1.944514045382047129e+02
-4.182669028226792207e+00
4.521572014027395880e+01
-2.923684348852457759e+01
-3.722691762463562526e+01
-8.174603583033396603e+01
1.070268356393606979e+02
1.265290519421907049e+02
8.227305221251002365e+01
-1.015117410841468910e+02
1.783110478078351324e+00
-4.316573997037274779e+01
8.099348024624204445e-01
1.248638232467041149e+02
1.490700887587323642e+01
2.054537835623803943e+01
-6.804644171230597749e+01
7.523094277014638465e+01
-7.085941000373712484e+01
-9.659116136650528972e+01
2.686217221285026824e+01
1.546816449259501880e+01
-1.987155033665575559e+02
-1.964985763998504353e+01
-9.484520103108577871e+01
-2.434566675055932805e+01
1.874168817259549513e+01
2.550380468576056003e+01
-1.136083616277848591e+02
-6.734427801152006055e+01
-4.431634977420761601e+01
-3.378163437266420743e+01
-8.123860961506558453e+01
4.485063802993320792e+01
-4.973648973990950140e+01
-7.986005802103032636e+01
-1.024696605084375136e+02
-1.120168785550063859e+02
1.928636453706427645e+01
2.950368284302032151e+01
3.097898524233977824e+01
-1.415452947776263102e+02
-4.805065497110648920e+01
-9.642983921480691833e+01
4.939721633038083581e+01
-3.440048179610844414e+01
-5.310158729272859546e+01
-3.758311703190295106e+01
-7.366665430851966789e+01
-2.917404484041797375e+01
-6.859309288598313969e+01
2.564101653093996802e+01
9.585333277476809855e+00
-2.562571932792000595e+01
1.025196574950660420e+02
2.228122154522764475e+01
9.503020088403624754e+01
-4.943921127601345233e+01
-8.103944185084152707e+01
-9.044111157805446055e+01
-1.138126421264467467e+02
2.280107005309756119e+01
-1.282964092988375171e+02
1.032682780345021456e+02
4.333757394588828049e+01
-2.805170196587864950e+01
-6.172323278581475847e+01
-2.825984676395754391e+01
-4.854052116896142621e+01
-4.873506122405940744e+01
5.029645660373907390e+01
8.153319464812402373e+01
-5.325115860683647639e+01
9.690140211723054620e+01
-1.258632750866096117e+01
1.542090770297354538e+02
3.459773886288294875e+01
-4.020029461544189076e+01
2.862812304731380664e+01
1.204399374912474485e+01
-3.757206270707918350e+01
-2.914431113807737006e+01
1.890516948380803228e+02
5.351091633946180792e+01
1.708045988735225151e+01
-1.235864732881281185e+02
-6.962857289922303039e+01
4.838026498667881725e+01
-7.621007460412427292e+01
8.115996396300104720e+01
1.111902946912303634e+02
6.742157940201795441e+01
-3.468358945773580615e+01
-5.117494464233593732e+01
2.014499411120626249e+01
1.117567106253922660e+01
2.350539455574992687e+01
1.357666453881733659e+01
2.088853981712283669e+01
5.912028884726285582e+01
1.114248672438918391e+02
-3.026295533914395008e+01
2.011483359269629645e+01
6.272040396931592454e+01
-1.103495808651044463e+01
-1.042777610181062471e+02
1.053964440947126633e+02
1.764847626046265532e+02
-4.718334967761391141e+01
6.106037087520240902e+01
-1.310922523208483881e+02
3.479357521486332416e+01
-4.969350801473818535e+01
9.409510376676447407e+00
-1.143121369247794235e+02
-1.865456990744866630e+02
2.008971745592108249e+01
1.622554188178320373e+02
-7.674310240893533752e+00
-4.128894660335184597e+00
-1.096247410756747485e+02
-1.695929017079980028e+01
-1.735618779847450526e+02
-9.478374162629316402e+01
-5.363808840045486903e+01
-4.771474123133490508e+01
-8.483677627134950683e+01
9.882700233539439694e+01
4.698657314804926699e+01
-8.501310398388203282e+01
-1.372936251665137206e+02
-9.463041089452848098e+01
-1.480051710956303452e+02
1.515893974594366789e+01
-2.639221041416759839e+00
9.385741227273879872e+01
5.728040636883054759e+01
1.132160785462189665e+02
-6.062035835338438972e+01
2.791784554906270799e+01
-2.173565185520985565e+01
3.782939448556624029e+01
7.944896300372701603e+01
1.244777487094352040e+02
3.562661928738317130e+01
-1.220173466055338594e+02
5.232123772268194273e+01
-3.271955113377382673e+01
-2.801242044431852207e+01
3.941633739806205483e+01
2.329333661410457612e+00
1.044985803372771187e+02
1.905760833312690750e+02
5.755065634303907984e+01
-1.092863854795219112e+02
1.054991689092803284e+02
-2.391887173664605726e+01
-1.220215954453955618e+02
-5.590435320952929033e+01
1.340170766820453139e+02
-1.002942999352399625e+02
1.641302690735459748e+02
4.844053211240181867e+01
1.529821589181259256e+01
5.980977429646959820e+01
3.787387591188485203e+01
1.590022543568383462e+01
2.142584202481137652e+02
7.633757238198799655e+01
8.677355878264702937e+01
-1.727074411073759563e+01
1.026645382801088004e+02
1.608114858676438246e+02
-3.935256901024330567e+00
-1.005398318176624706e+01
-7.370364630560948171e+01
7.358898763013939970e+01
-7.597359922631567031e+01
1.492844805036526168e+01
-1.386247292323882085e+01
-6.412096636108378789e+01
-4.755174951394185001e+01
-2.045655631644548578e+01
5.225415358578447922e+01
1.408508554109633053e+02
4.105858896598242325e+01
-1.562470059943772753e+02
1.103187109734923332e+01
5.739343423355867202e+01
-5.645719814271036796e+01
1.573325770992036041e+02
7.309555169870093039e+01
1.740569813918754605e+01
-8.341138519017970054e+01
-1.583492742585285953e+02
-5.836350828718579464e+00
-1.117344182558641847e+02
-8.915915537378534594e+00
4.580148177885596539e+01
-3.967512728398799204e+00
1.431796773127231859e+02
1.282531893663089022e+02
-9.572351305956156864e+01
9.268918338250136912e+01
5.857072113555096848e+01
4.254141654639468584e+01
4.919915943711777828e+01
4.705316255699314354e+01
-3.241689868582524170e+00
-8.933013680868376127e+01
8.599118997295794031e+01
1.342906752370612935e+02
-1.068338585134410010e+02
1.046759117619207302e+02
2.796373137065734227e+01
6.568995025311106417e+01
-1.139878381735289707e+02
-4.677035381475182163e+01
4.875629634490359621e+01
-4.474582641558927065e+01
1.176902195878919457e+02
1.036773333287039520e+02
4.873782176534841426e+01
-2.820727387791008667e+01
-8.042962097646918096e+01
-5.252381836476966015e+01
-1.746343516922861738e+02
-1.182170321822883068e+02
-2.159906179795348748e+02
1.269531994745132835e+02
-3.927669214597466407e+01
3.161685923161476808e+01
6.981233584942751236e+01
1.828404958981231516e+02
6.796067997048368170e+01
-9.266295383011619435e+01
1.297184123293273785e+02
-6.747207768950769946e+01
-3.443427049910224014e+01
-8.908654774714446489e+01
-1.017970191611294695e+01
-5.000572223722404885e+01
-1.783467672519320146e+01
-9.165316415970036701e+01
-4.038405329720166748e+01
-9.560955052110358565e+01
-3.565612898447021450e+01
1.525909539806000836e+01
-7.909741143715667988e+01
2.634535659494366300e+01
-4.647481255752511942e+01
6.508691996666627233e+01
1.107296610782365320e+01
8.920748824557001022e-01
-7.872380232687062573e+01
1.175958037178111937e+02
2.846397931890977162e+01
6.298831715282577193e+01
-3.875072971771103170e+01
4.611908196168383434e+00
-8.211817460429369930e+01
-5.912954497192103531e+00
1.497072123068039673e+02
3.329457076113291691e+01
-1.224175752199533633e+02
6.218547378464388231e+01
5.958569568606296230e+01
-1.040040978135504801e+01
7.151594405768646823e+01
1.364767066060399543e+02
1.213064742389891570e+01
5.146431018193124629e+01
-2.523439905678531936e+00
-9.488739846136306255e+01
1.527166331413884137e+01
-7.957476169063244242e+01
-3.542087620561813921e+00
3.899498418480770567e+01
-6.588701298895973935e+01
5.491456577236750292e+01
-5.040715365138618864e+01
-9.592538065633723932e+01
1.177416927365233068e+00
1.220645409637305079e+01
2.312548207959575919e+01
9.469415306925686338e+00
-1.195869978825670188e+02
-1.533728170839105474e+02
1.634274911847790008e+02
-1.514285622283521349e+01
-8.810419669380409857e+01
7.796440946222698187e+01
-5.653992469048484537e+01
1.803748422434592058e+01
-7.409996511089131488e+00
-7.090690658669589652e+01
4.982239411102362681e+01
-3.184760118412938112e+01
5.868498503328783045e+01
-2.249351192393265464e+01
1.044451833736207362e+02
2.093211189979506770e+01
-5.780309169878381681e+01
-9.487828346874125884e+01
8.703071242706745814e-01
-1.353004253044332756e+02
8.344039854789131994e+01
-2.950990681507726521e+01
1.189611764722429825e+02
2.690600879847619709e+01
-8.038219388023900080e+01
-5.963457499339633472e+01
8.119550270783824431e+01
-6.976377148949927687e+01
7.821212550703914701e+01
1.422920545288915761e+01
7.967428582642833135e+01
-9.640494767502394780e+01
-1.933918763653185025e+01
9.363180611379402762e+01
-2.521458633199470611e+01
-4.328920539724772709e+01
8.594779403142976548e+01
-5.834157951845755719e+01
-2.012683795390574915e+01
8.736718087577756364e+00
-1.099141390591635457e+02
1.345407580209574760e+01
-7.387563473314590112e+01
6.392729975059882053e-01
-1.224598022302495792e+02
-3.306512040343184822e+01
-7.255400888065171472e+00
1.483304731188062817e+02
6.681303171828723464e+01
-3.535129550032347368e+01
4.430187542570586601e+01
-7.014400902944013083e+00
-3.181607164069096072e+01
3.156209670533323575e+01
7.190196425717824980e+01
3.491818849785973011e+00
-4.498558513253623659e+01
-2.051660388819591390e+02
-4.471660244417313379e+01
3.110312035640461659e+01
-1.116284936454327692e+02
-1.134937264803422465e+02
3.173759179213223547e+01
6.308404645610595196e+01
-7.186128340628603439e+01
-1.348360207741822592e+02
6.548147954031712459e+01
4.873961011322511183e+01
-2.144454998952150504e+01
-6.568981919051900320e+01
-7.895395228179332037e+01
4.142010798623303458e+01
5.708037675206241346e+01
-5.907775548833338064e+01
1.061788581520894681e+01
4.329797945458874153e+01
-1.216231015435526785e+02
1.746427659937383510e+02
-4.476077842627121584e+01
1.376908109899699184e+02
2.070925406425999071e+01
1.066609579093704667e+02
2.542686102877294729e+01
-8.040487626280427946e+01
1.104443909898239085e+01
5.298036154768867334e+01
1.250571183618937532e+01
-1.698951919411932181e+02
-1.078279977754159376e+02
8.892372598723970611e+01
5.720071608210523806e+01
6.560326000761502030e+01
-4.279985623690667751e+01
-3.649355489520137041e+01
5.568532582910275863e+01
2.825283263656279331e+01
3.202019166499238167e+01
-7.656520832050798475e+00
7.090783859915397613e+01
-1.887830474500072953e+01
-7.776489965528061532e+01
-6.335867395651221301e+01
-2.638064154217645907e+01
-3.833714867448247077e+01
5.725663097893421849e+01
1.906641104624937100e+01
-2.095405950384179405e+01
-4.136442740218086556e+01
5.208587016383344093e+01
8.022286537545853946e+01
-2.465201780906507878e+00
5.387420782577206069e+01
-2.902349498407455641e+01
-1.557500038932234929e+02
-3.809571511296441315e+01
7.712922952400251120e+01
-3.621491113242726811e+01
2.311039459377701633e+01
1.458877678667913358e+02
9.926757069520213861e+01
-4.308758596534943308e+01
4.858210929742205053e+01
-4.859918202167762757e+01
1.448710897929974095e+00
-4.154691059641724848e+01
-1.147720575302398771e+02
8.712147910017954189e+01
-1.174506168444586081e+02
1.505936021492953891e+01
1.478339325050973514e+02
-7.048608472035230932e+01
1.117657202814614266e+02
-1.033770378118211255e+02
-8.465128362242012372e+01
-1.435262665073621591e+01
7.229573803250171515e+00
6.446500240641657342e+01
-4.429958515458655910e+01
-1.376656446160749780e+00
1.588317380781851362e+00
6.213954312539117808e+01
2.111672451166779041e+01
1.530203930884856334e+02
-1.050754332202096109e+01
-1.114561637113308734e+02
1.632915844435594579e+02
-1.914298688692657535e+01
-1.708018996053202443e+01
-9.035974540494082419e+01
2.279712991966518842e+01
-7.076699422021764008e+01
-2.504405914550540047e+01
3.438781112739328449e+01
1.408856542494395399e+02
1.641106880590419692e+01
1.762834128708221115e+01
6.912464690455806249e+01
2.659723048927351030e+01
-1.783050082733750585e+01
1.752165476978726986e+02
6.495739045542413237e+01
-8.519649068458393515e+01
7.094282340892507932e+01
-2.943914214590401102e+01
3.075711961526327087e+01
8.936279472667335710e+01
2.295060186223124887e+01
1.740457338220515293e+00
6.420170227286321563e+01
3.532893888262214688e+01
-1.316071549131263509e+02
-6.731543024940800990e+01
1.477660078393772665e+02
4.553058409341385016e+01
-1.233571806589758424e+01
1.337024293078060211e+01
-1.495142979919734785e+02
-9.037467480709143786e+01
-4.505383080146717845e+01
-4.544731477680961973e+01
8.152404810658146062e+01
5.700301873475034142e+00
-2.918213611521625950e+01
-1.136305151114011665e+02
3.178547137213579532e+01
1.703057189271668221e+02
-9.260341376606761798e+01
1.458575697356552894e+02
-6.439493395985705249e+00
7.578605064848241568e+01
1.183240108392081424e+02
2.494846058558398028e+01
-2.591832286547201036e+01
-5.573256757219356672e+01
-6.797343000255116863e+01
-7.365854758970267824e+01
-9.191963160141925826e+00
2.592318859039940904e+01
-6.551502976988768978e+01
4.128837751919591881e+01
5.133613732861221024e+00
-3.199127725321528359e+01
-6.654606993805434456e+01
6.372515035775700198e+01
-6.873977609823336721e+00
-2.670587233022186524e+01
4.419188234487245737e+00
-1.464655667164312831e+02
-8.830036895641383055e+00
-4.512186624571830862e+01
8.390454255169143494e+01
9.759630623374302161e+01
7.993801055083297058e+01
5.387234368174147647e+01
-2.149148583671198054e+01
-1.109099342366220498e+01
-8.911191608715172663e+01
-3.256486640507626618e+01
-1.072917083443354898e+02
-2.175575049616551269e+02
2.852601011738330783e+01
1.914708130565797006e+01
5.546843174412399691e+01
-1.332236290641217806e+02
5.835966526968025647e+01
-3.923151235817233129e+01
6.862838352510591733e+01
4.976292844501521273e+01
2.782452321183893673e+01
-1.442209355690300185e+02
-4.768063648892778161e+01
3.875751211156863008e+01
-1.035280691844586443e+02
4.745013958950368504e+01
-1.842060228809587556e+02
2.506816693694715603e+00
-1.992059168000484348e+01
1.268842758506002184e+02
-1.189824577217362531e+02
-6.447985825177607921e+01
1.027612370273566142e+02
-8.604842408808488585e+01
4.389816529415067947e+01
-3.530706227998219759e+01
8.367240956579433231e+00
8.254448437691677043e+01
8.139961832199874436e+01
-1.290335565028462668e+02
-6.619630400324143693e+01
-5.935960532880203999e+01
-3.122230911804652109e+01
-1.441020871766018558e+02
-6.297626000614223507e+00
-1.229954510618609191e+02
-1.342095036065407143e+01
-4.555023155568080284e+01
2.901792025442696144e+01
-4.282181930292780692e+01
4.741264427320052732e+01
8.847002052128181049e+01
-2.917634610418926755e+01
-1.183463292503243025e+02
1.639633857660001937e+01
5.545029519056921430e+01
3.893010953514088612e+01
1.748957643300698450e+01
-8.090459655703094199e+01
4.533127477943234851e+01
7.911724843888221415e+01
-5.234170204042342078e+01
-4.345221408572290045e+01
-1.286339459579119477e+02
-6.082552511244902149e+01
5.753276544100819478e+01
1.082758726789022496e+01
-9.539269748758401590e+01
-1.212859119174847393e+02
3.062826364298617321e+01
-1.180779576409147893e+02
7.297507317845658292e+01
-6.308218448595047789e+01
-9.181711600857770605e+00
-1.244073920615017670e+01
-5.614132429676171654e+01
1.632258788439010289e+02
7.943086676669048529e+01
7.544310067525700880e+00
5.158457525264528698e+01
4.482846111283159019e+00
1.024638917834977860e+02
-2.901353293623325413e+01
-7.290013172205077296e+01
-5.372709051387116830e+01
-3.440892064677083795e+01
-1.913147855596044167e+02
-1.006144319528564495e+02
-4.750835364693391227e+01
3.513019218851157888e+01
5.882275408275287276e+01
-4.714166237464878151e+01
2.473404130183656946e+01
-8.002215270481669052e+01
1.075636252134370885e+01
-7.575521093730550604e+01
2.931448927971155172e+01
-5.159564329882064726e+01
6.146039655407989244e+01
9.726879407685692058e+01
-7.066390452723854310e+01
3.189822163529961330e+01
3.876762094196317232e+00
3.938104483151745683e+01
-7.631256437594197450e+01
-1.230230660490650081e+02
-1.093784703382657710e+02
1.087216979263960468e+02
3.507648121664158225e+01
-4.914331084584437548e+01
2.099928962888884030e+02
-2.498503463941988230e+02
-5.972094094151745303e+00
8.742393658630657427e+00
-5.073449412876286146e+01
7.533710399809930891e+01
-6.156590131046682757e+01
-2.068756067595031212e+01
3.330637319914907835e+01
9.243453049875917316e+01
1.321501236573239453e+02
-8.741086949422306418e+01
8.521631016761241995e+01
-5.419772403325900711e+01
-1.005465816221837656e+02
-3.918954740577783724e+01
3.906653602555687144e+01
4.168758028281008166e+01
-4.826794247767471546e+01
-7.266714075794928362e+01
-7.889753233454683823e+01
2.980002534096530553e+01
1.244964307811803339e+00
-1.874785621554879640e+02
-1.023151746922690464e+01
-1.503788122764262347e+01
4.741614157171851218e+01
-4.919330026642942499e+01
6.856833874657192496e+01
-4.689356058555283369e+01
-3.461819932590223914e+01
1.800344111629899757e+01
5.952101004134775053e+01
-4.453350826507990234e+01
-2.142116659398819234e+00
9.188280980651428820e+01
-5.885378736095859864e+01
-1.446575037272182307e+01
-9.300859357289856177e+01
-3.407943491248285284e+01
1.004802149392088495e+01
1.322295202346526821e+02
-9.861848969837663503e+01
1.781462884649014455e+01
-1.252683250156035939e+02
-1.808820060845194462e+02
1.264747846201072008e+02
1.032938773449969574e+02
1.324550819567863869e+02
-8.566637950358858333e+00
5.157414523656102290e+01
4.740054122002526071e+01
-9.492639195350423620e+01
-1.647552173120806174e+02
1.941444586516633422e+02
-2.561063353954057931e+01
-1.351983009785232923e+02
1.054288412722877268e+02
5.910019051366933951e+01
-8.192258283623207404e+00
4.592304596904876490e+01
-1.848299068473438354e+02
1.839776858285953836e+02
-7.333532713612910925e+01
-1.507094090910037494e+02
2.344300161055990088e+02
9.450352468145354123e+01
8.025096908741404889e+01
7.884386681767128380e+01
-8.743021219267102140e+01
1.009560773924254846e+02
7.672059938241218902e+01
8.318161709573143980e+01
1.893811747679847457e+01
9.941129407061539780e+01
1.345022778532230632e+02
-4.149987758115548786e+01
-3.254459578206810022e+01
1.272352448075854312e+02
5.630789655194069354e+01
-2.738683505152656750e+01
4.840216126101746141e+01
-1.070053033572793737e+02
-2.067057612121539734e+01
5.933170642070125211e+01
-7.205908632555986060e+01
-2.940428950070830538e+01
-3.544628831481026765e+01
-4.952562906479029436e+01
-4.426864059917590311e+01
-4.624281857510252536e+01
1.441157677564212065e+02
1.004109761584562044e+01
-2.342363225269066973e+01
-1.566941027366850960e+02
5.040384022141888209e+01
9.437314090577646652e+01
1.279923142836452321e+01
3.437475632022375294e+01
5.705583286923754827e+01
7.635725072754992482e+01
1.065405740060277680e+02
-2.625233112243525468e+01
1.699138262425011803e+01
6.910586126395799056e+01
1.119270520835427760e+02
6.287743245185676955e+01
2.089825642133407158e+01
7.606397810649544056e+01
-4.915083803268059626e+01
-9.896285804037792388e+01
-1.451847275595762312e+02
4.149322985690871235e+01
-1.211559140895877107e+01
6.667783650040298937e+01
-4.881953763980147443e+01
6.174281027676903477e+01
-1.121512179217089056e+02
-3.918450475128536681e+01
-4.884224190160993118e+01
2.243335095478548880e+01
-9.293054089803293039e+01
1.093010434836407256e+02
5.861907740589459337e+01
3.845184037420574441e+01
-3.499187282155673273e+01
-4.483435749436209505e+01
-4.094065695501595314e+01
2.664477226733256998e+01
-2.148849154542954309e+01
4.475493631847628606e+00
-3.939483592779665599e+01
4.003017272585857711e+01
-9.002378808465904569e+01
1.758747927999545624e+01
-1.892756963402073609e+02
7.256547918792041685e+01
-1.428305405743473244e+01
3.559448739689513275e+01
-2.159801379574746250e+02
-6.235810945224535828e-01
-5.683914064601668059e+01
1.714331304467954453e+02
-4.340277609352861532e+01
-1.803037431751853603e+01
-4.932680860130360401e+01
2.345140432735708202e+01
-3.898646895023912151e+01
-2.057954023028652912e+01
7.991201345021163149e+01
8.008881983094975965e+01
1.210124122291120443e+02
9.614597105394203425e+00
-1.153657553960905489e+02
-4.665372143226755952e+01
1.244372933591244390e+01
3.570693018613146563e+01
-9.615558695807543188e+01
1.485925455188624653e+02
-8.812343876011427213e+00
1.384188088592551367e+02
1.070191862302361763e+01
-8.852854532051979675e+01
1.879989145552125507e+01
-2.774538542758320858e+01
4.641898888824422897e+01
-1.064166570506915406e+02
9.456491902071448408e+00
5.151797028723576943e+01
7.395241106877888626e+01
-3.649815833131701481e+01
3.428829561195384912e+01
7.637486322935271232e+01
-8.469753928795522313e+01
6.125396222635377086e+01
1.016240077051035229e+02
-2.105193679440380095e+01
9.749720653980688212e+01
1.220732081736522616e+02
1.440811417397310947e+02
1.613720326572191368e+02
-1.830216480764270770e+01
-2.307203922118429507e+00
-4.998011356728519416e+01
3.423391235882196071e+01
-1.410222308587016187e+02
7.072558735397771024e+00
1.957683560060275241e+01
4.244992098231882949e+01
5.610573287102288731e+01
-1.375647569774631904e+02
-6.130284448860697921e+01
-5.589331568446934284e+01
-5.273094894392188259e+00
5.261740265182923704e-01
-6.041156564942504303e+01
-1.450215589067163968e+01
-7.646344983043383081e+01
4.645577295986357313e+01
-1.146716532809464439e+02
-9.111938775963469084e+01
1.772072714444998667e+02
1.288135290184095183e+01
-7.883069240455546378e+01
-2.086046298374697585e+02
-8.701871964153153272e+01
-5.372365496427894271e+01
-1.002457795592400203e+02
9.160122277512188305e+01
-1.258055100296220132e+02
1.152008217940734625e+02
-3.660357151100478745e+01
5.815819760605529609e+01
3.052083427076723154e+01
3.687444859367169414e+01
4.936017361258721081e+01
-8.109175530616946048e+01
1.109660172647219767e+01
1.359413420938905404e+02
1.342847096927083328e+01
3.055642727237825440e+01
2.929206329478532211e+00
6.100412302753449723e+01
-1.577635783256565674e+02
1.115347631417949970e+02
2.626582022879136389e+02
-8.825360726146875834e+01
5.785721885275951593e+01
9.223282163853775728e+01
1.968234400523629191e+00
7.767420194154315993e+01
-7.259470310419656869e+01
9.233446146276027378e+01
-2.753336152586514629e+01
8.262959988654137078e+01
-3.383367486281743197e+01
8.498490305127660349e+01
9.473257303246246863e+01
-4.882450687459937155e-01
3.021360881293790612e+01
-8.855976152822015024e+01
-3.067001394739391262e+00
-4.521371972525880523e+01
1.676648356307005017e+01
-5.441635501721235357e+01
1.488312163149637399e+02
6.979021032524545198e+00
1.137491209893137523e+02
1.441721291883809215e+02
-1.620967861430504513e+02
2.509698582335753514e+01
-7.917837267083905317e+01
1.335196350655591324e+01
4.710465346088788152e+01
-6.825104147759483908e+01
7.081208309542570589e+01
2.920325516786652642e+01
-7.751390067612514656e+01
1.571465439381018143e+02
-7.555513603953895085e+01
-6.531948347203702099e+01
5.485220806195032139e+01
1.059921832475397352e+01
-4.745503228715374178e+01
-8.750616221267320327e+01
-3.095746207778113757e+01
-4.871683616136790462e+00
2.256325913733633470e+01
-6.395948252662675770e+01
2.080428135416603936e+02
7.026095113779537371e+01
-1.362510517189811594e+02
-2.926878294152859894e+01
-5.871635437617341324e+01
4.349707120430401375e+01
9.751151091151834294e+01
-8.153615696939692725e+01
1.350335100824762868e+01
-2.169774364755355833e+01
-3.856900627008840132e+01
1.539710590132229129e+01
8.467109794721072547e+01
-5.168408689913030685e+01
9.899965422988771024e+00
9.097404263867724694e+01
2.848033315087129580e+01
3.925860376737772839e+01
2.788240046981443676e+00
1.148010955713124872e+02
-8.591750070133960548e+01
1.265351985181398078e+02
5.025082835746182752e+01
7.081617049799417885e+01
3.869322964987555480e+01
1.648862031729422881e+02
-1.041413145449338202e+02
4.151312777079377270e+01
-5.588333354047748003e+01
-7.758120946235561810e+00
7.533999830383146445e+01
2.154505275468166303e+01
-7.563634710707039233e+01
4.749486277518350619e+01
1.093486940237138327e+02
-3.596218148784472390e+01
4.374800177217562691e+01
-1.212699429873773340e+02
3.961713512282898364e+00
2.643309019756827283e+01
9.105667108590145631e+01
-1.328716633817441277e+02
-8.630474216178588165e+01
3.443983720362778911e+01
-8.404473019530058764e+01
-2.270382618487624526e+01
-2.612796747912671691e+01
4.806950681371600353e+01
8.320552000906911871e+01
6.410160615049238686e+01
-1.909516306241691552e+01
-5.817094428774431947e+00
1.267234297606076012e+02
1.159895385661636524e+01
-7.471563638467445401e+01
5.069433850182499413e+01
1.787361407654978223e+02
3.051683885636980165e+01
-1.252503606046801465e+01
-6.333234388960976702e+01
-5.245855833035331273e+01
-1.192469754126976937e+02
-1.133287801930398757e+02
7.710967811668948002e+01
-3.478815560560899200e+01
7.591916898347442100e+01
1.178648858718523371e+02
1.048925962716095341e+02
-3.779495207533138768e+01
5.606340922338738153e+01
-4.810901338235935043e+01
1.828434924927950078e+01
1.669707287464420062e+02
-5.913560894737902629e+01
-5.171676464606926515e+01
1.753286525496319541e+02
3.611756919591047676e+01
1.381007377486692462e+02
7.804342709264496136e+01
9.306531601019189281e+01
2.942593232519502422e+01
-8.580866245257055880e+01
-9.146015382732872467e+01
5.918824409995913527e+01
-7.764515354237842359e+01
-5.362749116532432936e+01
7.538687240578698834e+01
9.699489469741601866e+00
