1.637024301230515846e+02
-3.690646244757366645e+01
-4.464449021849512889e+01
-4.947897196041690648e+00
-1.032858196037583376e+01
1.905819832364178410e+02
1.281300822741457353e+02
1.029090239085265637e+02
-1.578448977888563718e+02
-5.175898848216814940e+01
1.502451547184440415e+02
7.573376707465079960e+00
-1.061497564247360259e+02
8.937926072869375105e+01
1.354958822096863571e+02
-1.318018976146385235e+01
9.206215578554787271e+01
7.824646169634290160e+00
-1.518555010235180873e+02
-1.186480868114815479e+01
-1.837139158026399954e+01
-2.719985129086348152e+01
6.813440805735342565e+01
4.220067836916094883e+00
3.205416600166851993e+01
-4.709440836603981495e+01
-1.052842983579607363e+02
-2.468138085459966291e+01
6.000387335079867768e+01
1.152446867743297503e+02
2.062227655604226939e+01
-1.990208250739998741e-01
-8.314479068415361951e+01
-1.418293957623941708e+02
5.574900797215222070e+01
-3.033103568003278738e+01
-3.483906374268715211e+01
4.278288234188035233e+01
-1.822960331311644495e+02
4.694115333283942704e+01
5.816564316507115961e+01
3.976843677961537082e+01
1.374354242113338032e+01
-8.726523752665318767e+00
-3.801956074121010687e+01
7.563735478948305513e+01
-4.628581112371385586e+01
2.877212958465803538e+01
5.117067457153777355e+01
1.244479366970931125e+02
-4.397700798684977741e+01
1.767448189341667444e+02
-1.938210986814519998e+01
7.744317086083140111e+01
1.144045336540614386e+02
4.579389400182009950e+01
-1.477794770503808479e+02
8.794559074412966027e+01
-8.989853185597850427e+01
-1.427770396871480330e+02
1.382352023932749887e+02
1.564120548078740285e+02
1.209522918675873342e+02
2.125686792440556587e+02
-3.569524541029510800e+01
2.249414783519250616e+00
-5.791310474155229926e+00
-9.245078797454542041e+01
-1.073634048101742451e+02
-5.498140758678412965e+01
-5.728105891084847201e+01
-7.387329038554109673e+01
-1.502148480565160682e+01
1.225153949657517387e+02
1.037010558434045322e+02
5.123669503179713303e+01
-6.755114377750499166e+00
-6.739520373787884466e+01
-1.748073145503650210e+02
-6.111907399579560263e+01
-2.155318158286046071e+02
5.002773791570118789e+01
1.391726253774342865e+02
-1.266661378538007199e+02
1.595950929971376127e+02
4.848236395023931777e+00
-1.866251644823454114e+01
4.901791193977578587e+01
1.234975002547721346e+01
1.238970402587451076e+02
-9.090421610443461020e+01
3.040994237058369620e+01
9.903953722401931614e+00
-1.450432381935635950e+00
-4.469832399293910186e+01
-1.187464520326716233e+01
4.389582761092393426e+00
-4.297573232811448918e+01
2.033933091828217243e+01
4.604394007167390157e+01
-9.508737166578052324e+01
-1.306485555270652696e+02
-2.216241468007143212e+01
-2.475324585255352616e+01
-3.231720130890374065e+01
-7.299539601802563027e+01
5.215896367839536651e+01
1.036069939170518808e+02
6.003159276940341016e+01
1.932865122001752241e+02
8.230961834390609511e+01
1.563374253859113416e+01
-1.375312529621159285e+02
-1.000474591293528448e+02
-2.536070546148284421e+00
1.508926134841992450e+02
-1.503094788774518236e+02
3.664699777895967969e+01
-5.214239261965773409e+01
-4.559612953407385305e+01
-5.072617925633691982e+01
-5.118653959186497815e+01
-3.520807159116210983e+01
3.100151321613261146e+01
-9.138586188774679897e+01
-1.107750011943658848e+02
4.895089592676441015e+01
3.969781084363307855e+01
7.133706245957546344e+01
3.312554979356463036e+01
-5.444955950905602293e+01
3.581354382366790645e+01
4.618869303915755609e+01
1.125698770131485276e+02
6.417664911126587413e+01
-1.237763379252843876e+01
1.197584648128131590e+02
1.679889599311389503e+01
-6.610917945822282604e+01
-4.255564113430419582e+01
-1.659734509041193817e+01
-2.535326345362166833e+01
-2.485010243523472582e+02
-1.137432189098578874e+02
8.294471792953353884e+01
1.529141906322210609e+01
-1.059964886917955198e+02
-1.107529955655560983e+01
-1.044636241182188314e+02
5.771198741563835455e+01
-1.635987143430062574e+01
1.882405249984693967e+02
9.547254871661455411e+01
-1.182322609947044754e+02
-1.462084112171727668e+02
-5.340058059860874806e+01
5.377508653132708361e+01
6.312389146179033617e+01
8.279870490063159139e+01
4.337900645904363728e+01
9.148002625266570931e+01
4.153554962879584167e+01
-1.830169785303258223e+01
-2.976856429836504958e+01
-6.242213617811857063e+01
5.640452699976334472e+00
-7.748571466798735230e+01
-1.302302416189376970e+02
5.081418748979632483e+01
3.865276096767811254e+01
3.496107707222964933e+01
-5.422030398724486133e+01
-6.344419434599351604e+01
-6.474665297055797453e+01
3.865646164928102024e+01
-1.288104500039313507e+02
-1.738123736075961290e+02
-9.598111343219912328e+00
-2.694452892339019812e+01
-5.439715356324914808e+01
6.254708327312869898e+01
-6.237255987215970521e+01
-1.662368030453732004e+01
-1.390848336507119996e+02
5.771170611909625592e+01
3.641634691730307338e+01
2.219756402339421086e+01
1.442911309022128421e+02
1.503467510106822544e+02
1.215225339595316569e+02
-6.246892955577559547e+01
1.438689265909244952e+01
3.724760839116075317e+01
-4.553015599715366335e+01
-3.211456321315732509e+01
1.020833671453147957e+02
6.173282910945314939e+01
-3.164057812209451015e+01
-7.602206006356439616e+01
1.565269772540070470e+01
-7.150741756802308657e+01
3.677477161570276820e+00
1.052439277900217292e+02
-7.475647003467626917e+01
-2.102615187735937496e+01
4.259567151826459508e+01
1.670581380676705763e+01
-1.666087459077158712e+02
1.199539049138090974e+02
6.136595321431148164e+01
1.105065750344538884e+02
1.473188087613202768e+01
-2.410302912710276928e+02
9.360526137141805592e+00
1.079557986957738365e+02
1.489751319692190812e+01
-1.590062925512398522e+02
-2.889318073024833780e+02
9.746960065784587357e+01
-1.249545860689445504e+02
-4.058331640581269539e+01
-1.130435474355990522e+02
-8.983461417574235952e+01
-1.923307472565655818e+00
-4.016666700397885137e+01
6.287472712622340509e+01
3.334732962303666426e+01
1.258731871449219852e+01
2.197623217266400886e+01
-6.608546814678226156e+01
-7.358563144387407817e+01
8.456696366017060029e+01
1.068170953336499593e+02
1.433299254823247679e+02
1.727940650936855889e+02
-7.390854866107311238e+00
1.339586413274399845e+01
1.600720538606098842e+02
-2.039991603474022952e+01
1.003987421721523532e+02
-1.574272604265054269e+02
2.021583555495994062e+02
3.805623899903774543e+01
8.201399480148275245e+01
9.377313057704863297e+01
-1.739673392941567798e+01
6.479291047859342179e+00
2.014053660404445623e+01
-5.184236334526042711e+00
-8.822917622445027064e+01
7.303255459420641671e+01
-1.314712485844614207e+02
7.248221638044985582e+01
-1.833753155738793055e+02
-4.107064191160564093e+01
-9.090012706868772341e+01
3.923695781499203150e+01
1.693738396759335387e+02
-6.390004584708675850e+01
1.109267725465628871e+02
-1.547738928943178038e+01
9.415412189997586268e+01
1.865156413773376798e+01
-6.165140445600700048e+01
6.503883252805749748e+01
-9.060959458184980164e+00
3.127999196204418553e+01
2.730226020056340275e+01
-2.230820583821654282e+02
-1.166500612800404753e+02
1.655812217478500372e+02
-1.591817838556379456e+02
7.203406011611890847e+01
3.370383850780753221e+01
-2.106428988298999059e+02
1.243696680434869251e+02
-6.729006088012303621e+01
-6.245189364835831469e+01
-1.142020700761540866e+02
1.220347304864681917e+02
6.865715572154626045e+01
6.742114521219556877e+01
9.485599735084346662e+01
-2.660263447242623513e+01
4.653799040584321922e+00
7.490366480896021528e+01
1.207434441565437879e+02
9.112526102264662597e+01
6.158908812872180505e+01
-1.898232377166860374e+02
1.266309729308520637e+01
9.781040631207569902e+01
8.740807840533530282e+01
2.162809363371827587e+01
1.371910851760232219e+01
-8.006567670426593963e+01
1.289315221478128990e+02
-1.915693212597953448e+02
1.467920238816112146e+02
-2.884338570859071282e+01
-4.106637705549978534e+01
-1.831465931082549758e+01
-2.167378239661906036e+01
-1.207055650629867642e+02
-6.751017366718444102e+00
1.473673945889500772e+02
7.303688173676769679e+01
1.049012705555049507e+01
-1.423539830821974874e+02
-9.383540674791190384e+01
1.938218842595384928e+01
-2.936588655451157024e+02
1.056684771920004451e+01
-1.042215692400807683e+02
-1.584006647050871948e+02
1.304158937805268579e+02
6.339712687962467186e+01
-2.259588369363365956e+01
-1.030841179996653239e+02
2.520214932378939565e+01
1.670449109941705785e+02
-8.504964451268681103e+01
7.655343592776652883e+01
-2.585971510246501737e+00
-1.182172840222758623e+02
-7.396135112559744584e+01
6.560682241756535404e+01
-9.418394982992364817e+01
-4.810155038157714058e-01
1.290998559373930021e+01
7.393708336882211540e+01
3.600566409154990311e+01
4.696074421194607851e+01
-4.236181112677075333e+01
9.819075842102392926e+01
-2.146278330461807968e+02
6.753561637647587190e+01
-1.499488095438395874e+02
-3.490523444187865465e+01
7.536769402388746641e+01
6.244434325783912776e+00
1.105307916217925026e+02
-1.381443976236223818e+02
5.406274749167490512e+01
-6.220342977086006897e+01
-2.566618646287336674e+02
2.030057168062430151e+01
-5.074016747526747650e+01
1.020458666117846036e+02
-2.198583919977622259e+01
-1.651657082161416099e+02
1.477455115756555983e+02
-1.205290568804120177e+01
-6.777449470119547925e+01
9.456534105366185372e+01
1.541693387260577026e+02
-1.381599723751542967e+02
-5.622808699935168875e+01
1.697528710698516363e+02
5.307733111800308734e+01
6.722536863359669823e+00
-1.277770796514081013e+02
1.202214333666762798e+02
-3.073143171169029131e+01
-1.221024802959801434e+02
8.677767706563277272e+01
2.465646236052450320e+02
8.002804591179057070e+00
-6.594247851132770677e+01
5.713059611138096727e+01
8.367143223651625661e+00
-6.314941617787820860e+01
2.928082765575234347e+01
2.812532665878748972e+01
-4.656833896062539679e+01
-9.808139520641861964e+01
8.059885526770072772e+01
4.178513004374495665e+01
1.448786290573856093e+02
2.433137871163154102e+02
6.288618101602241950e+01
7.657001296480474650e+01
1.614490950152270443e+02
7.286030220283109315e+01
-5.841135678414501342e+01
7.316353524369029060e+01
2.698669657121374144e+01
-2.576486599074229957e+02
7.337316305621011736e+01
-1.685950438860248468e+01
-1.193358022920146482e+02
1.553495678024776616e+01
3.336524972201026884e+01
-1.361077662414491272e+02
1.026371512590866075e+02
-1.267441698942655748e+01
-2.428686562927964587e+01
1.357923161799052991e+02
-1.662086410743771125e+01
-7.484966196113762749e+01
-1.150257435998011317e+02
-2.264615066540041610e+01
-2.391828826489701854e+01
-1.230498986328511819e+02
-3.268667859623872118e+01
1.199882803752779559e+01
-1.833328653761942064e+02
1.220995462011631787e+02
-8.966016645239510297e+01
9.764777653245944578e+01
4.532322842785969641e+01
-1.051375310062820319e+02
-4.067424832117075084e+01
-1.245987217351171097e+02
-9.093250250344480889e+01
-4.717206300444384937e+01
2.791289831314439951e+01
-5.620667568359223054e+01
-5.536186924822413857e+01
2.465703535329324225e+01
1.557604335474781578e+02
-1.004521519245244576e+02
1.079667493353792906e+02
1.511781340640104929e+02
3.556363477223970904e+01
1.590268094928265263e+00
1.164951341121941084e+02
-6.774049528570674283e+01
1.558406920170704524e+01
-2.210713815040112422e+02
2.526979082472964819e+02
6.376501522496711516e+01
2.273463288823162429e+02
2.077510606676651719e+02
-7.601344875179596272e+01
-8.622588809063380211e+01
-1.365187583431785754e+02
1.231791960711875760e+02
-8.207885875509637685e+01
1.938098436926662060e+01
-4.406180854352056286e+01
2.414865126980086174e+01
-2.170414998365168824e+00
4.793111504011921653e+01
1.733740098437964150e+01
4.178201156077913936e+01
-5.852062163902512992e+01
-1.812694503757514042e+01
-6.998523224697582634e+01
-4.184178160420913883e+01
1.232702865791014091e+02
-6.539546600971232237e+01
6.539685452387739417e+01
5.116683390416942245e+01
1.382624004837653047e+02
1.387082648437838088e+02
-1.959495789209395866e+01
-7.240410721701501018e+01
7.466441147691737967e+01
2.047425494700266881e+02
-2.575544460398430147e+01
-9.825954230114628984e+00
-4.971528912383716658e+01
-1.502798634437177725e+02
-1.902404313001750324e+01
-4.873576805803989487e+01
-6.279294359430244299e+01
-1.033133616085902275e+02
-1.529596820854010275e+02
1.812722918376446657e+01
2.251249817585702218e+01
3.228005306502691951e+02
1.028731850065965432e+02
6.451934863990715030e+01
4.134947191035605130e+01
5.922225374436418832e+01
-1.156843548163787858e+02
-1.203732251883753293e+02
-5.230692364971926622e+01
-2.016005763276106109e+02
-1.294311237027058894e+02
-8.722508534340411757e+01
1.095223281295650111e+02
9.781976050924190247e+01
-3.815443884479597259e+00
-1.623494944563973945e+02
2.934250839613156714e+01
-5.045472729666944645e+01
-4.106233860583527218e+01
-3.739810959450806394e+01
-1.819160113814746538e+01
-3.161532781434368999e+01
-7.212652855576908451e+01
-3.630798844655365087e+01
-1.287015767818601546e+02
-2.575518995378938314e+01
4.109248686532161088e+01
-3.840289591402662239e+01
-4.980967064342200246e+01
2.583599830732934421e+01
1.102654058743320604e+02
4.749748831774725488e+01
2.202837641938335977e+01
-1.167529650520530282e+02
5.721357611348796723e+00
-2.964825134162114750e+01
-4.241776425151506658e+00
5.818280759364618859e+01
-1.424198342700823900e+02
1.756539041621742214e+01
1.474051721420485137e+02
-5.908930997952975872e+01
3.835744828063427292e+01
8.684713111168224486e+01
7.166448339702191106e+01
6.395606289893421348e+01
9.886730940472641294e+01
6.782003049053086841e+01
-4.359084502306586728e+01
3.158971683814843345e+01
-1.445988426396909965e+01
-2.618971401527740994e+01
-7.230065128744685410e+01
2.629399180761594579e+01
7.370183602413172252e+01
1.194468365121257989e+02
5.868032135364477142e+01
-1.162352508816512753e+01
6.105066935850201304e+01
1.248072824212597567e+02
1.216110271795513569e+02
-1.681751709847758036e+02
1.152554370217188904e+02
1.776336898568540903e+02
4.404543411094698513e+01
1.127352724698609734e+02
-1.069510229891502888e+02
8.625065769921873482e+01
2.128610554328535898e+02
4.159099779831603882e+01
1.780085933712674517e+01
-1.322912811772386590e+02
-1.265491983926060868e+02
1.150639126159696417e+02
1.195464187791582020e+02
-8.064968440376510728e+01
2.262181655411141890e+01
9.349758152430254654e+01
-1.127727553177648616e+02
9.289370063894183716e+01
-1.086751983224806395e+02
1.294108831267914752e+02
-6.275328232347980872e+01
2.297395117225985359e+02
-3.069695958841692729e+01
2.074181161591985401e+01
8.054416083834236417e+01
-7.215949444485950437e+01
-5.181875533804164746e+01
-4.860798130119700033e+01
-8.661319173586339559e+01
1.008858320757955624e+02
-5.686674929169979009e+01
6.513734991268820806e+01
-3.952197049962303055e+01
-4.487737105039887808e+01
-1.701917953062691993e+02
-5.684017953476688234e+01
-8.356009835230905125e+00
1.145391100662540929e+01
-2.000669111305596175e+02
-5.637824163392370025e+01
3.638205705447908400e+01
8.514594064731553225e-01
-4.019647677976947442e+00
4.012991730142771019e+01
1.415435248357071796e+00
-1.392102989482691271e+02
6.973446238343018422e+01
8.064225420049898219e+01
-8.247912575092553311e+01
2.290206822867371841e+02
1.379325491856947110e+02
-1.714242924304157256e+01
6.338473385250399161e+01
-5.838521659011502862e+01
7.045480882017206170e+01
-8.552168920701811317e+01
-6.101608419281328111e+01
-4.444549477013965344e+01
-7.313944644942436568e+00
-5.911210261506617769e+01
5.225910444749698769e+01
8.348510809723227055e+01
2.403438878141328061e+01
-2.020355668776005302e+02
1.360702274358891373e+02
-6.727415044301748992e+01
1.212247485418146624e+02
-3.177113582017308957e+01
-4.577412656928402868e+01
6.043236235145526791e+01
-7.505876906787216285e+01
1.491279502937318568e+01
-1.181778335665185011e+02
-7.640006850423712592e+01
-2.385432646359543583e+02
-4.149709053427447003e+01
4.328044146883212484e+00
1.168097663497177052e+02
-3.783056505695500960e+01
-2.604261065335547798e+01
-7.996400947038580398e+00
-1.683118143949057526e+02
8.319307318785126881e+01
-5.723103808736965448e+01
1.322643641436067519e+01
-8.749175282731388847e+01
9.729619440888743753e+00
-5.569637033352108801e+01
2.525594477890905765e+01
-7.800579293445942142e+01
1.792003690513814718e+02
-1.084083880428195243e+02
-2.268369845057776786e+02
5.357426272303001014e+01
-3.754935182670687510e+01
1.303557371980488142e+02
-1.093612489208963590e+00
-1.495960835678125989e+02
-9.161346899674862243e+01
1.028141745915053207e+02
2.068038795987581011e+02
-4.188360976725851970e+01
-6.176739787200005338e+01
-4.450158420775441215e+01
-2.375387708570328016e+01
-9.774092775148675116e+01
-8.092212976128740465e+00
-2.662551416952236494e+01
1.030400139781462912e+02
-9.594719711242383653e+01
-2.354582201987018841e+00
3.881282013215847115e+01
7.139274905687709349e+01
-9.388264273930238346e+01
-7.765005285747461983e+01
1.033421011078783351e+02
1.342774301450913299e+02
5.297959016739921623e+01
9.779101842306211267e+01
-2.571045696393992941e+01
-8.079101224407591531e+01
-4.548120110221695045e-01
1.519917082090342717e+02
5.978230478568823614e+00
-2.055078668996715319e+00
6.308409404285197297e+01
-6.529455968352881712e+01
-2.587263338707435523e+01
-1.405651164682571164e+02
3.960691624387511212e+01
-1.360006367863901460e+02
-1.003576061250217748e+02
8.145546372777579336e+01
1.968899895462563876e+01
-7.537645757352305509e+01
6.626204215254399799e+01
-2.846836875560020630e+01
-1.496696601824612571e+02
-5.944065525854104237e+01
-2.674778049682471348e+01
-7.771920737459741702e+01
1.633880946187073846e+01
6.730034062009521278e+01
-5.210643622599788216e+01
-1.482487531664135005e+01
-2.537003141677270790e+01
-2.465101944298252334e+01
-1.812810570658878717e+01
7.963502262179811453e+01
-1.964256336050112139e+01
2.692908712071057664e+01
-5.797233911751399660e+01
-5.086144041079696088e+00
-1.388813773788055528e+02
5.145685442409640586e+01
4.743920089961881104e+01
-2.898279641322262989e+01
1.254238113007676816e+02
-1.978954759300914361e+02
-9.940361195909422065e+01
-2.122322265954694132e+01
-2.108140881161733091e+02
2.824829115496375564e+01
-4.451520075733212423e+01
1.540448461825708932e+02
-8.053454942682391504e+01
2.370026535648949917e+01
-1.776177056401859522e+00
-1.153276543969904822e+02
-1.544464504402488947e+00
-6.222146561963495515e+01
8.859667980533367881e+01
-6.486385325586132922e+01
-2.703277857503254111e+01
-3.523768125750159186e+01
1.323206150568170187e+02
2.683644137739723945e+01
2.459650261234827724e+02
-1.220553912204438234e+02
-5.030570212517575612e+01
-5.829944605682781855e+01
7.628608008408532726e+01
-8.955210456115486295e+01
7.060466188029985801e+01
5.116366929928884311e+00
1.303829929194830015e+02
-1.178591027814841485e+00
3.365415665583972427e+00
8.585637917197276536e+00
-3.530463583750842531e+02
-1.713674881681596318e+01
-3.865998006161936473e+01
-2.224601175687438683e+02
3.791207744692754034e+01
2.486817015118586127e+01
6.432262298406462264e+01
2.072215271216410599e+02
1.132847105110024444e+02
-1.192885902677011529e+02
-8.319771069726424884e+00
1.894087394260822066e+01
-2.231376144010514224e+02
2.466040480430812920e+01
4.571961041559718097e+01
-3.695263064300772449e+00
-1.160807377817623234e+02
-9.176460330850505898e+01
-4.498170750282595165e+00
-9.403407223370861345e+01
-7.063846563673352819e+01
1.668462278600831183e+01
3.885212670165842752e+01
4.115309510116682645e+01
1.055718862731321366e+02
-8.598858908613239294e+01
5.247415102747925175e+01
-1.324215973936146185e+01
-2.972307452811939399e+01
7.781926932310166478e+01
1.043683431134915338e+02
4.833868365944150725e+01
1.308412436735184485e+02
-4.455790284793000211e+01
8.768164351519986610e+01
1.682007212888128436e+02
-1.402298180625843145e+02
1.006154831864979258e+02
-1.088859290535757367e+02
1.243875592070436369e+02
9.475437192855050483e+00
-2.305936559915379647e+01
-2.202578306164231137e+01
9.544555044527631082e+01
-4.680543666793519719e+01
8.794012223062860301e+01
-3.660724662006925456e+01
-1.720761770122011569e+02
1.381239978313890333e+02
1.646183638188095699e+02
1.215723672102430442e+01
2.025759654476625826e+01
-8.187255428410627189e+01
1.539856999111941604e+02
5.168588037926836165e+01
1.443725393435457072e+01
7.174756921189954539e+01
-1.567809845073842325e+02
-5.561339505428330909e+01
1.204776638250409526e+01
3.685735546872209767e+01
7.599777540139798759e+01
4.946783695955963367e+01
1.119571432838061611e+02
1.064610304405122321e+02
-6.856839754522639829e+00
6.847619960152099949e+00
-1.359193907944789714e+02
1.322582252116441168e+02
-1.574359794427192014e+02
-1.070268343406306570e+02
1.430676840729199171e+02
-1.082691525882448218e+02
1.059400096144306858e+01
-4.869129873709402290e+01
6.987734423989479637e+01
-3.812964005235760112e+01
-1.187452993981401050e+02
3.127780065179494073e+01
-1.643952561338484486e+02
-9.483550268569926800e+01
1.242160757721088231e+02
-4.778400315183400693e+01
3.612631343013496377e+01
8.462319691970134272e+01
7.141205250631810486e+01
7.382831468153698040e+01
-5.449163693291982469e+01
1.310619182936855509e+02
-5.272093786651787184e+01
-3.885284799315014936e+01
-1.871935304296007629e+01
-5.656986991627545791e+01
2.575279213296702707e+01
2.729553875414287845e+01
4.748369133547060272e+01
-7.894608533852890275e+01
-1.042853808214148046e+02
1.114609058431819477e+02
6.267020519049091121e+01
-2.019430437200207962e+02
-5.276806528677714425e+01
5.995811621884018905e+01
9.811569782015515884e+00
2.344099707894370681e+02
-1.272318883428346652e+02
1.123830787306558250e+02
-8.979594982075542475e+01
6.780572847919771107e+01
-4.784906387899241054e+01
-6.040079936663835269e+01
1.512620930300935811e+02
1.288288051853312055e+01
4.291771525323207470e+01
-6.737119418898188883e+01
1.325332131840555974e+02
-5.210938460034377329e+01
8.049856411068812179e+01
1.782046840961094745e+02
-1.889420660085719916e+01
-5.461241632223579501e+01
6.036268061020646059e+01
1.102800383180171337e+02
-6.026992409558286568e+01
-1.028660644550706706e+02
-1.555020804322736581e+02
-2.612568823441060886e+02
7.169786121444852256e+01
1.905175860640833108e+00
-2.377341227738989460e+01
1.583005832633198224e+02
-2.235895374107520439e+01
-2.622233240468966109e+00
5.441887381931442036e+01
-3.348319815583631254e+01
-1.551409183315390408e+02
-6.836479015775573931e-01
-1.184991672687699378e+02
-3.090362942646540656e-01
-8.919492331816510955e+01
7.446052816615231507e+01
-7.415053402882499256e+01
1.282841664154157399e+02
8.641456850132919953e+01
2.758397319890832122e+01
-1.353589031731079331e+02
3.082418367704230988e+01
-3.859239709326155321e+01
-1.685649336894530279e+02
-4.859278986580935822e+01
-1.229409977689835642e+01
-1.315034043432962960e+02
1.570215876246846420e+01
3.668561246895475136e+01
2.371478730246714690e+02
1.656231079724305175e+02
-4.474809580665786513e+01
-3.302889869540364032e+01
-4.567774536309963196e+01
9.533377668739630906e+01
2.380181924796025328e+02
2.355309824764564297e+01
-5.065173505736873238e+01
-4.165150041430077010e+01
5.728925894303294797e+01
-8.315992171938502509e+01
2.975583397372308525e+01
-1.276540550005023817e+02
7.380683629895332842e+01
-2.121645803158821764e+01
1.185522904935604060e+02
-5.298226436793643757e+01
1.491507200922237928e+02
-4.427635676058547887e+01
-7.074038846159407967e+01
-4.107546800473741655e+01
-9.164228104935078534e+01
-6.526277435070090860e+01
6.580565061812590599e+00
1.203410445133337703e+02
7.118026940539738234e+01
5.726885579279926475e+01
-1.958236153827034443e+01
-3.492431215346583429e+01
-9.247011268519595717e+01
1.956424091027386680e+01
7.136129258795128294e+01
4.599643730460951652e+00
-8.517755000702085511e+01
6.058311089525695792e+01
-1.635132776146180049e+02
2.012483482313640692e+01
8.732366393157386142e+01
-2.499874662140600634e+01
5.520682344939080366e+01
-9.716850215521942502e+00
-3.003828522159409431e+01
-3.655275687956905983e+01
8.105499706351754696e+01
1.487300032616288945e+02
-2.666448082557666339e+02
-7.825350127818832391e+01
-1.293169276661267020e+02
5.475399445283554201e+01
5.126960948406269125e+01
-6.343530085244440642e+01
-8.749329021947831464e+00
-3.546353919645766695e+01
-5.502337748757189217e+01
5.209374796737206736e+01
5.483758612999575632e+01
7.060758678658751819e+01
9.979688507705946066e+00
-1.569119067562782845e+02
-3.144895021810384250e+01
1.139789033996104308e+02
2.579095803471029669e+01
-8.869220046144918967e+01
1.195411311470300006e+02
-1.214025490879628819e+02
-3.398151517803708277e+00
-5.340582605947153283e+00
-1.389586921894487759e+01
1.643081069694756025e+02
5.682607681350587825e+01
-1.356009898016660742e+01
4.334005353765741830e+01
8.421855717929750540e+01
-1.849485351192650455e+02
-3.215740766725970445e+01
-1.752228423286065890e+02
-5.041315368456724144e+01
-3.982938700295121492e+01
7.508808170404622118e+00
-1.067807292104544956e+02
1.098892690920768445e+02
3.874116304287189649e+01
-1.007032822507655965e+02
1.414063563561100239e+02
-7.237006015956362148e+01
8.014428098222776953e+01
-2.996499005010305527e+00
-7.980884059152683108e+01
4.878029096964061750e+01
1.180501739513770332e+02
-1.705074962565174417e+02
-6.179777287763974414e+01
1.993406532278924885e+02
-4.313104656210470722e+01
9.351082179821899842e+01
-6.611246194918194874e+01
1.411805216761863324e+00
6.788783890130523524e+00
-1.542757450303831313e+01
-8.253795789841984476e-01
-3.360251552940216868e+01
1.361914058576199409e+02
-6.175860637214408655e+01
6.712746891905361224e+00
9.104206326557486761e+01
9.942840779223205416e-01
-1.274764768001517723e+02
-8.017393876205738934e+01
3.781962264112728889e+01
-4.366132913916666780e+01
-8.780197762651376081e+01
-1.335287486054739361e+02
1.745617027505732821e+01
-2.933158742814371678e+01
-9.858333672153719363e+01
-6.912532409981420756e+01
-4.273537259097467711e+01
9.489942202867825927e+01
5.658217645817430963e+01
-2.579358275702347925e+01
-1.559240874047018508e+02
-4.404564806864563309e+01
-3.950214452808866383e+01
-1.155282464991424547e+02
