-3.427546662036681369e+01
2.138091867228530987e+02
-2.893915398743610012e+01
-3.350302549654821860e+01
1.562293691098555541e+02
1.530425408708007353e+02
2.635122420303256945e+02
7.900509039680122214e+01
-2.721361773636803427e+00
-1.271827222744753101e+02
-2.022841536856056166e+02
-1.033904430883567294e+01
4.771128393251048294e+01
-3.451995054238221883e+01
-7.574018678980237951e+01
-5.945859884616906754e+01
-1.447247904388303539e+02
9.599049442903814011e+00
8.417095121538446278e+01
-2.990930109499935208e-01
1.755194351594442992e+01
6.936629376086182219e+01
-6.244077435308810209e+01
-5.186759480890245300e+01
-1.447755304398917815e+02
-2.106903754739727503e+02
-1.921100902668174513e+02
1.562219419855448166e+02
-1.564594223533197521e+02
1.383339288310028223e+02
2.173524682611193981e+01
-3.976275350095603045e+01
-2.225010049485418406e+01
-4.184972949889337102e+00
2.648479309160173045e+01
-8.401430145723065834e+01
4.488545517536278595e+01
1.271308902639972302e+02
-1.157160250627308216e+02
-1.058495776751466195e+02
3.312160572066434128e+01
7.511615855922366336e+01
-6.801667778011584176e+01
1.197368436471381017e+02
-6.631749018779034088e+01
1.836458312951789367e+02
6.915657231209185341e+01
-9.695145573229024194e+01
7.739586334501478149e+00
-7.689533050835196093e+01
-9.724760766988190142e+01
-5.398971147360852285e+01
-1.103487809383856302e+02
-1.150461904312253409e+02
4.808352451591181875e+01
-9.178746430181082872e+01
-1.608453058419477486e+02
-7.490903494066726509e+00
-1.581500907714826951e+02
6.398762654647021009e+01
1.154190500306930289e+02
1.977986339175409682e+02
-4.687873426962796231e+01
7.469739595386435838e+01
1.033891634662581538e+01
9.089867378499870654e+01
5.823665218699427015e+01
2.699144580998763843e+01
-2.207861192448025278e+01
2.230035343253406666e+02
1.369044243002445000e+02
-1.636008631992444577e+02
-3.811371967707270159e+01
5.035755535683213679e+01
-1.579101695954799744e+01
-7.126449709983525338e+01
-3.640657210129767662e+01
2.349850176233556454e+01
3.191261865288617727e+01
2.144483511939003506e+02
-4.931178826490174316e+01
2.420026596352086301e+01
2.053461358676533450e+02
-1.464915207596147795e+01
-7.070160193197664000e+01
-1.202583799439357781e+00
1.071220168722183175e+01
-9.987575110954755075e+01
-9.021104999612376218e+01
-9.757389533272011306e+01
-1.248249902844104469e+02
-3.277778722246888776e+01
2.017063339135658850e+01
-1.848421714418326474e+02
6.202799128138345708e+01
-1.210362065946045220e+02
-8.493524891855662418e+01
1.212461436334890053e+01
-1.607426255616201161e+02
1.784918795023886844e+02
-7.800383547698370279e+00
8.537459270875066863e+01
2.002518271408230177e+01
9.017681341426069253e+01
-2.241005583124397305e+01
-1.325835065406461233e+01
2.311053065408086127e+01
5.218010355123098520e+01
1.386288786709267526e+02
-5.038961436511210934e+01
-5.522771424031321708e+00
-4.893573371054637988e+01
4.498449492405227090e+01
1.213825175794611866e+01
-4.885143574940201461e+01
6.976552816053474260e+01
1.700386800944502568e+02
1.783109582373853641e+02
-1.032956235899496562e+02
6.322116609458304737e+01
1.201560291047750866e+02
-2.384828017620401042e+01
3.260723829116808758e+01
-4.297619310174595597e+01
-1.211150800312185964e+02
-9.946195152435862497e+01
3.137390926701455385e+01
-5.145469928331723786e+00
-4.789996693938853412e+01
-1.420946396893850405e+01
3.108839413986935796e+01
-5.345957695655361164e+01
-3.092424176372354339e+01
1.762727613119604442e+01
-2.808635818469284118e+00
-4.608620320713938412e+01
1.201132450595509837e+01
-7.768946838934421351e+01
-9.445576538198592687e+01
1.744308744842894043e+02
-4.439222277585630394e+01
7.738058637380903804e+01
-2.040516623655401531e+02
4.479500544556361064e+01
1.316369346514943288e+02
-1.546087692958756676e+01
1.838563383524352730e+02
-3.268893542872022095e+01
-1.342744882159039719e+02
-7.276929584573760224e+01
6.268524317227780074e+01
-3.228302729633028889e+01
-1.257006306132760471e+02
5.065835808442646737e+01
1.238606961891515112e+02
1.198618877162932534e+02
-1.774008141850587705e+01
1.230571632131107762e+01
-2.955407858863318182e+01
-1.776161161009749208e+02
-6.931506679842161134e+01
-1.153718443956699531e+02
-6.195635668811804919e+01
-1.839665807341279162e+02
-9.596993274661022610e+01
-1.113938507426675386e+02
-1.120728620959129955e+02
9.631699900888966681e+01
-1.069328762605108452e+01
6.854440293308478260e+01
9.308562339098335769e+01
9.171341676305907242e+00
3.181849880615560267e+01
-5.809568488187429836e+01
2.583053066026503863e+00
-2.489785254654036351e+01
1.644255884108757115e+01
2.029316506369072499e+02
5.168004059850409959e+01
3.047078681240102327e+01
2.472210430765078826e+01
4.752471259662218728e+01
2.244831195376875996e+02
-5.389284317051774309e+01
3.418145982976412967e+01
-9.121445179986660889e+01
-1.954196909412110301e+02
-5.373729545631989879e+01
3.920112492023064021e+01
-6.458521402964895231e+01
-1.544379688543738212e+02
-2.726254672363340070e+00
-1.472285071709118824e+02
-3.103291349598278259e+01
-5.445108522765104908e+01
-7.848642648030637758e+01
8.534390587087736790e+00
2.140508812924568645e+02
2.630085364105584134e+01
3.032300805903970442e+01
4.026541556895672613e+01
-1.487615807339620915e+02
1.038522363712168044e+02
1.328049835913927268e+02
7.868773945150522309e+01
1.402059323551598879e+02
7.074334897962043556e+01
1.611586253317547346e+02
8.277820207451415513e+01
-5.010647572601832422e+01
-1.052321014605057137e+01
-5.993667584564593653e+01
3.625625400816406341e+01
1.037985469080062160e+02
5.222230706683604673e+00
-8.517702690365661056e+01
1.396206506204231061e+02
-3.964598538183321352e+01
5.538424696745129694e+01
-1.134664264209948072e+02
-8.252866436472002931e+01
-1.807634607027994207e+02
1.465193465129545514e+00
6.699489444469374000e+00
1.826849764113628680e+02
1.448231229989227984e+02
-4.337046934306678025e+01
-2.908484385567393815e+01
1.572104701360080696e+02
9.406785599277802135e+01
9.555581215406488127e+01
6.556313904970565432e+01
-2.096129966676500089e+01
1.201739214120579824e+00
1.606504783829882115e+02
-7.828995718577012042e-01
1.361618314368233200e+02
-1.840940856764931084e+02
5.466990097646561253e+01
-1.209691505647603265e+02
-3.829688934121145416e-01
1.751047394218148767e+01
9.681366159932463233e+01
-3.416909280393910819e+01
-1.046667695074556192e+01
-1.832966191326669048e+01
-2.074541743804733187e+02
-7.837167680684234483e+01
2.353157300233630167e+01
-1.333188460274081066e+01
-3.689545875577744027e+01
-1.930438685896426776e+01
-7.139964754219100485e+00
9.302566164587909725e+01
-1.035028922993380007e+01
9.000427075391154119e+01
-1.282624467045243648e+02
5.263823462023750466e+01
7.672251917950821110e+01
-2.692758399745440201e+01
2.291543290928982799e+02
9.797595847546386949e+01
-1.516024898698687551e+01
6.081866812112394172e+01
1.720323779878045229e+02
-2.174946354775091351e+01
1.143327702987327683e+02
-1.133663200485521969e+02
4.107436310338066932e+01
-2.621907866763134720e+01
1.802400366043475444e+01
-1.022165481463613332e+02
9.560130997771153716e+01
-1.855733485153029250e+01
-7.597360907038130051e+01
-1.627294945122914385e+02
-5.486455528978326157e+01
-1.006014088641756103e+02
7.094302557267141651e+00
-3.545665713947072106e+01
-6.148215160952556602e+00
7.022745528527806869e+01
-1.473509506698358109e+02
2.031943588928895110e+02
-1.129545531348796317e+02
3.782847457390433021e+01
6.493403108358073439e+01
-8.528642133488050092e+01
7.379349876696514876e+00
-3.532053360417641130e+01
-1.934159322928232143e+02
1.185807622090696327e+02
-1.121040083769197224e+02
3.498279893011621056e+01
9.943897919078092684e+01
-1.068840820876079505e+02
-1.467061243012668967e+02
-8.984267407367018166e+01
-1.366922836745549041e+01
2.042856211569564664e+02
-1.410477867363436033e+01
8.790455255790608646e+01
1.259669829788165742e+02
-2.609067358463112640e+01
-1.842424697393041981e+02
6.535276903200076504e+01
8.393200906567892616e+01
-7.176687566211768399e+01
-1.369037166197686304e+02
9.950992327978029550e+01
4.338012589016231857e+01
-3.771023842941124826e+01
6.265981426112819719e+01
1.388488111436484473e+02
2.254064094173312682e+01
-4.823828527164534918e+00
1.038779998257624300e+02
-6.077783888626587583e+01
5.743385125120425982e+01
-8.476636729441223395e+01
2.180068365447578742e+02
-1.070509272061477475e+02
4.869958942879767250e+01
1.845091988661662867e+02
4.769946193511721333e+01
-1.174077554390641254e+01
-9.440061326209423953e+01
-6.148463802474935846e+00
1.426997366508643665e+02
-6.391881663422879711e+01
8.893056601795791494e+01
1.585344658919448477e+02
6.296748984713187980e+01
3.294925023016839649e+00
-3.163534257769515534e+01
5.353763060659622042e+00
-2.028430650841825411e+01
-6.188646003989311595e+01
-8.004884551261908143e+01
6.545827377420820881e+00
1.243179743667304251e+02
6.037417844104289344e+01
2.179305806461137962e+01
-2.124826316606829479e+01
1.026660236388727441e+02
-9.143806047605400522e+01
7.220808462176081832e+01
7.823833894538542211e+01
-6.538471751443428559e+01
-1.453752693945086207e+02
9.302824089885260150e+01
7.833027031706622267e+01
-8.195281747176530018e+01
-3.296223954880018425e+01
-2.517258728454218542e+01
4.847611432643757468e+01
1.178981450852349013e+02
5.823818923635469247e+01
-1.431808348881682775e+02
-8.842062113206652896e+01
1.857392877752632288e+00
-8.600452656655532735e+01
-1.251857383357026379e+02
8.079966487502426631e+00
-8.326001596846526809e+01
8.487342337066750986e+01
-6.240902790308118142e+01
-2.213184665478339852e+01
-4.026248934242573796e+01
4.476171065395131876e+01
6.861681944543930456e+01
-7.022445952206761888e+01
4.301690485396986929e+01
6.520080261591456861e+01
-3.199347129031978554e+01
6.401950640934998660e+01
8.602244460522692293e+01
-3.434473093727418558e+01
-1.869964866766227729e+01
-2.239785242313708125e+01
-8.753574557721937310e+01
-1.432638014118929846e+02
-1.182413710921671139e+02
2.265496670466018543e+02
1.023960454055787217e+01
-1.040394915354018224e+02
1.345594337041378878e+02
6.838483734728251306e+01
2.021511693313440787e+02
2.515491040886128005e+01
2.276350740510135608e+02
-1.441232184712964113e+02
-2.860228732566406151e+01
1.244739348463222086e+02
-4.146708004289961025e+01
8.700716673014395042e+01
-2.461853778425206229e+01
2.714036991827748579e+01
-1.129575584238672832e+02
-3.901802575139650742e+01
-8.181969938093695660e+00
6.781694642876880152e+01
-2.227431266311145635e+02
-6.096615227374856971e+01
-3.922370720332778404e+01
-1.413959540452256363e+02
-1.102590197251118553e+02
1.451732433734677308e+01
-1.693211000358310514e+02
9.508864741572125467e+01
1.052382221918386733e+02
-1.802239283843978228e+02
8.555606743149199644e+01
8.883551104987292035e+01
-6.817611140076645881e+01
-1.646098501493652293e+02
-2.902404700207474662e+02
-1.042644549641920833e+02
-1.071015915464519992e+02
-1.238688260000153818e+01
1.413177097845970138e+02
-4.797002271159340836e+01
1.229984713902837399e+02
1.354677005157145118e+02
1.185197405643162583e+01
-2.719889558150141884e+00
-4.322077263098744027e+01
-2.003734356453354337e+01
3.964974451326261118e+01
-6.714726340156816775e+01
-8.056407119164248343e+00
-1.623961093986983713e+02
-1.275491549577609440e+01
7.753765074967706283e+00
-1.977275421527213837e+02
4.088331372981541989e+01
-1.034899820490606999e+02
-1.432005642360389004e+02
-1.217479620793089623e+02
1.834954236419317652e+01
1.275338016647801709e+02
5.251590119224042752e+01
-4.027332111801292314e+01
4.388568757513981566e+00
3.116109786371715629e+01
1.504164227908584373e+01
-1.298154755600571377e+02
-1.531056051342419977e+01
8.188016156240298926e+01
-4.966540712856402706e+01
6.197076326654840273e+01
1.973608508497754030e+02
-1.293399222449625086e+02
-4.528425042730236605e+00
-3.161455080523657912e+01
-1.339800223070365170e+01
-7.695917095839655531e+01
-3.751032287268358800e+01
-7.847452290100848415e+01
-6.219555850171702360e+01
-3.391758675886139685e+01
-1.509180609154136619e+02
-4.104595168936573657e+01
-5.033428496918236306e+01
-4.380690636857791986e+01
1.752645382120410034e+01
1.261922524239956545e+02
4.466262765453544858e+01
-2.006672156389025474e+01
-5.625591658364224656e+01
-1.008894656708835846e+01
-5.609656617612167651e+01
-3.992693614769183341e+01
3.262185093085599785e+00
1.464781034787639555e+02
-7.822344285774289574e+01
-1.759497629511784851e+02
7.236577724386418708e+01
1.352540811649089392e+02
1.421797483862449667e+02
7.404205368999289760e+01
1.119301730865190336e+02
2.838708046667726848e+01
1.264848415333831753e+02
-1.347431083974647947e+02
5.572537094977095506e+01
6.639361060460232977e+01
8.286825960924683443e+01
1.666624149076032495e+02
6.888159106635475837e+01
8.672483161029035159e+00
-7.028396057051388368e+01
6.563891867592695917e+01
2.814811123888669542e+01
-5.131849055158406969e+01
-1.566624118299475299e+02
1.276024665168983319e+02
6.717819979875852709e+01
-1.131497792843033210e+02
2.845210697404222699e+01
1.439487045918575632e+02
1.218255452329450961e+01
-5.839655686617147623e+00
4.203493975698025054e+01
1.765117876838705513e+02
-8.102534565556105406e+01
-7.587721867019799049e+01
-2.114711275851493610e+01
5.868181239353216228e+01
7.041946014422923383e+01
2.629088431098661616e+01
1.309054209672376423e+01
-6.362761215115038027e+01
1.078715376274581956e+02
9.271208261321957877e+01
-1.030074420390069321e+02
-1.116766669013870228e+01
1.065571835791522375e+02
1.454682492058852006e+02
-4.052418522096368747e+01
1.935541891010438320e+01
1.253324536994114311e+02
1.448914276697889925e+01
1.975147876868637553e+01
2.940318644340879928e+01
9.593544396226928939e+01
-6.135026553023556772e+01
-3.585229884962996749e+01
9.459972472414862921e+01
4.396369454477966343e+01
1.051174855397872534e+02
-6.844509678409283993e+01
8.293377681518856548e+01
2.536550536544009304e+01
2.905420397425575629e+01
-6.499102888615252027e+01
4.770601271215068806e+01
8.933716611825140319e+01
1.379888861810407832e+02
-1.703324738602827892e+02
-1.231687317610063843e+02
4.273589064480925970e+01
7.175695831701884231e+01
-4.979579747072752127e+01
-3.106728091627232402e+01
-4.026425177758984120e+01
1.453419077832760422e+02
-4.990701454428771200e+01
-1.501949005251814526e+02
-3.977199697718429405e+01
-3.833270794757865474e+01
-1.172158994995426298e+02
6.373548486951489167e+01
1.396271804441010715e+02
-3.657106283441687822e+01
-1.673234003023457603e+02
-2.672786376732299374e+01
1.924145524644426075e+01
8.550066234394779485e+01
6.326687278501761824e+01
1.214046428801117372e+02
-9.564705045489785107e+01
1.015194135624008709e+02
-8.907653382833424871e+01
-1.101804675274811132e+02
-1.040468927789859634e+02
6.743818966379468804e+01
-5.009409447596630116e+01
-3.080273210881504724e+02
1.197560089851640299e+02
-1.388919019894437668e+02
1.375885349516416909e+02
-5.057521892022510457e+01
-5.521757198813990186e+01
1.276838287441307926e+02
2.730029575503196071e+01
-8.061624484518111444e+01
3.939261776508715940e+01
5.864964473483122021e+01
1.254128638314973614e+02
-9.816536059902628608e+01
2.465931493554264975e+01
-1.283133214354230489e+01
6.014510598631201077e+00
-1.254160103625670075e+02
4.110137229898879951e+01
-9.059382149039323906e+01
2.145692662435850195e+01
-2.368665029293131283e+02
-5.863798144730852613e+01
-2.455775803930527275e+02
1.608257670270477888e+02
1.498639778891891297e+02
-4.246140205605624374e+01
-1.011067658392180419e+02
-1.018215989072164120e+02
3.056089506502932451e+01
-1.008648308857264624e+02
-4.822936069137754522e+00
-6.695627823737120821e+01
3.627089939523921203e+01
5.984714086183430481e+01
7.942202830852704665e+01
1.235309087348598354e+02
-8.088142569147838401e+01
5.051735157419832944e+01
-1.592802979284909100e+02
1.186351073067334738e+02
-1.170173114230627363e+02
-2.763171023360888512e+01
-7.966575201402398498e+00
3.419694973926623760e+01
2.393856996622034217e+02
1.073168140659771979e+02
-2.352330031423568073e+02
-9.868452960803001872e+01
-5.008040477799544732e+01
8.995513459305380266e+00
1.988160903240876110e+02
-2.864594468558751572e+01
-8.873407580427451080e+01
-3.741833785457917827e+01
-6.607942741057755143e+01
-8.719214637812380886e+01
4.519707438488856610e+01
-1.059832010299066667e+02
-1.496464755156077331e+02
-3.970386719783623874e+01
-9.320656204894585528e+01
-7.985514029547898929e+01
1.236378482700176704e+02
-1.035755318970263659e+02
-9.031942921387212664e+01
4.751049252116374078e+01
-8.558574899076513987e+01
7.171461663141109000e+01
-1.520422646371735027e+02
9.182821420960802072e+01
-1.857476080447708853e+02
-8.985325001732144656e+00
1.009682690605187503e+02
5.990008598761884961e+00
-9.823065967550816069e+00
-6.204771726633458329e+00
4.217309957286884270e+01
1.135141820318928074e+00
1.464221109740201996e+02
9.417347936396500074e+01
-8.065318995808114622e+00
1.016898510292438971e+02
6.667982604771724198e+01
-6.706703585171094772e+00
2.785935482363720439e+01
1.242364849676026779e+02
-3.094394948344765695e+01
-2.520150367793381179e+02
7.018052641363942712e+01
-7.305214244760912834e+01
2.437311831418373060e+02
1.365776592841256161e+02
-2.673001518306411839e+01
-2.421459387138052932e+01
1.399311676307678454e+02
7.541961613513765883e+01
-1.606721718601895610e-01
8.164341829554805940e+01
1.412614340861054529e+02
3.156018084748174246e+01
1.155381726137608922e+02
3.436015295008486703e+01
1.039393037788468916e+02
-6.624456873091983766e+01
-1.734144503892565581e+02
-4.887961193604937193e+00
7.767359793384095212e+01
-9.935881981111496941e+01
2.453873806037377960e+02
-2.209222585531181693e+01
1.820876941075823208e+00
8.046954888614331836e+00
-2.364091128299865829e+01
2.189885510779114952e+01
-2.683556476651485667e+01
-1.488440778534928377e+01
7.068747384457012117e+01
6.636110909099946298e+01
-6.253624867149605393e+01
3.330423473921736388e+01
-1.023815746604645796e+02
-8.666197273354532626e+01
1.551007665933616693e+02
6.971887381500020808e+01
2.149617519636237972e+01
-4.605314479445912923e+01
-5.588460960048723791e+01
-9.610682331249837773e+01
-2.122574157180197574e+02
5.624250277669526454e+00
2.272334153533324184e+02
1.333251125693574295e+02
7.436044190448355096e+01
-4.518869260348912320e+01
-1.275670091432392184e+01
5.989957881416122376e+01
-8.597941291406996811e+01
-1.079192803901598836e+02
1.073919084155246964e+02
-6.364559586447223083e+00
5.058965501780004814e+01
-6.665728679715711280e+01
-1.185088714918806119e+02
2.155530308762057814e+02
-5.981959124785895909e+01
-4.842403039091318107e+01
1.190024928238237294e+02
-8.131519754791936450e+00
-2.179706738761011664e+01
6.430620715836772661e+01
8.422661481831322305e+01
1.140900546028747584e+02
3.918807809108533036e+01
-1.944615920975981993e+01
1.663878940416994965e+02
4.741913187949021591e+01
3.724966721746539378e+01
-4.333205963244341064e+01
-8.275246275885823621e+00
1.945970044767907581e+01
1.077040831089070849e+02
-8.154771221834970163e+01
2.085045696781573454e+01
2.367671819972864000e+02
1.108579369795847356e+02
-5.476935277947931269e+01
6.159192328201855560e+01
-1.967592162954132107e+01
-3.902672051415997601e+01
4.886955228848580646e+01
-1.928708944291029752e+02
-2.212937384556960652e+00
1.690130106534571652e+01
1.176487900904456154e+02
-4.236506815583033614e+01
1.079003456655867268e+02
4.371982326722076806e+01
-1.163013883443366936e+01
-8.408548084489066810e+01
-4.675013215218442042e+01
-1.739195726519120910e+02
1.314715820533434076e+01
-1.805714893706629454e+01
-8.167289255608291398e+01
-9.369693469138341868e+01
1.648733358048062314e+02
7.141212888382065671e+01
8.886603029680929922e+01
-9.459459578724084494e+00
1.336514057899018155e+02
-1.776239696478928067e+02
-4.921030789039070896e+01
6.036194212796634595e+00
1.517437386354578450e+02
8.838999042928604410e+01
6.890733744881332257e+01
3.664170690327767943e+01
8.450357295039390237e+01
-4.064856554447809600e+01
5.806178603726984733e+01
-2.558038666159317742e+01
-1.650472326464830246e+02
3.243898383013120679e+01
-4.284495313758471724e+01
2.937646817401166288e+01
8.688770620797446043e+01
7.146593531660435872e+01
-1.238208203451180793e+02
6.012982120616059944e+01
1.950555516997642940e+02
-6.571730579667034533e+01
5.749800055625593131e+01
9.574769299020165647e+01
5.026630170050477631e+00
-6.299337694686713007e+01
-6.037234391425939428e+00
5.404210384216839458e+01
-2.955655814697554007e+01
2.986787603168921557e+00
8.928624860485999193e+01
-1.385870630502806478e+02
2.530510275677543497e+00
2.158977249040531774e+02
4.393105640049933669e+01
-6.864015017321952428e+01
5.273100024214515713e+01
5.341746806129092562e+01
2.067230015530998912e+02
-9.181562001168595444e+00
-2.027142884864115047e+01
2.922465597369387069e+01
-5.037853748699066614e+01
1.492665315126491237e+02
2.524597695777660888e+01
2.365687877537787358e+02
1.051028640545628292e+02
-9.208653966515439038e+01
6.022916536999505155e+01
3.825980161463777840e+00
1.024633107089221369e+02
9.780019675750681074e+01
4.152314726476694062e+01
-9.825720052487658052e+01
-1.230715425446182536e+02
2.545103996702922444e+01
9.887108597680766309e+01
7.793434587731748309e+01
4.171844920996869632e+01
5.911115206936037225e+01
7.287722589526586603e+01
-2.328962099647096551e+01
9.796154342934013926e+01
-8.426256176927947195e+01
2.735631101576833046e+01
-2.223181152760700385e-01
-8.301629828445946657e+01
9.874479091976249379e+01
-1.131628003263380400e+01
-5.574884186521775575e+01
1.352505876655469308e+02
-4.789125764400461094e+01
8.254909170540912555e+01
-4.056521405122406065e+01
-1.019826368746334211e+01
1.251209656298356236e+02
-4.180598064191009655e+01
-1.191647959109886479e+01
-1.281805024924533427e+02
1.153279186646058641e+01
2.569941882352159723e+02
7.621210476364214514e+01
-1.278575010735267483e+02
6.342303064901391707e+01
1.148835782179788083e+02
-1.596395496944158765e+02
8.900978692591702668e+01
-1.239100233927784167e+01
-2.638450132167600515e+01
5.709782828794173071e+01
1.771064114605334794e+02
3.645116544402289094e+01
1.491277450863099716e+02
-3.461142203934188188e+01
-1.185434595013015553e+02
1.739002151234500815e+01
-6.145377739040494447e+01
-5.200903333225496539e+01
1.124243642407385551e+02
1.845409251704198539e+02
1.997041964669306822e+02
1.014218225591254168e+02
1.551736167520382992e+02
7.629098916949766362e+01
-1.553761362938668356e+01
-1.745412700395473848e+01
-1.151687144957404172e+02
1.246527081482828692e+02
9.859957934961700232e+01
1.021283894280715714e+02
-3.161984521153232208e+02
1.344038215729301839e+02
-4.767346089640451368e+01
7.555298676248231970e+01
4.931427548338329814e+01
9.965788408705333268e+01
6.113389461475787101e+01
5.515245066674465590e+01
-1.594186862515918790e+02
2.280996653357689752e+01
-6.600764192450969858e+01
3.784393593412037404e+01
-8.042725486737420226e+01
-4.576013137572085299e+01
-5.701826475728283583e+01
-1.505231305076666501e+02
-8.244194014576544305e+01
-2.457104707592579587e+02
-1.201262943530923195e+02
9.447327930559158204e+00
-2.107917318204367234e+02
7.932670262134759298e+01
7.526256139512734933e+01
-6.362187340336871699e+01
1.259772532451129763e+02
-5.266292609822728110e+01
-1.273300119199203237e+02
-1.111922178534681223e+02
9.548295485680540651e+01
1.321834487281207657e+02
8.876059080083543051e+01
-1.034273100691038678e+02
4.210706381783675312e+01
-9.784183786582792663e+01
9.111956544506002231e+00
-1.862030967323753430e+02
-5.304730704425416832e+01
-1.602260281289366333e+02
-4.912981873432105573e+01
-1.900300838684430857e+02
1.036855379000366639e+02
-7.635922165325230537e+01
-9.732246178035337891e+01
-1.309569377481561325e+01
-8.786708736303470602e+00
-1.104914042702095145e+02
1.512720816085682713e+02
3.756160089604340868e+01
2.404286575323911279e+01
4.728418194657945151e+01
1.689477692974263334e+02
-1.257716953304974936e+02
1.611364571778505095e+01
-8.286999292234975201e+01
1.001110927183175789e+02
5.215861645934750612e+01
-1.947172823080380866e+01
1.040840899536566297e+02
-1.031983855547553830e+01
-8.298162526334538214e+00
2.159818658657444956e+01
-2.860901139478320587e+01
6.332276521571985484e+01
-2.348009092195457015e+01
8.382132132372129263e+01
-2.251024156153709299e+01
7.271458630456697847e+01
1.921283288482283069e+01
7.273787895299044237e+01
-1.345975035357243321e+01
8.845632015709492180e+01
8.021484156556344658e+01
5.547186812365694664e+01
2.787211010393373272e+02
6.879423698049595259e+01
-1.874075532800941915e+02
-1.155019389100605451e+02
-1.731033865771929925e+02
-3.003541088741505938e+00
-7.154878123024981562e+01
-5.014785412100301443e+01
1.228382811177617029e+01
2.175880039804756905e+01
8.464360986293895905e+01
-1.073711511119594917e+02
-1.756333499525147701e+01
-1.379651511008457021e+02
-1.816864224497723868e+01
6.979267404604546243e+01
-8.919409649586580713e+01
-7.805586767697420214e+01
5.242303019791812346e+01
1.618385254947534122e+02
8.078681939464607353e+01
1.291281598063465026e+02
-9.938637189164017727e+00
6.439312116223469218e+01
6.222045160814623443e+01
-8.804481158190610302e+01
-9.555245019524541306e+01
-4.077904862764553684e+01
-9.801311094301567550e+00
6.150706135017804854e+01
-7.720412346426646089e+00
1.727187230869641326e+02
4.789817678946814539e+00
3.355084888322780046e+01
2.527459926460267923e+02
1.415322736773570966e+02
-1.293900899361668735e+02
9.276196119632531989e+00
4.036309357469919945e+01
-5.787859362885243542e+01
9.008910963659673143e+01
-1.747699265492829284e+02
1.655392177774002107e+02
3.302989882836003943e+01
3.793571465216131600e+01
5.566927221014478278e+01
6.541488210298345507e+01
-2.070869342601643570e+00
1.520871689862719620e+02
8.975532441642354087e+00
9.790748295962244185e+01
-7.017746389330446810e+00
5.237586493804538890e+01
1.403411029579653473e+02
-8.008889125709210077e+01
1.387371530951051284e+02
-8.990794673624641575e+01
-4.738272762790037973e+01
-4.473807407749462328e+01
4.540033911358131036e+01
