2.382003604382392226e+01
2.954089602777929358e+01
-4.545531727398385158e+01
-5.649604701532368978e+01
-5.961931735252334619e+01
-1.438225579430447851e+02
-1.411260927226598128e+01
-1.578434660337572950e+02
-4.450913356605958171e+01
3.430597104519726770e+01
1.122327896715499378e+02
2.476370411442532671e+01
-2.018608913533795146e+01
3.834136650356950327e+01
9.356221627299400723e+01
7.672327348878251030e+01
-1.002692216248223929e+02
1.337069575102656529e+02
-2.772933523611128237e+01
2.412533780655330773e+01
-3.853774779276719187e+00
-4.406321414103203438e+01
-7.702431219945531815e+00
3.081950092154745846e+01
8.419095911512620489e+01
1.825113377380134239e+01
2.335645838482370706e+01
-9.288344632419331504e+01
-1.585994457575642258e+01
9.455058406840463192e+01
6.271921400651723388e+01
7.309384824755211696e+01
1.183271744908435892e+02
7.989013082386892783e+00
1.712433619164524714e+02
1.137443396220333511e+02
-2.457497921355950155e+01
1.067646582581532755e+02
-2.067155370796738367e+01
4.816600508822958204e+01
-2.376492948916503067e+01
1.931526398054568006e+01
-1.108456000730883773e+02
-2.260131842482095976e+01
-7.372802357161698694e+01
-1.575192948489167577e+02
-1.048668195739059783e+01
-2.378330393373881790e+01
2.337844213256803982e+01
-1.250393127875434089e+02
-4.849262282230301224e+01
3.080900116297311087e+00
1.715548064481360058e+01
-9.749906223796558891e+01
5.979443630231475737e+01
1.423728821041745221e+02
-3.556298943817719760e+01
-1.994093035428622329e+01
9.936604483979503755e+01
-1.302907367453722429e+02
1.853407139517413214e+02
1.303199114298263162e+01
-2.834362979883391276e+01
1.400404403787312333e+02
1.607796376069072553e+00
-4.505446480211094062e+00
-5.847253226064436404e+01
7.766645108834872246e+01
-1.486016437502690053e+02
4.234009809367542942e+01
-2.564730978320551102e+01
-3.885798290514143360e+01
-2.369830760774414458e+01
3.788767277628713792e+00
1.124308781209221593e+02
8.909220310552341004e+01
1.148710177012279416e+02
-7.267620492050870951e+01
-3.795128106613714181e+01
-1.131657812334190005e+01
-8.135786122767193262e+01
-1.333126460952952925e+02
6.094900109074602312e+01
-5.346517410408210225e+01
3.457636756355038088e+00
5.585618935154574860e-01
-3.959509864966962311e+01
-1.354575600539562430e+01
-1.038776772320669153e+02
1.471185416594778701e+02
-1.512192641180992041e+02
-4.992050368474549416e+00
-5.892557689235820106e+01
-1.215401528586363433e+01
1.646234473974983814e+01
8.160304730193544742e+01
9.468832790936735933e+01
9.715976248835210072e+01
-7.513569034921566470e+01
1.067583722221741596e+02
5.441081404358084939e+01
-1.008886228790961042e+02
1.011640350187414441e+02
2.811550534984622729e+01
-2.094476797464991336e+01
6.106343437252832729e+01
-6.673836445011180452e+00
7.253451473687566420e+01
-9.725362628449073554e+01
1.513931396812485843e+02
-6.146951086844617862e+01
1.044777580702976536e+02
-2.833850249059554116e+01
2.278403290116563085e+01
-5.599620959361891437e+01
4.627639556026956313e+01
1.127745074280849309e+02
2.925339487056137600e+01
3.986430334399268105e+01
3.170626648797562908e+01
1.345589065489062932e+02
1.017073671710666893e+01
-7.629448508998295608e+01
1.051341386174300112e+02
1.126410180224218607e+02
-6.509716029600248532e+01
1.859300069114909704e+01
9.521379207906379349e+01
5.260626404350145435e+01
4.457774206401531991e+00
-8.024140018852826017e+00
-1.359653965595406078e+02
-1.056371387788675662e+02
-4.664809772659189946e+01
2.695682743452983843e+01
-5.275878028316503787e+01
1.470568937443433981e+02
4.524491521472598521e+01
6.907297673560965734e+01
-7.451885006674854139e+01
6.213767964463337989e+01
1.031006982814258777e+02
-9.866799777735311139e+00
-1.400795140794683391e+01
-7.673387826800089329e+01
4.690584889332599872e+00
-2.058223423064926294e+01
-7.301949953431260099e+01
-9.271699358706621297e+01
1.559796452913880955e+02
-7.862287434055798485e+01
5.434101307911624446e+01
5.974925542486916541e+00
-6.941363066417962102e+01
-1.050381781833107198e+02
-2.885082811039737649e+01
5.185936779203331071e+00
-9.414217346326260838e+01
-1.454249693248464936e+01
-4.931619068855123089e+01
-1.536145326935570949e+02
-1.003558278890718043e+02
5.467078212895287059e+00
-1.814348455102706126e+01
2.416311082738722504e+01
-2.650951064054430617e+01
-5.488691700763132530e+01
-2.256080288059845032e+02
-6.385396817254085278e+01
1.265243047314100266e+01
-3.080944042561946361e+01
-1.461675116582200076e+02
-2.803511943832468845e+01
6.888417501664203257e+01
-3.413653212863383857e+01
-1.451406627132119453e+01
-4.367992807290851687e+01
-2.930877015503674698e+01
8.304737516102168371e+00
7.370161189881501684e+01
-8.489049795947602206e+01
3.743973002299930641e+01
-1.387223553552438204e+02
1.718700206578109757e+01
-5.815925531313890673e+01
-5.423372725309353370e+01
3.009243222193607181e+01
-4.151952362085277315e+01
-8.103164655991577092e+00
1.105236980237264577e+00
-2.467603765543843153e+01
-2.719445896602957902e+01
8.654309063534252999e+00
1.325709927524630416e+02
4.120230300263511936e+01
-6.785808723954655619e+00
5.994040429302224027e+01
1.328181178397990614e+01
5.218007230908037997e+01
1.896029711259317807e+01
-8.296550892916157238e+01
-1.155106629002842666e+01
1.105818210787278986e+02
1.886571388212967193e+01
-7.377565540578358139e+01
-5.238962125120713686e+00
-2.479137603062629580e+01
9.995275270412636814e+01
3.881518757217244797e+01
-1.274159426280959906e+02
-2.245008595738065083e+01
-1.231560350486811828e+01
8.549543628357928071e+01
-1.262216279493466828e+02
-4.118032324003787181e+01
-3.267154834949905506e+01
2.393667977145389614e+01
3.618966040803238826e+01
-8.812290030618697756e+01
-3.999074427496817918e+01
-7.568679636750708539e+01
-7.146695287701791699e+01
9.358598815500625889e+00
-1.115491611817952275e+02
-5.184987187084661286e+01
-4.182080891521281529e+01
6.730694741819439741e+01
1.565419312872613311e+01
5.257280963029886323e+01
8.728623750165817796e+01
2.910815745537272292e+01
-5.132845512626315809e+01
-7.568387638714997934e+01
-1.185489553155971265e+01
-6.670186075348370025e+01
-4.622191135088696257e+01
8.420394345919572743e+01
2.549338014933531582e+01
-1.344251058371671981e+01
5.905628821074807178e+01
-3.959798977103144324e+01
3.803392826356985523e+01
7.617131791541921437e+00
4.836615597225467411e+01
-1.327207718081855603e+02
1.644388907316152313e+02
1.253346745432262850e+02
-3.507089929877391654e+01
9.074370304910719653e+01
-5.975842811667503440e+01
1.673873441629541148e+01
7.444157933584291698e+01
-1.204623200232242120e+01
-9.517567258219845172e+00
8.454048556286387850e+01
6.194230566560587903e+01
-1.269824484129690916e+02
-1.457292781840367581e+02
-3.191670975470628502e+00
8.106870174947749419e+00
4.185496304544349044e+01
1.482120735783737189e+02
-6.700403157712979407e+01
7.036668785015260141e+01
-7.585746301325968943e+01
6.121794102719085373e+01
5.099673625851109904e+01
9.881216575457150952e+01
-3.801918003312680838e+01
6.072737885609976161e+01
8.966014923752675259e+01
-7.317564042616245956e+01
1.614590309832512460e+01
1.604200796960642776e+02
5.474663574625640905e+01
-9.391085637260617602e+01
-3.149367703095677840e+01
-2.782786527760544004e+01
-9.965382221212300351e+01
2.087298745838687353e+01
-1.010894222643257194e+02
7.569367668382264469e+01
-3.552831147690855573e+01
-3.578814052353705222e+01
4.129705191490545957e+01
-3.324511323263372020e+01
-4.146977989432529377e+00
1.862049147016050554e+01
5.230150556909195103e+01
-7.296573658646001093e+01
-4.842598564028195085e+01
1.403701565102549864e+01
-6.157266407851869872e+01
5.321334575743070872e+01
-3.410134793248840879e+01
-2.244816115822521141e+01
4.816339990778634395e+00
-3.221850564019170804e+01
9.172058633382826542e+01
1.761741059429177625e+01
3.732858527261976178e+01
-1.100646516103946624e+02
-1.317252436951932282e-02
9.338688868979348001e+01
7.041447788591410983e+01
6.482697552154832010e+01
-8.183059095076910694e+01
1.673493209543074158e+02
-1.408637913261534536e+01
1.444567106319284449e+02
-4.170665947673740703e+01
2.053773425895623461e+01
-1.870307316942471942e+01
9.516282796377521436e+01
1.320133065933588057e+02
-7.383235844241200141e+01
9.839060974377910895e+01
3.841495724594435046e+01
9.026188628490869803e+01
-1.699541319175181400e+02
1.501782109620330274e+01
3.466277011547978759e+01
-5.813830475201523740e+01
-9.099361403861006181e+01
3.016581887010089602e+01
1.036071446589296414e+02
8.975919560488772220e+01
-9.710849782354483750e+01
6.184654503082887089e+01
9.408878400267031594e+00
-4.331709351663901941e+01
1.526585088308411642e+01
8.072748709989068061e+01
5.732144392164369151e+01
-3.123634516677299544e+01
8.743050542298933081e+00
3.417146978758943732e+01
-4.595285641017893852e+01
-1.511094626877713267e+02
-1.535771071182702201e+02
-4.039122247470594118e+01
-1.356322531420270252e+02
-1.533784124571372232e+01
1.045890553941073193e+02
1.493187137236583624e+02
4.930449553790328565e+00
7.202986235538914173e+01
8.424306019790898858e+01
-4.715885360417364325e+01
6.691656321015426556e+01
8.536681213169330817e+00
-9.937521233422828004e+01
-1.521152652414018291e+01
-2.264253188912431725e+01
3.054002771484229584e+01
2.306576072758626239e+01
4.058685113808348888e+01
-3.629857800224283437e+01
2.032742665331083831e+00
-1.437765515225139552e+02
8.632234322833656393e+01
1.597023829836553261e+02
-1.380452547369782224e+02
7.130605825515706897e+01
1.032812739272290941e+02
-1.270358540952611470e+01
7.796407142684100844e-01
1.891788841490653681e+02
-8.205300354222289627e+01
-9.080781810366558204e+01
-2.520457821642888341e+00
-6.328101662645919845e+01
-8.687493909614913434e+01
2.912509876346866733e+01
-1.173872510525281427e+02
5.328864770903363990e+01
-1.731469584145317242e+02
-8.693161235104173556e+01
-2.343499525242056691e+01
-9.002652184659856616e+00
2.386417536865968358e+01
-5.754538852977475472e+00
7.167098326358402005e+01
-9.580460176292514518e+01
-2.212185900611453704e+01
8.800538481162674032e+01
-8.592728093295146152e+01
-7.443711354348612019e+01
5.756148582372612310e+01
1.452464432947447222e+02
2.986256163458712720e+01
1.364319251724849735e+01
-6.371993321686032630e+01
5.354633672000776556e+01
1.243159463468850134e+01
-8.147086040636480675e+01
3.667487702359182578e+01
3.457458566032774172e+01
-4.989247342166560628e+01
-5.341293972338788620e+01
1.238820264211690585e+02
3.775756148397857714e+01
-9.162053681921084092e+01
2.622220815051376608e+00
-6.307682226601261988e+01
1.150663903391551059e+02
-8.367083098503609051e+01
3.313969131938738144e+01
-1.688521645413587180e+02
7.519001869317018816e+01
-6.410835618850229878e+01
-4.052273745383644865e+01
-1.498684342279607336e+02
3.916590866174189500e+01
4.987591963588501187e+01
-8.089032736339515850e+01
1.131637802915344437e+01
1.756061742023447607e+02
1.077952342301148576e+02
4.778091735338325918e+01
-1.145098856272747270e+02
3.053257567855038701e+01
-1.072931117679897994e+01
3.339417318940448354e+01
4.914663928186017472e+01
1.400957333189408160e+01
2.944031884822723910e+01
-6.483968232001221565e+01
2.468126671932146010e+01
2.355850425194530828e+01
-1.735905143466396083e+01
1.307352271160008570e+02
1.320104867181790453e+01
-7.072931026600618054e+01
5.020987356592576845e+01
2.319776723019281803e+02
-4.585862781438341784e+01
-6.835060921532704015e+01
-8.543652211576073796e+01
-4.489786020102204134e+01
-1.336186307625427219e+02
4.459754913964606260e+01
-3.856263133573614965e+01
1.325161256185445069e+01
-8.587448808563603109e+01
-1.152314311133548159e+02
-5.620266446082261780e+01
7.346092320576130419e+01
1.391787458504719268e+02
-8.938877943795931458e+01
1.446666026405270600e+01
1.118178088417125196e+02
-5.301633307019987029e+01
8.736366870097791448e+00
-1.228423904197588286e+02
1.056830467699154781e+02
-1.232832765158521369e+02
-7.643010629855685067e+01
1.661586733085882202e+02
-8.107736271140312923e+00
-1.522743552846327759e+02
7.830008147238156369e+01
2.752124241505259405e+01
-2.250847635320660700e+01
-3.557192641129284993e+01
8.383818026241827681e+01
1.764751585515005772e+01
-6.211995933149293592e+01
1.373843677854946144e+01
-9.831946415871536260e+01
2.188660613730714388e+01
-3.076432815734096593e+01
4.487424346199383507e+01
-1.479373811209580651e+02
9.950938448145905113e+01
-8.675287489871574564e+01
3.444198201566415918e+01
8.062624037838834568e+01
-7.298143935771466317e+01
1.439362090893958612e+00
-7.990628087676663327e+00
2.422798880161284885e+01
4.696871781047298100e+01
1.303629539198977625e+02
-8.577934396134615724e+01
-2.645706977277688452e+02
1.505882463035207408e+01
-6.495894685325511375e+01
1.482522848137600135e+02
-3.068033638531022689e+01
2.968430939388568035e+01
1.193446702536709125e+02
7.431983338449835230e+01
-1.247534530927957093e+02
2.643981629344616380e+01
-6.137994149408422828e+01
-4.357403452604947347e+01
-3.963680906666580483e+01
2.559431842274699065e+01
2.561075440735550757e+01
3.152479254388882524e+01
2.438416719348474260e+01
3.110552951162947721e+01
3.418303785038578724e+01
-2.745339001554588876e+01
-1.735157655725273074e+01
1.361862947612881385e+02
7.154425089479323319e+00
1.440215292955663706e+01
-1.750627013833959111e+01
-1.929645506972797619e+01
-3.525719316549120208e+01
-7.526448775800898261e+01
-4.742958005323236392e+01
-2.172320935865199232e+01
1.097585419291869044e+02
1.288119937345328481e+02
-1.870750003046466148e+01
-8.824624772414854590e+01
6.902498118401668137e+01
-8.224199887188619584e+01
1.082032942420519106e+02
1.361056067141331027e+02
6.706796993754353764e+01
2.906554520949450193e+01
-1.231855230014882778e+02
-1.871920348498972331e+01
-4.119063642114804225e+01
-7.264280603093618538e+01
5.859791782217799749e+01
9.200532669645964745e+01
1.367758487675379975e+01
5.893226164608468309e+01
1.423232785244930554e+01
-6.059604031941762337e+00
-1.981014894066048626e+01
-6.674763094818609943e+01
5.044044953513503060e+01
8.710944728954211769e+01
5.567529900427130229e+01
9.029966459254515909e-01
-1.856703018229848112e+02
-5.503850515539818389e+01
7.898065777607494908e+01
6.556507028339940746e+01
-2.956871255427114420e+01
-6.042572730970923800e+01
1.154197211103897125e+01
-6.841572742159659981e+01
8.873424174803425046e+01
1.827334078703411819e+02
5.515736634176634112e+01
-4.772774671651534106e+01
-2.095467949333350788e+01
-4.351546509390781026e+00
2.416223566334939576e+01
8.727570069095204985e+01
-3.764155002625617641e+01
7.284603973257350162e+01
1.126762490972917696e+01
-2.340327451288990446e+01
2.262462173370534302e+01
-5.552648075171485509e+00
-5.039386477161855282e+01
7.452758216995032114e+01
-6.083602542151540149e+01
-6.278872974740491486e+01
-8.179495898546286980e+01
-5.277758661466898360e+01
-1.719801247613325046e+01
-2.012004741197036850e+01
8.280494727345480044e+01
-7.273702151397958460e+01
-1.105635660557997113e+02
6.353086783892053546e+01
-9.933351423173949968e+01
3.111563547663153528e+01
6.226866083414640940e+01
-1.099918748210810833e+02
6.027625593569206330e+01
1.172402711752274200e+02
-8.804428285566624268e+00
-5.795945772401598362e+01
1.784942774737634608e+01
-8.824579278940814220e+01
-8.626050017402145897e+01
-1.397593255954906510e+01
-5.363956985073298256e+01
-2.403577408241878999e+01
-5.613152564181005744e+01
7.964432460508639622e+01
3.233481068667072122e+01
2.585309996314979841e+01
3.419675092154009111e+00
-2.111650029246172267e+02
1.949103734508135233e+01
-1.072057862847719001e+01
-5.387968069154388928e+01
-1.536282571027155086e+02
1.668149329911926486e+02
-5.256797303558494150e+01
-3.223854040155426759e+01
7.846793839602038645e+01
-6.160681114659163171e+01
-3.011738321268649443e+01
-8.731435289148755885e+01
-8.631310403167317702e+01
-3.851161154720006863e+01
8.518288106743915478e+01
-5.999414618033875257e+01
-8.320466225362881119e+01
1.373147974973579437e+02
-5.622322813457846280e+01
4.991334347782128589e+01
-4.282304355442747124e+01
-4.596956366729315846e+01
-9.085434802170986757e+01
1.222465056255057547e+01
-2.584912073233448737e+00
-3.805341713594930297e+01
-7.141888247322937389e+01
1.578052282692035533e+02
-1.179623154151138635e+02
3.325369005350290763e+01
-4.457381076154533872e+01
-1.963509488453752638e+01
3.261382048597594263e+01
6.573694054742135862e+00
1.648321912227741137e+01
-1.416295434183619228e+01
7.030519603104600890e+01
-1.495212240822344256e+02
-1.595355716792608902e+01
4.743542803519535056e+00
-5.404684683757599473e+00
7.143962202295574571e+01
1.958228434221585346e+01
6.191113560650186542e+01
-2.880568089743720606e+01
5.563601352084179830e-02
3.978015051215149356e+01
-1.644830176731355920e+01
2.806104521590849998e+01
1.280937209366055072e+02
9.749570503716009284e+01
-2.386346303370024735e+00
-1.839347354735775752e+01
2.605892771481560999e+01
-2.122441536878082218e+02
-1.057284273155578980e+01
-1.351435699496889775e+01
1.617132720809922830e+01
-2.802336307714183050e+01
-3.219997381327695507e+01
1.365396638521706905e+02
-3.838933497086432567e+01
-5.261547986828222889e+01
2.321435091944116458e+00
-1.116194896848213318e+02
-1.280320338748186657e+02
1.190095931105256888e+01
-5.117174025861692854e+01
-2.617444748102354524e+01
1.947600889668310913e+02
1.115948175070792843e+02
-2.841344816731372447e+01
-9.161518673659337253e+01
-6.526623310482776219e+01
-5.944406249003344556e+01
-1.065754155325829089e+02
-8.672597050185667911e+01
4.551991652143581746e+01
-2.043761039080775532e+01
-1.342744388874176309e+02
-2.038719012439659295e+01
7.827245373898929870e+01
-3.888627313370616889e+01
6.362805456703914331e+01
-5.350843903146813574e+01
-1.700708248519255221e+02
7.682186203201587205e+01
-4.588415474040884590e+01
-4.144556284253728506e+01
1.137819384339021589e+01
5.174849272553613133e+01
-8.124419173228589841e+01
7.014613693982161635e+01
-1.503955038094762244e+02
-9.813702646688948050e+01
-1.380382864699700285e+01
-1.336247749035635195e+02
1.827957729795904740e+01
-1.117834892811295688e+01
5.168828445591969967e+00
7.146613988852215016e+01
-1.689407840940581877e+02
-1.279816425275607088e+02
3.708794911341338008e+01
-7.122684875819211925e+01
-5.728516117970137600e+01
2.047573713265475703e+02
-5.740544116818033871e+01
-1.639071787257550739e+02
-7.835430728836122682e+01
-2.521425349792026083e+01
1.715893820582380442e+02
-1.166347945084597768e+02
-1.168440088719318339e+02
-8.947911881392973044e+01
-1.042202070599772838e+02
-3.022659598644442980e+01
1.829451999154002806e+01
3.884611007630962831e+01
1.813071209592973219e+02
1.305320610444719023e+02
-5.953993874823677857e+01
-2.907302304279346217e+01
5.590797575177138867e+01
4.411003730235623976e+01
-4.049270437918883658e+01
1.527087508955984845e+02
9.445129465995358942e+01
-9.821352925613351204e+01
8.605795272304747812e+01
-1.930956231096630304e+01
2.132509193525929803e+01
2.085270900675880057e+01
-4.489897651181041027e+01
-1.747578593912725466e+02
8.428623884098678332e+01
-4.621943246925870774e+00
-1.077079581582148826e+01
1.097848385805654203e+02
4.466083675847605150e+01
3.230362296866094596e+01
-3.350799158327421878e+01
6.389132609534971863e+01
-3.487085472868353264e+01
1.579064631175107820e+02
9.356569832952645527e+01
-4.520693214617939759e+01
8.140198809290806992e+01
-9.747492377565490074e+01
3.475824519015586134e+01
1.973791288029793805e+02
1.055018825211119946e+02
9.327500624873682966e+01
-4.098280080291286254e+01
2.400293295555021089e+01
6.726955079258551962e+01
-1.057676994614861030e+02
4.076664613668793891e+01
-8.707250340541575895e+01
1.405245359592516863e+01
-3.437472105913859366e+01
-3.085420071264502440e+01
3.794284182376953396e+01
7.086890846111916176e+01
4.783499983807033828e+01
-8.230719632167193822e+01
-5.345003810136265798e+00
-4.823243647326032857e+01
7.744979304988849833e+01
-3.850553814602334768e+01
1.712096553056179360e+01
-3.727060894145125047e+01
4.128250034760041132e+01
5.381899138236556013e+01
4.708929142422478265e+01
-5.226504892507263378e+01
1.536674714547555176e+01
-6.288593717907190950e+01
-4.396572259853188314e+01
-2.786121127476362958e+01
4.776831939740460342e+01
-5.951136213601521341e+00
3.354630747399209412e+01
-2.921773229098776170e+01
9.108992470428008303e+00
-7.799230026154774009e+01
-3.214118386626599033e+01
1.684561259306982208e+02
-3.003700008068237537e+01
-4.178480070397210966e+01
3.634912909160805583e+01
-1.683736455151113276e+01
-7.992084545575376353e+01
1.784501070881243479e+01
4.940872428685280227e+01
-7.297020944728764391e+01
7.578841709463873144e+01
-1.048549215632975233e+02
-2.824025326173240913e+01
1.295147576550127866e+01
-9.255211588792202804e+01
6.078992140907861597e+01
2.966397893525495277e+01
-8.306833267291406742e+01
-1.304997140193376310e+02
5.347081209383268430e+01
-3.424348296685165849e+01
-6.013894871557391753e+01
-3.795328859687603540e+01
-1.102424742952294281e+02
-9.257172028337194547e+01
3.147727353808473083e+01
-6.836218095924441229e+01
-3.474146146659817447e+01
-5.731954109417040399e+01
-1.251128596706271310e+02
1.753963968296004339e+02
-2.091832945867236049e+01
9.051911439923568992e+01
-8.404791104995197770e+00
2.445268257024099157e+01
1.375339404388512605e+02
-1.255731920723948321e+02
4.812562999472842762e+01
-5.829883214670728364e+01
-3.668568584800397758e+01
-3.245709219037763660e+01
-7.888267407748195126e-02
-1.191242967732644047e+02
2.852909554803347625e+00
3.036527675795686054e+00
1.142810386414960355e+01
-1.761055753686807535e+01
1.055097540254601398e+02
8.119029520018601787e+00
1.545042149895045327e+02
-5.614680156164989455e+01
-6.901290096473285729e+00
-1.126893595459556821e+02
-1.049649564952079572e+01
3.040862448538187479e+01
-8.515243272867414248e+01
5.169863199848118285e+01
-6.777505132215557637e+01
2.559074552665614988e+01
1.090198067250575065e+01
-4.351168078933582706e+01
-7.425603636148673559e+01
1.180003117887294053e+02
4.584186098727773384e+00
-3.147404099383489395e+01
-1.334587831384232288e+02
-1.596186170016913053e+01
-7.891967389458966409e+01
-7.911363583890519635e+00
8.561431282508249296e+01
-1.759877668037270126e+01
-8.419534141562563434e+01
4.220675972812754395e+01
2.458341050512921200e+01
-3.059891708499757357e+01
-5.721381350847779856e+01
8.904543424380340966e+00
-1.091562452371429401e+02
-2.659851643900073626e+01
-7.724438743394580342e+01
8.200770347847290509e+01
-2.316161675828338318e+00
-1.632514169423135399e+02
-6.252325167876005452e+01
-2.766670414946027279e+01
-7.329434494801016342e+01
-3.413730165949774431e+01
6.212494259272443919e+00
7.346255472696962840e+01
1.066930825650776171e+02
8.239096257992216010e+01
7.270726881393517971e+00
-5.467397846199029487e+01
-4.636789488974124573e+00
-6.110673681066383978e+01
-2.944152140870088630e+01
-7.305167693592315459e+01
-1.998404807684208606e+01
-9.910973555260726986e-01
-7.429175841915252931e+01
-3.179446747423650521e+01
-8.307830346130965893e+01
5.967642696645293654e+01
-3.190078804897774134e+01
3.181245836761692658e+01
-1.461810972694660506e+02
5.201328533570063684e+01
-8.583203994438230211e+01
-1.048670841916961081e+02
5.455804127828752570e+01
1.146108530234356948e+01
3.736762842190515244e+01
-4.261558605057429361e+01
-7.336249262339175914e+01
-6.709678272930844400e+01
7.656243758576979985e+01
3.425234001000748663e+01
-6.969092539032199340e+01
2.666459608841845252e+01
-8.634512457988918754e+00
1.496135997022350494e+01
4.749513040028158883e+01
-1.130125910168333689e+02
9.908392780778966369e+01
6.426413064595107016e+01
-1.529672261892791880e+02
2.137040926759789627e+00
9.276180929675255982e+00
-1.730113269184956835e+02
-4.240508957608943774e+01
6.443798674585047515e+00
-9.529844731621646758e+01
5.868404957539785727e+01
1.058462646812144214e+02
-2.934841372120932945e+01
-4.929005646850694689e+01
1.102646320324022753e+02
9.606604094248261561e+01
1.056899782882526182e+02
7.094691588604943888e+01
-1.123330765799723707e+02
6.911074651884163700e+01
-6.957838901915083341e+01
-8.956313813446823247e+01
5.601925360688666444e+01
3.883315086891822432e+01
-1.016235743754144316e+01
-1.416407925866589039e+02
5.330491013916516252e+00
-1.511747512193355192e+02
9.691014306166979964e+01
-2.224811810833513093e+00
-9.728069572462507608e+01
-1.587168395575248212e+02
-1.150114882663914813e+02
-1.799895885213189786e+02
3.358779245508329581e+01
8.429256111256525230e+01
1.067481647997375305e+01
2.727516995985651960e+01
6.327653399188596239e+01
2.187716796558334238e+02
-1.103731913469717227e+02
-2.881959149371898121e+01
-3.890762529156997829e+01
8.581967240648815221e+00
-8.521218099093097464e+01
2.107438453469863049e+01
3.355704287135606201e+00
1.692918287368619712e+00
-7.538487971778867802e+01
-9.254894883784604076e+01
2.292098275421862752e+01
3.517127894926002085e+00
2.510045071676056949e-01
-8.156986843935176523e+01
5.993932028175101578e+01
-7.237510509952896598e+01
-4.258377673283225562e+01
-9.186091854389816547e+01
5.575648386042265514e+01
-1.634393412602728191e+01
-5.334399200610928204e+00
-2.731750429267013835e+00
-5.786772543639232680e+01
-9.316029007863924960e+00
9.913493894266159145e+01
1.531329530416800537e+02
1.506591488608821408e+02
-7.164501687290007226e+01
1.691470094095774712e+01
8.780013828632169748e+01
2.369044342046208129e+01
5.750449735752670932e+01
1.163158833872197562e+01
9.015184854901919209e+01
4.179870287863666078e+01
1.113426249759288140e+02
-5.441100655272156672e+01
-3.503444577239567792e+01
1.375874490955431018e+00
4.983510888239950276e+01
2.428866668676151974e+00
4.034676498453918470e+01
-4.445360194257441666e-01
-3.457447296481973353e+01
1.444761331465650167e-01
3.565804535025915811e+01
2.423528052130889066e+01
3.435956594318148660e+01
-4.705040621720608129e+01
1.138184878394615112e+02
-3.113260395555428062e+01
-3.671459083259930622e+01
-5.210994535466012323e+00
3.533334710428714942e+01
-2.513256802234860032e+01
-5.096546188621145035e+01
1.228580112612107058e+02
-1.187536852913160601e+02
