1.443529865753560770e+01
1.300469376016538376e+02
7.084626822674016466e+01
1.395067323216758837e+02
-6.698958203906167341e+01
9.712225670057418370e+01
1.112713737263021017e+02
-2.155060625887340109e+01
1.184528928092695708e+02
2.892408049074834508e+01
1.506836415383978611e+01
-2.015741622579367132e+01
-4.835014445978422515e+01
4.077428627512012582e+01
7.182603139870707309e+01
1.778664623255571087e+01
-2.342880443484072117e+01
-5.630044279579227862e+01
3.133737237348623950e+01
1.715392177187647462e+02
7.815835995683335113e+01
-7.372322911885292740e+01
6.200205748033824449e+01
7.329580479020903283e+01
-5.280741818019156852e+01
1.732578266562278202e+02
-5.062565373974885574e+01
-5.199467938838787973e+01
-4.204444711798154799e+01
9.297962461895819430e+00
6.905436549492318932e+01
-1.640422404292968110e+02
4.421022155557958655e+01
-5.815981976643046636e+01
-2.688563861634922603e+01
-1.112521178037876410e+02
-2.019952334223735235e+01
7.532712853876313375e+01
-1.524359208189227672e+02
1.014634974852572924e+02
-5.291701601507623565e+01
1.578012869819256139e+02
-9.127557439847453225e+01
-7.320221703455207773e+01
-8.819314859321870870e+00
-1.119850390514317517e+01
-2.747938149054496293e-02
-9.656224169798597323e-01
-1.441780719909666431e+01
4.361153537857263451e+00
-1.071234905876972050e+02
-3.160279644812181488e+01
5.949478809399122525e+01
7.240715060133463510e+01
1.195514839055588965e+02
-1.086080323365279980e+02
-2.822150003236530580e+01
-2.322596820916955451e+01
-9.126793491960656013e+01
-1.287541863169436738e+02
-1.605597243449781431e+01
1.652569490628421534e+02
1.010268644094727790e+02
1.063659822238075776e+02
-1.026636754454316360e+02
3.906527418438732724e+01
9.395614682061670919e+01
9.166546376791688999e+01
7.005604784185359790e+01
-1.617427950553201867e+02
5.364859971853430665e+00
6.467230822426535042e+01
1.223232834472922832e+02
5.479602057302298590e+01
-7.718572983484974337e+00
9.304042303460384744e+01
-1.575461113037784777e+01
1.067312924011281723e+02
-1.530474631423686205e+01
4.208972848187677585e+01
6.024748254683253634e+01
3.776797945082323249e+00
-2.310150654121441605e+01
-1.742593863374462160e+02
1.010859585721224931e+02
7.860914081492686023e+01
-5.850707572569468340e+01
-1.480201412712110880e+02
1.018607413531507788e+01
4.037147534686691408e+00
-4.546784997571068487e+01
6.829702403897386809e+00
6.826598320184125157e+01
1.735282312468283905e+01
-5.253481339030712860e+01
4.734920286506909548e+01
1.357451454574727450e+02
-1.152791628349282291e+02
4.642000633253210395e+01
1.577735399222335104e+02
1.400640014027962366e+02
-9.149561259492068643e+01
-1.306308630794017915e+02
-6.506007576923988012e+00
-2.776868584806581097e+01
2.003709289683957451e+01
4.451266165521476381e+01
1.113958647591622793e+02
3.056799928699765800e+00
-2.527942551106756142e+00
1.496533409547546114e+02
2.319459672027672781e+01
-1.371070299539882171e+02
1.390909814461890881e-01
3.903079247757541026e+01
4.561259507579623573e+01
-6.340508259240304767e+01
-6.946166776916052754e+01
1.100571676193599160e+02
-1.910938703034598518e+02
4.610940902510307637e+01
5.291143350344235330e+01
-7.898480903872653869e+01
-1.881617403126556454e+01
7.960605429112133535e+00
6.311369892987068297e+00
8.234809880914711755e+01
-2.230301251745759572e+01
-1.771592950807279294e+02
6.219123528304286452e+01
1.491858949957835705e+02
-3.306442192311125439e+01
1.180018783129780857e+01
2.292911320317825030e+01
-2.798545053740360231e+02
-5.518895547639072419e+01
1.013373985450994894e+02
5.246614320378685647e+01
-8.620559092701837756e+01
-6.987872816483414340e+01
-6.022536279803102133e+01
-1.169844968643677561e+02
-3.657867733517293374e+01
1.080338252260076644e+02
-1.535640815790706313e+02
-2.626696307869126557e+01
-3.800109141096979215e+01
1.029247741296092613e+02
-4.144641803240584466e+01
-1.875006423489987384e+01
6.713298834366970880e+01
3.734153251703533982e+01
7.092453293034405704e+01
6.673009982207112500e+01
3.606366271392384704e+01
-8.435864800332345226e+01
-6.916348213303579939e+01
-1.317896486321510885e+01
-5.191643290326698690e+01
3.832324996172205545e+01
-6.390248345935977170e+01
-4.266296257330354535e+01
1.341164865090220530e+02
-4.934316675728986468e+01
1.852930420332045571e+02
-5.910503658373549030e+01
1.426484852969635853e+01
-1.224242932609712966e+02
9.819802227550815132e+01
-1.235006158245174959e+02
7.819945957747913212e+01
-3.447965477972141457e+01
1.096908125343712186e+02
1.933686175038789656e+01
5.566221742484173518e+01
-1.849852532697545939e+02
2.026154723306417793e+01
-9.829901918177517572e+00
-7.423005135958450751e+01
-1.389613738132183300e+02
-3.001268224306462571e+02
-4.424200982622812717e+01
-1.355667909621621448e+01
-1.351556064198265119e+02
-5.318473561818248641e+01
1.255685724022493872e+02
3.019995555828840850e+01
7.451575646858290725e+01
-5.668966596058995577e+01
8.138224522519574577e+01
7.608712135589706804e+01
-9.708758362984831081e+01
-5.159057492743126971e+00
-6.377157486073016202e+01
3.541950581603438053e+01
3.639338854500956444e+01
9.821179570841028550e+00
-1.954034233102353255e+02
3.850601405478015948e+01
-5.429340119678681020e+01
6.790586587788762074e+01
1.935658154594339564e+01
-1.257131741206309670e+02
9.271821217919870151e+01
7.799454318547692822e+01
-1.031546682877477394e+02
-2.267080602038498327e+01
-1.176070745529145540e+02
-1.637705293430777544e+02
-1.590562995072083083e+02
-1.123327916821626715e+01
2.061191590330182777e+01
-5.629378911723994605e+01
-9.982153139457344082e+01
-2.177637559420220015e+01
9.981471904201039536e+01
-8.399048675030051925e+01
6.104773127932148924e+01
2.252773307057143626e+01
-1.198001407632816608e+02
3.669261984285034828e+01
3.036566628993515593e+01
-4.533305236478957312e+01
2.480431358508002049e+01
-6.508494750941990503e+01
-6.065604699978386805e+01
5.414117263555153414e+01
5.443898428211922180e+01
9.782619862379991105e+01
1.598601373326525277e+02
-4.352234120415487695e+01
8.659196848034639515e+01
-7.320368279120403088e+01
1.198163550615385873e+02
5.337555208538887541e+01
6.337957154286301353e+00
-6.743458009430437983e+01
-1.249299377076749948e+02
-1.216522318450961535e+02
5.052939939323189833e+01
-2.397696441243568799e+01
-2.837575387952763606e+01
-1.175136861649980347e+01
2.449287246770269064e+02
-8.818936490567232056e+01
1.005190762622352629e+01
-2.226901323236784691e+01
3.430101215191336816e+00
3.491099733151681050e+01
1.146329593216472631e+02
-6.211748693193008108e+01
-6.558616024753516172e+01
-5.683113131722394940e+01
-8.884431668701301987e+01
9.113897757376371089e+00
-1.102251879488849511e+02
-1.111439376070937186e+02
8.642143709242597538e+01
-7.617627945095745368e+00
5.596549114614326470e+01
-6.161358918161907283e+00
-4.355892345947689392e+01
5.093217183082428789e+01
4.551691625964712529e+01
-9.272981790689252080e+01
-2.160298545476265630e+01
6.086057791052091659e+01
7.306576848485141795e+01
-1.328273787556592254e+02
-9.396616539262268475e+01
-8.641217660542076828e+01
2.926552331567924270e+01
1.200911033486881507e+01
6.260958780593264805e+01
4.907056618596846675e+01
-4.680979739183336363e+01
-2.531571826817097204e+01
4.152223787417219825e+01
1.786673142426083984e+02
-2.488001524085494509e+01
6.026451708429428322e+01
-2.821291184872245950e+01
-8.698394760148319449e+01
-1.749874942148521200e+02
3.379365925933021941e+01
1.719979668377179962e+02
-1.396098146161419322e+02
-4.895650861884791283e+01
-1.010622523260865364e+02
-1.938328903934655614e+02
-8.741034419754919327e+01
-8.502930954915798623e+01
7.580146651735775265e+01
-2.012927787386677991e+01
5.017101447955097271e+00
-1.023075484406719227e+02
-4.400539400506259113e+01
1.327687158210138705e+02
2.092606767068131290e+01
-2.925605883301633625e+01
8.625339944476232290e+01
-2.416024279735972158e+01
1.272494435690314134e+02
-8.913178533469994136e+01
-1.187507136521319495e+02
-8.949438005516358885e+01
1.207945670217882679e+02
-7.466257795937761443e+01
3.078618252997789639e+01
-5.903589232239750828e+01
-8.887123286291092938e+01
4.634241791560000934e+00
-1.113673378466617692e+02
5.437098746369614588e+01
-2.219212086236230874e+01
-6.910701642677949508e+01
-9.657806622270609864e+01
1.136914066566422576e+02
-8.975239388955709785e+01
1.475947602256852065e+02
-3.907195781358054631e+01
6.199212267015700206e+01
4.601107116365384542e+01
2.169130927755202976e+01
-1.516277428476484523e+01
3.031647675379089080e+01
-4.053046794491767457e+01
-9.122605134054084886e+01
-7.541629017610543428e+01
1.455739358595988975e+01
-7.802976318307508485e+00
-1.634767399626282440e+02
-1.149459478306223161e+02
1.002954450809395226e+01
-1.112989504545303703e+02
1.517168961499667432e+02
-1.619215896129672956e+02
9.630203835363975884e+01
2.181102586167773794e+01
-1.978929575116388548e+02
7.400624324433476886e+01
-1.348090275361332431e+02
-1.072913551833008938e+02
9.867820502094990331e+01
1.029815683885319402e+02
2.440354438008156102e+00
4.647954927848358153e+01
-1.635314148985390261e+02
1.442746510656180021e+02
1.552782246204859007e+02
-1.489846211130372353e+02
-3.767065105700958583e+01
-5.819101399011439746e+00
5.522388664080963849e+01
1.258870427402936798e+02
-3.507029322463912990e+01
-6.842481201136249069e+01
2.020001823277433672e+01
7.336591126549814135e+01
1.014151750302413291e+02
3.265159795512786189e+01
1.407120126320066049e+02
3.197334590086844486e+01
1.460921223284018140e+02
8.359311211551488441e+01
-7.183746190796580322e+01
3.318814554647639170e+01
-1.780554938984709068e+01
4.470593792746975481e+01
-6.352205373357644902e+01
-4.751188537746828899e+01
3.305915320318507611e+01
1.325877208679742125e+02
8.112701871925079899e+01
1.246551538202676142e+02
1.132586166880855387e+02
-1.530529077392738913e+01
9.159200761650517109e+00
9.798084961712874019e+00
1.537981693114014661e+02
-1.514499115373165239e+02
5.570800534449072217e+01
-4.965945117304521261e+01
2.453606771757498564e+02
-8.859536482562265292e+01
1.284052386203728133e+02
-3.068779635463303279e+01
-5.271763007343944452e+01
5.906974673706137224e+01
1.585058630978213934e+01
-2.079736357585358775e+01
2.355519468216799339e+01
3.514586825066388798e+01
7.446316501824614420e+01
-9.254865108706084698e+00
-7.749732957333788086e+00
-1.985240517535482354e+02
-7.132658320872435809e+01
-2.645492424736199055e+01
-4.217682452666501547e+01
-1.299183680417566222e+01
1.781464864725631969e+01
1.096313299467495028e+01
3.351491938499481904e+01
-1.686025012294093983e+01
1.490229924454273380e+01
8.305288774458595924e+01
1.244720646479255350e+02
4.056233306942758787e+01
1.327042870256489664e+02
6.485209052594051116e+01
-7.689293001651822124e+01
3.446801098442299605e+01
-2.860041037857288870e+01
1.418449073826561175e+02
9.545593625163965612e+01
8.908063728430074946e+01
1.468219898214885291e+02
-1.322934123860279385e+02
4.656069043820341591e+01
-5.175912450796733566e+01
2.801791550663516972e+01
-3.443664859790505517e+01
-2.625024726131074999e+02
-5.669059036188447465e+01
1.501077463086108033e+01
-7.198367837613707820e+01
6.907065890574928346e+01
-2.007704836616584387e+01
4.833491504372179293e+01
-4.974963048365300011e+01
-2.008503657850005482e+02
-9.375821303886041846e+01
1.262073260617874979e+02
1.963432310686736404e+00
-2.574000265031195411e+01
-1.512407532891734974e+01
8.704237729673641866e+01
4.359669342960820160e+01
-2.177382179227706871e+01
9.142341386475149534e+01
2.383399302828162902e+01
6.809739674560070455e+01
5.429022770740042603e+01
-7.739052919786895757e+01
3.013105591977545927e+01
6.756197268423386504e+01
2.598436628375489832e+01
-1.527083242322874845e+00
-5.833927019578694484e+01
-3.663506689785802450e+01
-1.952035683047689929e+01
-1.412893906907407597e+02
-6.214771392615373458e+01
8.762297177050915309e+01
-6.297393813508373484e+01
5.363639105850730715e+01
-4.196168091229428398e+01
8.089073419658378228e+00
3.616653143651659974e+01
-6.122682667402088441e+01
-3.708534248578564529e+01
-4.491822602748741389e+01
1.140866675691028860e+02
-2.053867065192728205e+02
2.780695750766422059e+00
-1.482778444679215681e+02
-9.163815576546409147e+01
-6.540190686676194787e+01
1.628486308300497143e+01
-3.521141053997552461e+01
-8.590543485094693210e+01
9.997916693411653455e+01
2.490593658625454054e+01
4.224836790662165953e+01
1.503588746259671609e+02
-1.047271642415246902e+02
-7.547114813421670476e+01
1.113961131412456211e+02
1.691865505087402255e+02
-1.923278003676983872e+02
1.338363696958920990e+01
2.797488624987466466e+01
3.080902960043248484e+01
1.095894667790090438e+02
1.184532302010367886e+02
-2.870076980789428411e+00
1.794645467957405671e+01
-2.103054726049725787e+01
3.164994267231541158e+01
9.244110204187428792e+00
1.072921205006495171e+02
-7.761728147541140288e+01
1.906377018062516626e+01
-5.329675165534017367e+01
-7.332832455762137158e+01
-1.242446671306469455e+02
-8.301805526256752898e+01
-1.169962454245252914e+01
-5.462726471681904172e+01
-3.227312616517028943e+01
-4.465588361284599728e+01
1.139729242340109323e+02
-5.959206656250514555e+01
1.154366871741220280e+02
9.047411141306416482e+01
-5.768144998318204486e+00
-7.716027039938322396e+00
-5.751947880355621123e+01
1.116624045180090086e+01
1.980904999612438360e+02
-3.689782122038028689e+00
-2.524528918897390284e+00
-1.156629032528837797e+01
-8.502084670742549122e+01
-4.503078783822808617e+01
1.561269069963135507e+02
8.825821331939178549e+01
-5.328831650853842206e+01
1.889679327301652734e+01
-1.322454251445324189e+02
3.013339023262190253e+01
5.146963976270830443e+01
-4.515779441796283322e+00
-8.119218796175388775e+01
-1.407467988672256922e+02
-1.566408458476021437e+01
1.163290042707780536e+01
7.094882277209090660e+01
-5.637276259213789587e+01
-7.279416750776645983e+01
1.142971361401491208e+02
-4.831334197767088057e+00
-1.123427554811492399e+02
-9.086521328596477076e+01
-2.621954047009968747e+01
-5.529912455315190556e+01
-7.447416442714568063e+01
1.580136256042763065e+01
2.943378173017030974e+01
3.636654323811438871e+01
-1.782473168063734548e+01
1.736477034200773062e+01
-9.805540566406115488e+01
5.483005143346873211e+01
2.279851964184218716e+01
7.435294044290212412e+01
7.725379029388275853e+01
4.543900037366020683e+01
1.697964777068863285e+01
2.332691025347789804e+01
-6.002137094869315348e+01
7.311154741547345282e+01
-2.351264717516352789e+02
-9.676428921588070864e+01
1.639924384738289689e+02
1.073472632593429239e+02
-1.113779704726822786e+02
1.078804118247697374e+02
-5.412338547975303449e+00
-5.562622998672836871e+01
4.864723297604792407e+01
-1.687429944381433344e+01
5.992961203083989119e+01
-9.894020489409690811e+01
-2.625380536961523248e+01
-2.175321773589350371e+01
1.529330980391183630e+02
9.276158584694490727e+00
1.918807687476420654e+01
-7.854406092572722287e+01
5.243058384324415044e+01
-6.895347620109521358e+01
-2.270647847998638014e+01
4.338021779131815236e+01
-6.524716862279606744e+01
-1.895404487499309312e+02
4.856840038858793207e+01
1.871213513239674597e+01
-8.005080561968205188e+01
-3.275493034112034074e+00
4.101987575575532929e+01
-6.225737629087409886e+01
-3.753553497853246768e+01
-1.012606502946925815e+02
-4.980438274124920639e+01
-4.517069190957059277e+01
2.309669563619136667e+01
2.047318369270491090e+01
-8.392193533084947887e+01
-1.139447772852506091e+02
4.306800958479539077e+01
-5.082531428884728086e+01
3.019724753180919663e+01
8.389868706138835819e+01
-6.000385764282980716e+01
-4.522980991687158081e+01
6.874638775472999441e+01
-8.869504703574567372e+01
-8.594237172398746338e+01
2.596148538695197772e+01
-1.163392326888669226e+00
-1.725063726742007475e+01
-6.763893148600277527e+01
1.207162487998048874e+02
2.165510480671656808e+02
-1.563323018154826798e+02
1.830652968275893500e+01
-4.057629317116828815e+01
2.174840452381184548e+02
-5.878092518654865017e+01
-1.404490418117938191e+02
-8.571622582847196270e+01
6.257200445026745683e+01
-5.893980106334647218e+01
-7.133758502055391659e+01
-1.159729488281986853e+00
1.120934540145520373e+02
-1.146200372063759154e+01
-4.791797992519271077e+01
1.565796251123941474e+01
1.404114020680848114e+02
6.847836604737439359e+01
2.446946475148033073e+01
1.208983900440636887e+02
7.053931055681485418e+01
-1.715978299868788497e+02
1.649652537759210347e+01
-9.505442144287619044e+01
2.789788380782745847e+01
-1.752502376968935849e+01
-6.585340180955659761e+00
-3.978789838079300978e+01
1.109035516880381209e+02
1.259641503684988493e+02
7.842679615009906513e+01
-4.359884326234454477e+01
4.544645357283700804e+01
8.934515060779606443e+00
1.225261482896686687e+02
-2.388393138471122779e+00
7.558897680678667186e+00
3.090930762823030520e+01
1.199476065386482162e+02
-5.627463946849592702e+01
-5.039083194385224829e+01
-2.539180530757136722e+01
6.030222520452457324e+00
-5.519112396558203670e+01
-8.172582150451613359e+01
1.578256341463289658e+01
-5.180253394678756962e+01
-1.661410145210941209e+02
3.713550554161511741e+01
-1.014686844368194585e+02
2.490602088827426286e+01
-3.061594212300829199e+01
1.508271682288948341e+02
-2.619958723500965903e+01
5.559770006034580092e+01
-3.515993098427236419e+01
1.556050192982361011e+02
-5.112514239343886402e+01
-6.230095891237368022e+01
-3.461573175657351698e+01
1.207593188878912116e+02
-8.205749618938961376e+00
1.135255663060030855e+02
3.556322399891553943e+01
-1.290366576207289881e+02
2.474012056310646557e+01
-3.427063831270878325e+00
5.097872290562475683e+01
-1.056390299912119133e+02
-1.570738137829584673e+02
1.846577781731431500e+01
3.329840117391853482e+01
-1.110439260366506176e+02
1.178816011337969343e+02
7.099682051798916405e+01
-1.311800874005760988e+02
1.281577181092373507e+02
1.755016646687524329e+01
3.729101676222827422e+01
1.208100911370206347e+02
3.925123409169282240e+01
-4.398694688252373908e+01
-8.643163266442950032e+01
-1.623721320248904698e+00
-2.458911728565348298e+01
1.415569551379784343e+02
-1.591836307845086367e+02
-2.524849912422148890e+01
-2.619280318600479518e+01
1.767045335552005270e+02
-1.342417353240172417e+02
1.716374089481085718e+01
2.083055839484922558e+02
2.010515682296495399e+01
1.213815998750024683e+01
5.458028122157399054e+01
4.562633552356766131e+01
-9.956304253221730960e+01
-3.850147393759492331e+01
1.105897093941963618e+02
-1.064937322237313424e+02
-7.311916107134486253e+01
-1.340152908738082544e+02
-8.803949835241132860e+01
7.021884527946227195e+01
-3.522181910656708936e+01
2.231100866221757784e+01
-2.207491930517071665e+01
-8.849010622280191640e+00
2.341224822244729467e+02
1.368039936450919072e+02
5.161303932169601261e+00
7.027143137128943806e+01
1.969344319533059604e+02
-5.621607848781003725e+01
5.973444774178376804e+01
4.875149652788582699e+01
3.802513826023719901e+01
-1.943675756700481827e+02
-1.228007386232807541e+01
-4.802437569956665442e+01
-9.280014911707627334e+01
-3.878533187744190514e+01
-3.594549059874233876e+01
2.146701437087595110e+01
-1.291606483486460206e+02
-2.255389531835875161e+01
-9.774540770054056793e+01
-9.249852726818369320e+01
2.112165202577370167e+02
1.129927860453391162e+02
-1.131280615536373269e+01
1.147246167880666974e+02
1.621340543997270700e+01
7.909414336665810730e+00
4.666467067450359707e+01
-1.742553956829549122e+02
-1.662764692239412341e+02
8.847885998438080435e+01
1.266323817353967485e+02
-5.396562260155482704e+01
-5.314707659329693001e+01
-1.828903457102528107e-01
3.997859484481181624e+01
1.189288960955038377e+01
9.788074261878719540e+01
-6.220374179095595224e+01
5.692747090238449204e+01
-6.360121268389804072e+01
-1.537176725334178684e+02
8.157180884417466871e+01
1.436696555037954397e+02
-1.055597210185258064e+02
-9.003087239301746081e+01
-8.700762811784279904e+01
-5.659841961788956866e+01
8.636935141499433755e+00
-7.267459811614610032e+01
-2.249863548590042583e+01
5.610180121480214410e+01
-1.334573168625958850e+01
8.774032689895430792e+01
-8.762330173452754778e+00
-8.457997284797285431e+01
-1.632555663436554028e+02
-2.562012771935848932e+01
1.409649323905340701e+01
-2.412015815904649401e+02
1.130376071718811204e+02
-1.520158192745149393e+02
-2.238492866968254091e+01
-2.665651029731300810e+02
-1.237536066937900188e+02
-2.069219277185340502e+02
8.579506941631336758e+00
7.603843562833590397e+01
-4.348644894634509228e+01
1.243578085086460021e+02
1.086971933344654495e+01
-4.574866493298826242e+01
6.795868730535340774e+01
8.206717707471271694e+01
-5.076349132278060239e+01
-4.230249771201724407e+00
-1.349596458275397879e+02
-1.397445176572490197e+02
4.790845572245613937e+01
-6.512658200758689020e+01
-4.651743173566595857e+01
9.356551123239566436e+01
4.721457450632757258e+01
8.495618563267461809e+01
6.857672274209339491e+01
7.146213705210145406e+01
-9.842180461646958634e+01
1.398097698574682397e+02
-1.262136285455768956e+02
-6.213696524959375012e+01
-4.659889057386009625e+01
-1.067431502050457581e+01
-1.513857622066746842e+02
1.286599938737966653e+01
2.312127008287444028e+02
-1.161432516458732920e+02
-4.988103222257012703e+01
1.182817310450126200e+02
3.741409405142542965e+01
-1.686602696345360286e+01
1.794820239147286713e+02
-9.101006113939385500e+01
-4.459228207735350935e+01
-1.013341730485001335e+02
8.025688270007879055e+01
-6.079361311331501838e+01
-6.057211081123133312e+01
4.715885002165982343e+01
6.285299651124655895e+01
9.440935038054464101e+00
2.481196706112045547e+01
-9.721651815314864109e+01
8.892548700608026024e+01
1.601493009095574109e+02
8.884875845054892807e+01
-4.529632519327638107e+01
-1.891568205360098842e+00
-5.560051466941527565e+01
1.460738298788441369e+01
-2.204097629653260171e+01
-6.671389431887753574e+01
5.805354204554348030e+00
-7.262115687289664834e+01
1.026429138019884135e+02
-8.977506762847079358e+01
6.543396474705637900e+01
-1.916175996050363750e+01
1.990843980800010371e+01
-1.017668674290253534e+02
1.110483036335279650e+02
7.544866259361899097e+01
-7.722864252300527710e+01
1.357415789880780039e+02
-6.681112560184362792e+01
-3.027620421980161325e+01
7.316609425996902871e+01
8.755403887378480476e+01
3.558853078535247505e+01
-2.086902877178394888e+01
-3.936172025498746052e+01
-1.109720842328043844e+01
-8.580064537612686593e+01
-2.397750101890810726e+01
8.256111367891415398e+01
-8.723514093130575020e+01
3.674864533472550221e+01
-6.929989805744274634e+01
3.582854693598633844e+01
1.535965877242025002e+01
5.304880185714056040e+01
1.100498760666298921e+02
-9.275020238422757757e+01
7.268238476131506332e+01
8.947517251058246757e+01
-7.771650243250181944e+00
2.139601492560529721e+02
9.748307952326473469e+01
-2.174814817553761657e+02
-5.959556077115985673e+00
5.506866910920733460e+01
-3.884213601562715112e+00
3.201594066570696384e+01
4.276148914944351453e+00
6.524164412631538568e+00
-5.820728111134499017e+01
4.116910854753847815e+01
3.670334021135605695e+01
-1.007129594968456274e+02
-5.734968360309215285e+01
-7.535840406039011441e+01
-7.817241082057012136e+01
2.571781893887800763e+01
5.692504020078941096e+01
-2.452953780094470559e+01
1.672053872272016051e+01
-1.198069481236258582e+01
4.278305190132768843e+01
4.570627181792740856e+01
-1.282988110972091533e+02
-1.414599057021310955e+02
-5.911026791270343494e+01
2.840549520613742729e+01
-2.559694645612620718e+02
-4.137890833610587293e+01
1.047328976481762766e+02
1.228735545673334002e+02
2.546086266381323782e+01
-4.546205406180550312e+01
2.099398236765335071e+02
9.111604117642849587e+01
-7.071061034840209913e+01
-8.764294113837519262e+01
3.477340246522402811e+00
-3.079222922706530241e+01
1.274596004238379443e+01
-9.458980539503676255e+01
-7.630440886030250169e+01
1.728219708458427704e+02
3.259050063178718659e+01
-9.273129372541546900e+00
6.686980193601183942e+01
-7.304608647000276278e+01
-3.751592987532617229e+01
2.050653979674441274e+01
4.254605377184525139e+01
-6.513122909457696785e+00
1.428757620790026408e+02
7.151166285261554378e+01
5.108395698464946832e+01
-3.257419218178144149e+01
1.726358174188662815e+02
-6.414678369937678326e+01
-9.099983044485347250e+01
-7.844522344293234539e+01
-1.205962338053925009e+01
7.793271061664664323e+00
7.118178557903855896e+00
-7.494437048845138349e+01
-5.040568881537297585e+01
9.976475904383680415e+01
3.037013551117258459e+01
4.661577538162788414e+01
8.530465180630774569e+01
-3.444027715378650356e+01
9.305597974801701255e+00
1.149086159912011169e+02
5.375192764270082968e+00
-1.872797692106522334e+02
2.635896817060006470e+01
1.288459686271031330e+02
-8.576700078718401343e+00
5.972392036483500277e+01
-3.093329336622725734e+01
-4.926704753179065222e+01
-4.131368086866254785e+00
-9.257541082845717995e+01
-1.091407157892146813e+02
-3.515849585075799411e+01
3.075781239190694905e+01
4.771367924867928423e+01
-1.563002841092766175e+02
-1.065405021408957964e+01
9.875903945538885864e+01
7.326193808428855903e+01
2.824225246679543133e+01
7.517107822449386845e+01
3.754756342896131116e+01
-7.741687730808548906e+01
5.225148717340830729e+01
1.088278111479166732e+01
-8.855948681307503989e+01
9.350841642618036076e+01
1.236081751501463710e+00
1.656378075985811549e+01
-8.047647464119596350e+01
8.767578737772205955e+01
-8.030027820527855908e+01
-1.764331107580161131e+02
2.372858262246724337e+01
-6.497048482824935434e+01
-6.092458155912873963e+01
-1.187615329998147615e+02
3.994237835696144856e+01
-6.749591009115772522e+01
-1.497144921435978882e+00
-5.793468852714920558e+01
2.890463807903255145e+01
4.797062698713041584e+01
4.323122596264568074e+00
-1.529382885517296700e+02
-8.167071671889868867e+01
2.386789678491055611e+00
4.605775933363771912e+01
-3.894291208439200602e+01
-1.724302683164155212e+02
1.783243341548309147e+01
-4.320978904364550743e+01
9.193085247964971529e+01
-8.044994293964461463e+01
-3.980903723057571852e+01
3.474015518616420906e+01
1.264168469087114310e+01
2.468793741474681891e+00
-3.906646238151387251e+01
1.277765544791401027e+02
1.506243032590759867e+02
-6.877072376134194087e+01
