-1.990125545617990213e+02
7.047877141580420357e+01
-1.280000600552936305e+02
-1.029757552211188312e+02
1.947242782623052193e+01
1.022201599384810038e+02
7.502231866382697945e+01
2.029229955230863425e+01
2.766747660805701514e+01
-5.739655505178294703e+01
-1.092736488006800784e+02
2.902422022543727564e+01
1.272017095892842065e+01
7.151180810044543534e+01
-2.898331066971137204e+01
8.665562024269443953e+01
-1.086403516130384901e+02
-6.918531238365943636e+00
1.917857421203550672e+01
5.806249196344381147e+01
9.714475034920390328e+01
-7.165172999455559477e+01
4.266969201928412048e+01
3.124792176670560906e+01
-2.610411220053121539e+00
-9.568575519362805437e+01
1.337656865055614830e+01
-3.641511216637124626e+00
1.423661621036968654e+02
-3.269716192983028691e+01
1.924338368065794782e+02
1.801009613080676175e+01
2.503994958555201933e+01
2.387798762061373736e+01
-2.595597971948345162e+01
-1.443267446144972439e+02
-9.851077421972910031e+01
7.488927416636492751e+01
-1.160823309113444282e+02
-8.359556711235721593e+01
8.790879501618790925e+01
-1.403111675704091788e+00
8.784902063991636112e+01
-6.075985022428676530e+01
-3.604955246831650584e+01
6.260532240438774210e+00
9.363971287658978326e+01
9.347341316026249558e+01
-2.892884220297279541e+01
-1.354124802269352656e+01
8.403754766414674293e+01
9.164723839835350816e+01
-5.521616456655348770e+01
-6.081906375750656224e+01
5.663109070313824844e+01
5.852637640849153655e+01
-5.515221570252044359e+01
-6.685186009762631443e+01
9.222960639869052102e+01
2.579677851009282108e+01
-4.481016637303094541e+01
-2.145466579956683972e+02
-1.368314434418219783e+01
-7.766227017152662171e+00
1.335583926772441998e+02
-9.550726465750180694e+01
1.490270651685830217e+02
-7.641671231674496312e+01
1.536725306648933440e+02
2.408893997843816948e+01
-1.018446793460670108e+02
-1.567182008540162315e+02
-3.847129369750516759e+01
1.101601078339148785e+02
8.400783593540467109e+00
-4.940937219799528179e+01
-1.260964376657168486e+02
-5.668786085106467709e+01
5.360218956509231703e+01
-1.258716950207584802e+02
9.692631270526757703e+01
1.011904776341135737e+01
2.219630829273990571e+02
2.095144449225215588e+00
1.201946392716299883e+01
2.066533353627549729e+02
-1.285186637209490073e+02
2.955668654593471167e+00
5.991760917940593600e+01
4.815731827450304792e+01
-6.252271152590856929e+01
-1.859397932076509505e+02
2.494095894361846888e+01
-6.690785693215049434e+01
-5.061242106211423675e+00
6.350300097814999845e+01
-7.244761198259898549e+01
2.496050522592463210e+02
-8.029813670672253068e+01
6.317186819369049999e+01
-8.212434841114198036e+01
-4.831746642635811639e+01
6.453334985453847139e+01
3.061313915251036022e+01
7.874335012285177982e+01
1.323377964538497054e+02
-6.283371521289867445e+01
-7.329328804180983070e+01
-5.376095909260703820e+01
4.354592006690577222e+01
7.447130469600298852e+01
-7.426257564010211354e+01
-1.120672979699109959e+02
1.748563733838523371e+00
1.912602100126354543e+01
1.682842632439185415e+00
-1.853955766937980911e+02
-1.190398178560017612e+02
-7.241563772273117650e+01
-1.531853570458878266e+02
-7.646954651381490464e+01
-1.508994362420484592e+01
7.617335274029245795e+01
-1.304513656141316602e+01
5.746510487695348957e+01
3.453859735229101346e+01
4.920262837241185139e+01
7.524875585926635857e+00
3.628843661051609359e+01
-1.107878944276456394e+02
-1.659105499573030045e+02
-3.257185338839948940e+01
-5.286377553357127823e+01
-3.706555061578278298e+01
-9.913211333747888432e+01
7.292332779634594431e+01
5.280235076959605323e+01
1.412219454645758105e+02
1.268962481315095658e+02
1.119955191602291507e+02
5.074030053111567895e+01
6.474472128473594523e+01
1.029466281956995743e+02
8.868164231771449124e+01
-5.759191618498226717e+01
-5.289921521920079250e+00
6.857452141449297756e+01
1.188020138759914346e+01
-6.912731607813549317e+01
2.201330900689181291e+01
-3.848947126321287016e+01
-2.610999762760070197e+01
-2.091380419784016738e+02
-5.597726994206554707e+01
-5.755574409665082669e+01
-6.647872826484454833e+01
2.588871821984377064e+01
1.375798887314060615e+01
-1.304433696268723963e+02
-1.812833361751888361e+01
1.340314639415298714e+00
8.320999529537125738e+01
1.151558966753600117e+02
-2.444910138785267861e+01
-1.662534769410652657e+01
-8.840802374139316555e+01
-7.037758575376740566e+01
8.622019722492966665e+00
9.729329231920530674e+01
-1.250077702067329710e+02
-1.498279912663407742e+01
-2.702155013128369987e+01
-8.120746591786725332e+01
-2.215196224959670701e+01
-6.303201722958674225e+01
-1.301696430857273867e+02
-1.223605902453796688e+02
5.827279903788576831e+01
-5.210394424387529000e+01
-1.366247727583269125e+02
5.553271658189786564e+01
-1.164889388316238694e+02
7.899329716105322063e+01
7.300625057171076548e+01
6.664881233202484623e+01
1.295866294079323495e+02
-6.750064959481211702e+01
-9.274146145183409828e+01
1.228616161643014522e+02
-1.177153552303490471e+02
3.540830490373851092e+01
2.470418587448423153e+01
-1.019548102982482440e+01
1.460165977530584769e+02
-1.415338215780442255e+01
-1.252087491405625457e+02
2.923847558530427193e+01
2.654752474379932536e+01
-8.863029838452700915e+01
-2.416743178015695293e+01
-6.388278351841204739e+01
-2.473842155962912059e+01
1.089204212601901673e+02
3.099578125615700586e+01
-1.767404627966271278e+02
-9.006641219708731683e+01
-1.055298657963048612e+02
5.731890438391566533e+01
-2.014275299225240019e+02
2.495575680718662781e+01
1.484568262982303395e+02
-3.502617152682852009e+01
-5.440486098983040364e+01
-1.003258574275290442e+02
1.690923772843303254e+02
3.645783228442428481e+01
-2.430759438786446935e+02
1.638263727876661946e+01
6.824452071683067800e+01
-4.966508694937623147e+01
-8.118133664161753416e+01
-9.424861186114410927e+00
2.990609823347164209e+01
-5.920292395101228777e+01
6.638774316193834579e+01
-7.110923960594059068e+00
-1.225224947912397795e+02
4.991571800297027295e+01
2.765809418029027800e+00
9.680405751477561438e+00
2.295212498819995162e+01
-7.717494111323676975e+01
-4.661235433825898866e+01
2.451611335899565915e+02
8.689991312072109508e+01
-4.653535492314246369e+01
-1.936141047103836854e+02
7.229490675838597724e+01
1.378564140050238791e+02
1.100476006351116780e+02
8.971460452841657229e+01
7.020548417446291012e+01
-2.345433553401508942e+00
1.242992902526292340e+02
3.068966602439751412e+01
3.463447887218364230e+01
-2.665110767387937329e+01
1.700872683130403402e+02
-1.340885208921013430e+02
1.304376838730285897e+02
-3.810238041311981050e+01
-7.080331587575383878e+01
1.691308890818185162e+01
1.277985357935601769e+02
7.341117361077098735e+01
2.241856294567320447e+02
5.954669497920070143e+01
-7.660403796615241845e+01
1.911644941792905570e+02
9.301881788091192504e+01
-5.314228527928363377e+01
-6.103002912583171025e+01
3.468361330734657244e+00
-5.197869972903687596e+01
9.934238853353016907e+01
1.602718967108859260e+02
-4.782256608238392204e+01
6.076665415843039142e+01
-1.789827233044622687e+02
1.068491684133072397e+02
1.779629136761908512e+02
6.928453263913321791e+01
-1.532184149553181385e+02
-5.342974672435328642e+01
-1.964817307735720533e+02
2.638738962501414065e+01
-6.702124171263592700e+01
-9.196922969247300017e+00
1.281956233893301658e+02
2.563518276499337389e+02
-6.428940245182488411e+01
-6.295393915573833254e+01
-7.243491717592772261e+01
1.990231550390686976e+01
5.699502702718874048e+00
-7.517295457780853951e+01
2.466981872373295026e+00
1.137222454886504863e+02
-1.896010116284457183e+02
-1.871816727023045246e+02
2.335753258306853652e+01
1.650925425047355475e+02
9.315642515495072473e+01
9.037444124332118633e+01
-4.660251748575272046e+01
-1.567067462662089099e+02
1.181393131218096642e+02
9.538675360147453830e+01
9.281540731098635888e+01
-9.098273659439081484e+01
-7.207544137738791790e+01
5.529180640752470310e+01
-8.625236563803304080e+01
-2.304935052301040788e+00
2.534548860329186368e+02
2.234190859734244228e+01
3.283467344314018987e+00
-1.043809155009794409e+02
8.555824701818275813e+00
1.854496655741714761e+01
1.846903112886872478e+01
-9.451485925625513573e+01
-4.016820508334068052e+01
-5.069441420487185468e+01
-5.955267400122629340e+01
5.111194108885996457e+01
1.932999451735549314e+02
2.236563392847613407e+00
6.057439320181792652e+01
2.309466066017087087e+02
-1.386963799643468853e+01
-1.138276645663816282e+02
4.145480808644452964e+01
7.368540170878642925e+01
1.145974171933108607e+02
1.014406925269907278e+00
-1.057749424160889049e+02
-7.508582617133029657e+01
-8.649909177531132798e+01
1.529743779366043270e+02
3.955353045166996395e+01
4.035376049967919765e-01
9.991279519181694013e+01
3.444515488112913637e+00
6.230250939117585318e+01
1.458278412629826164e+02
-2.639528793575903620e+01
7.335951977927152257e+01
-1.331476481588165370e+02
5.143681014893981107e+00
3.488484205469796251e+01
6.087301555074447634e+01
-1.559881155619581294e-01
7.691107272418787488e+01
-1.328729036498602945e+01
7.432842198024108882e+01
1.217852060186611851e+02
-1.019561838942287295e+02
-7.870843289443911317e+01
-1.783360363396122139e+01
-7.197318643868946708e+01
-1.116959108785860799e+00
-1.091712848948640726e+02
3.641609333994067299e+01
-4.903934267231813493e+01
2.288928863308381967e+00
-3.026049864198291317e+01
-2.362734350230372513e+02
-4.909097257405885273e+01
1.707835115197183384e+01
-2.172370447743949455e+02
-4.624144202502661471e+01
-4.682530845757458593e+01
-1.028901771024213758e+02
6.686556034352062738e+01
1.952574088828908430e+02
9.303812118720752977e+00
1.863545695940104565e+02
1.225529873335919433e+02
-2.283409777242484751e+01
1.352202352128705911e+02
1.117332187852470469e+02
3.362007637048509423e+01
-1.710805240220178973e+02
-1.832475252657171154e+02
-3.649155426906817468e+01
-9.384418112850413252e+01
-3.845553751962684430e+01
-6.612687181283450855e+01
4.254942495877645570e+01
4.870030380383246182e+01
-1.449141016098582497e+02
-1.280264784825234585e+02
-2.663018798735925330e+01
-4.123933447363914695e+01
1.952952728159413809e+01
-1.572383175230207257e+02
5.494938449145265480e+01
5.673690705461177153e+00
2.337962021255223632e+01
1.334244044678223133e+02
6.344812084349867121e+01
2.031006328505676493e+02
-5.800929982412655050e+01
3.625473250475103981e+01
2.122354295335229040e+02
-1.085718331960659953e+02
-7.429408129397151583e+01
1.147372133289315599e+02
-3.140073455015799553e+01
-1.826429201690943387e+02
4.286562768836300563e+01
4.657495571468884776e+01
-8.492818884562150572e+01
1.046081151316164721e+02
5.808133508384635491e+01
1.405492076607464753e+02
2.954338913468576422e+01
-1.478121371713176018e+02
8.866507992166670959e+00
-4.675270797190799854e+00
5.242160233838039574e+01
-6.613472703722906942e+01
9.841602689269276993e+01
-1.035122445833098652e+02
3.450105895777419818e+01
-1.981899789386245914e+02
-4.360862708635633567e+01
-9.655852384252537490e+01
-1.642867452048967323e+02
-6.929071372626624736e+01
-1.114997327294008187e+02
-5.656984729800836220e+01
2.896420947543355950e+01
-4.755971187108730902e+01
6.031113402434563397e+01
3.720593609896896226e+01
-6.134716041145988186e+01
1.290374944305302307e+01
-6.773232310736554496e+01
7.918496720660014887e+01
-5.679132573867667588e+01
6.088248535449637622e+00
-1.488663594878144103e+01
-9.292501522021190397e+01
-1.160403164334209265e+02
8.494545324707311806e+01
3.324621829718100230e+01
1.205295161469636867e+02
5.813517654354838271e+01
-1.028705203240801751e+02
5.084303269764086508e+01
1.378374194165409108e+02
3.632207465927530876e+01
-7.854982799663022774e+01
-8.413851697861959167e+01
-3.000274617799905386e+01
7.685135314150448949e+01
4.461550694841441356e+01
-5.367223788458576905e+01
9.984979128610414989e+01
5.013070701273196761e+01
-5.186437026311057963e+00
-6.428877106568553756e+01
-6.036854059639089343e+01
1.137351565390119248e+02
-1.020034753097300353e+02
6.540891004702595524e+01
-2.568594745819326874e+01
-5.746136605953083887e+01
1.278390521159448951e+02
9.457580053474981696e+01
1.729432755766829928e+02
-1.182286651921493075e+02
-1.763662993540084187e+02
-5.728236381568118674e+01
-2.262614411483847903e+02
2.514167549504785271e+01
3.846960117082590003e+00
1.043430884988841889e+01
2.179127040603593102e+01
-2.642451972445666897e+01
8.777329731066696183e+01
1.071254824569332698e+02
-9.756346111849214964e+00
-3.621399300590950077e+01
-4.314722826212648243e+01
-6.814114545239486631e+01
6.525753111103630033e+01
-1.613947326671797384e+02
1.565795468491086524e+02
-1.293774305465437919e+02
-1.224289627551240187e+02
6.709453821870913259e+01
-5.588749047166919581e+01
3.071745122768110292e+01
-1.143960575809512221e+02
-6.879442564576834229e+01
1.044538081943737495e+01
-7.085150207404146272e+01
-2.456556369076636770e+01
4.607218415170221704e+01
-3.996809164418523608e+01
6.881863735330105669e+01
-4.637485340172681703e+01
-4.508478516236338862e+01
1.365553512353420160e+02
2.098375722986903824e+01
-6.356674865350413484e+01
2.975874193804401457e+01
-3.699824753371558472e+01
1.023849781474491927e+01
2.553733987639271419e+01
-2.113192193187247625e+01
-7.817033539212938820e+01
-1.174431953320387834e+02
1.167318081517542936e+02
-8.712177249458206063e+01
1.660128145568342317e+00
-1.158415889734812083e+02
-6.359320942923860542e+01
5.160166415333899437e+01
8.145319519687315335e+01
8.155356545908053079e+01
-7.154130968524232514e+01
3.242768345286974352e+01
-5.953610438437569741e+01
1.103979933234518143e+02
-8.221527137636255134e+01
-6.777901433047317425e+01
-7.323942251185755481e+01
-6.038398203801816777e+01
-1.579442910304709358e+02
-1.115638523185047148e+02
9.136375243914963562e+01
1.890875047871862691e+01
6.750980022470977815e+01
1.971996819562865966e+01
-5.683239267256380600e+01
-5.001251442177871098e+01
-3.341846063034718384e+01
-5.853039960925154617e+01
5.473532738982291335e+01
8.701196420352003713e+01
-4.670264837935465607e+01
-3.245124394467422491e+01
-4.157530742019004322e+01
8.695756223838053245e+01
7.893408145420282551e+01
2.230968060514964080e+01
-3.559486855439435971e+01
3.613725973896578836e+01
4.683858844378178787e+01
1.475812439098412199e+02
-1.077415812250844454e+02
-5.205082392802076185e+01
-6.497962485458711512e+01
1.548855754858476246e+02
-1.068352751132931155e+00
-5.717597399856914109e+01
4.204611869984613293e+01
4.564810707394676115e+01
-1.227104080142628106e+02
1.180418923529556565e+02
-4.646858664015515927e+01
-4.984595611280334992e+01
9.297999013054601392e+01
-1.894717597617735549e+01
1.317898758358882390e+02
-2.479597659276770472e+01
1.422598522731736921e+02
4.103147402777751296e+01
6.389450596653009740e+01
6.854926664849278950e+01
6.639047413723736213e+01
-1.048752866205542489e+01
9.027276419621004777e+01
-9.653482505223600185e+01
-1.156548485468743115e+00
2.257886355177934945e+01
1.943824746666370018e+01
5.491655393130155005e+01
5.520151232510224304e+01
5.798093578108366231e+00
-1.369090749623829311e+02
8.889882300250619096e+01
-5.596605523697414242e+01
5.013562490503831981e+01
2.100320728386717306e+01
-2.575429101508621557e+02
1.325028826889494553e+02
-8.021551012694771998e+01
-1.772805482373726704e+02
8.672506952853730411e+01
3.778079214047812684e+01
-2.682445961846553928e+01
2.059513463952754364e+02
8.031426105903996415e+01
2.696121787782962187e+01
-1.394500664711024740e+02
-5.643104575095823350e+01
-2.279392001574903404e+01
3.306195415374755253e+00
1.358120180376467658e+02
-2.120143552589330227e+02
1.448965936519968345e+01
4.165325371720390990e+01
-1.542617135102844088e+02
1.064340264780866789e+02
-5.600903995265056778e+01
-5.410998934337105482e+01
6.187163588379480927e+01
1.574500585467978908e+02
2.319783130457130582e+01
2.810283538734016773e+01
9.645904490874144699e+01
1.610056174360460091e+01
8.965758544296838295e+01
2.261827994699249018e+02
-4.108657860503394943e+01
-1.634562553609850966e+02
-1.129824413503858409e+02
1.734432397176716023e+01
8.064166265483457607e+01
-1.040254213054566748e+02
-4.022372612736027975e+01
-1.307736426067711761e+02
-9.383010597422192234e+01
4.990505462983693974e+01
-1.855059501099693975e+01
7.671254899380767256e+01
-1.093731978120209334e+02
9.552434433306800088e+00
-8.948326944038147701e+01
-1.021963222901774486e+02
-4.238902551437463728e+01
-4.368880921103299642e+01
-8.335924819807343056e+01
1.647770239656137221e+02
-1.296620011886188024e+02
-9.071501086345554654e+01
-3.287271527445035701e+01
9.326795664619329784e+01
-1.592128396122618561e+01
-7.346708321881871484e+01
3.319627742442994389e+01
-1.203758927337591444e+02
-1.488836014901429650e+01
1.238716516570948585e+02
-1.007865654817768473e+02
-5.693290849342366755e+01
-1.123606867629630557e+02
1.355274742957737715e+02
-5.769791810726360382e+01
-1.494079307811192905e+02
6.041596102270212043e+01
-1.384530864885301185e+02
4.507827537022054187e+00
2.468876065117860819e+01
6.085386819427968419e+01
1.720719729719444331e+02
-2.705456333322745266e+00
1.350050335711539518e+01
1.574540675380189612e+02
1.183572598860013869e+01
-2.029715520246491423e+01
-6.666274669578331213e+01
-9.882594247810267518e+01
-4.501123195259684451e+01
2.232160512757838262e+02
2.922690196651947758e+02
-4.132184497596922768e+01
-1.348110765764081407e+02
7.013565929082427886e+01
5.115102846296543504e+01
1.374178893134659685e+00
-3.853046717186645509e+01
-7.480913864298817373e+01
1.160003257047813605e+02
-9.214573541428126191e+01
6.452139895132283698e+01
-7.147934930560157341e+01
1.563803341328501340e+01
-1.207110899466972675e+01
-5.579140192707397716e+01
-2.503498024838949050e+02
-1.304239459641335372e+02
1.052812313109739506e+01
-1.176219444515988677e+01
1.444941586635648889e+02
1.259015878738011764e+02
1.108534669804795953e+02
-1.459061541490377323e+01
5.412856296520023847e+01
2.422004284066325397e+01
3.086571999352025131e+01
-4.560654094838137951e+01
-6.125106132440188844e+01
4.651719699060157609e+01
-4.976082031947046858e+01
-7.282431094704425334e+01
3.095214413059220959e+01
5.838531284685689116e+01
1.000775280190383398e+02
-5.020887617721177776e+01
-1.569726115736159855e+01
-8.437926907601291759e+01
-6.197789968874613464e+01
-2.846898054720851974e+02
7.494672816084406008e+01
-1.042325149439935217e+02
2.408857754374329474e+01
2.135044258826628294e+01
2.711166128770437389e+00
-1.636506561735932053e+02
8.772759622555095405e+01
-9.875228214970675822e+00
4.039186916200056743e+01
4.613010678106758888e+01
5.105809208812947020e+01
-9.858045848506897357e+00
9.191006288056944129e+01
1.474459866709620144e+02
-1.761005070792507468e+02
-1.230338709326984059e+02
1.734472905266982323e+01
-9.282954758337579904e+01
3.728698015037143598e+00
-5.865408071106664778e+01
3.439207407478203748e+00
-3.761240979731379497e+01
-4.868271557542574612e+01
6.272823021551266720e+01
-1.562371641035117591e+02
-6.420368122277018585e+01
-1.077801129979743422e+02
1.341246700626143706e+02
6.880930443446776223e+01
-7.051562547674627979e+01
-1.728023379403284423e+02
3.161681550676931352e+02
7.610094220877360272e+01
-7.587513085193161544e+01
5.156446092588826957e+01
-1.086124788929344618e+02
6.388475355640397169e+01
-1.201916857142515624e+02
1.510973763356570885e+02
9.857012276740832135e+01
4.996263857810981079e+01
2.492676385302019355e+02
-5.653195241265225945e+01
1.118425526215633568e+02
1.096276643151346946e+02
-1.201324194720985084e+01
-1.589942368486591704e+02
7.235075408644252093e+01
4.390639479691485292e+01
-3.317044873509431113e+01
-1.103690820392300225e+02
6.332238041312844068e+00
1.332493756088917625e+00
2.135059451896151188e+02
-2.420295978994914421e+01
2.069211188486097086e+01
1.114227379296214338e+02
-4.548569902619780692e+01
-9.259751781202430720e+01
-6.188992403579470647e+01
-8.786285664931909878e+01
-8.737499416794625517e+01
-1.626962297253126906e+02
-2.671616553338676070e+01
3.333968059809290452e+01
-1.020543085321778989e+02
1.521091261051621473e+02
-2.312491679433976799e+02
7.099793449888586849e+01
-6.060101187714440130e+01
-4.533537542690073252e+01
1.402404605593482074e+02
-5.831983254247554527e+01
-4.410729878355145672e+01
-3.394119632709962531e+01
-3.637488807980102479e+01
-3.839042182028218519e+01
-1.042416800121393976e+02
1.160367462589368728e+02
5.947286232734239064e+00
-4.061742839089481549e+01
1.751707566027402834e+02
-1.056372970284705985e+02
1.386987261972335794e+01
-3.059396267705538364e+01
4.314737455879315320e+01
1.956230748097833327e+02
-5.717027736763998780e-01
8.734347514882144026e+01
1.102386165802854663e+02
1.484678321898737750e+02
-5.255074043760053115e+01
-8.766697360968232999e+01
-1.260282470027265589e+01
-5.423074284329694450e+01
8.451162062509375517e+01
5.896899851916892743e+01
-5.141865992836153509e+01
4.237558503423253242e+00
9.542498819445579272e+01
-1.216714202926831518e+02
1.304971928391445317e+02
1.170213309162870274e+01
1.273303581260825013e+01
6.014375269121782708e+01
4.933618722852198601e+01
-8.741492174001361093e+01
1.281962880382350818e+02
3.970681857792907010e+01
-1.027219591583746308e+02
3.567619271500191047e+01
5.888574096718792816e+01
-2.828508681290121629e+01
-1.847811097560315261e+02
-1.813561980173092252e+02
1.556458293991125075e+01
-1.080204548681381738e+01
8.217263950370983139e+01
3.587016752959858668e+00
-2.551389119869018884e+01
2.060908854388745937e+01
-4.930508760131584012e+00
5.508971223021882224e+01
-1.340298829290950122e+00
-1.594391367467580665e+02
-6.332068239871091464e+01
3.578090777585952509e+01
6.007563797215168222e+01
7.924074168700420273e+01
2.868213242501535376e+01
1.046470175242927212e+02
-7.510753768886274884e+01
-1.283801817973677259e+02
-9.606283904163909426e+01
4.882520714013809027e+01
1.996893104956896821e+02
1.525727064284743406e+01
5.401643196382367762e+01
-7.189217635896214631e+01
-2.079460991435555783e+01
5.930109300108784254e+01
-5.991592950043582277e+01
4.161558214153109958e+01
-1.411595693999405796e+02
-1.250745668651936171e+02
-1.176704645422282312e+02
-4.270193520904911111e+01
4.582020326495329243e+01
-2.000024810200388856e+02
6.516019613644455433e+01
-1.963206155614711435e+01
2.876221754177300483e+01
-2.115543532455030018e+00
-1.085246709494883532e+02
7.121623290970060793e+01
-1.092020468981749133e+02
-3.022246308908532697e+01
3.726595274288844450e+01
8.162108839272147476e-01
1.213651141773968050e+02
-1.397245979358543195e+02
9.576645339156602432e+00
-1.602161303734769149e+02
1.161297725164226051e+02
8.666766713037500836e+01
-9.756107014352021167e+01
-8.878176627799739151e+00
-2.107126621143179932e+02
9.374013294718736233e+01
-1.426213071765215057e+00
6.893628124897604437e+01
1.661595729389767584e+01
1.973352932274547200e+01
9.807270154530206696e+01
3.760914508642343890e+01
3.920458526101212726e+01
1.849789836410088384e+01
-6.800904305840489883e+01
-2.832597621131930410e+01
-1.609586917335046223e+02
5.603445340185320589e+01
1.675209014581096483e+02
6.720080866877091719e-01
-1.326453193664205514e+02
-5.903310521692272062e+01
7.051032980787630322e+01
-5.437437756784417786e+01
7.074304653441005541e+01
-1.813605371190134541e-01
-1.113565951630610016e+02
-1.284471581393494546e+02
-1.620157156538619745e+02
-4.350218126763315496e+01
2.719313293637015860e+01
3.591601407781755029e+01
-3.294637687816382510e+01
1.053134637802060496e+02
1.425597816240245663e+02
-1.375135618887361773e+02
5.758456378103615236e+01
1.944367977037045705e+02
7.438709400136697525e+01
-6.071953097307433467e+01
-9.839242807851941564e+01
1.184311303370997166e+02
-1.733979700753096722e+02
-4.537087184958075881e+01
-5.902255501792735970e+01
-6.557184364991796599e+01
3.897927979934488718e+01
-3.844133777201743385e+01
7.503804374145997258e+01
-1.249710621090615632e+02
-5.476802513003140405e+01
3.245482178923581529e+01
-3.005065929590794482e+01
-5.386000185119101502e+00
1.406682414327817412e+02
-2.073589540372953621e+01
-1.206355341650068702e+01
-9.299588939077111149e+00
-6.083995293430442075e+01
1.387685673507667445e+02
-6.904136078569242940e+00
1.960060825705719623e+01
1.004828438844056571e+01
3.792820219350436872e+01
-3.969538441709021015e+01
4.312434736160601290e+01
3.661830835358561131e+01
-9.864869652782815024e+01
-1.516368469162152905e+02
-1.225628912341039012e+02
5.668086257087750113e+01
1.240142691292902555e+02
7.712065187763514018e+01
4.472568131721172335e+01
9.589817545745337668e+01
-3.545648870413354103e+01
7.734523757878550043e+01
-9.757999952967499269e+01
1.237935079057062637e+02
-6.339927124279161319e+01
-4.315448052955492386e+01
-1.398955759784217889e+02
8.084649472775619472e+01
-1.185097493945222737e+02
-2.837342007694615376e+01
-1.251847670612961281e+02
-1.632804606823822624e+01
-2.873255218307030390e+01
-3.385596614277925909e+01
1.167967073498906814e+02
2.570978828199841715e+01
1.335207411610209931e+02
5.111277879805570734e+01
5.314358441539555145e+01
-9.460553550568666026e+01
-3.487046556581029222e+01
-1.077050549446583858e+02
1.227160040893131594e+02
5.922978969205993138e+01
-7.033328185194849880e+01
-4.474956009706417603e+01
-6.601552210414111244e+01
1.682486289712589951e+02
-1.088455579359963394e+02
4.752183055362118580e+01
-7.701906747790546603e+01
-1.253040445752316288e+02
5.200678424092723873e+01
2.268559730198540478e+02
6.269843496153566065e+01
4.990637661824783322e+01
-7.567021600015867477e+01
5.196759587330257801e+01
6.834577792847551336e+01
3.873413474206721929e+01
-3.903881878447913678e+00
-1.047891916964685493e+02
5.510362951004834997e+01
1.442488041588292162e+02
1.938846967228932527e+01
2.921246804968690380e+00
2.569019043284216153e+00
-1.465640005611197125e+02
-1.890684672094745622e+02
-9.517458763623746165e+01
5.013951290252643389e+01
-1.143460594376640671e+02
7.109822608418748757e+01
5.707672180800656747e+01
5.297779223870334953e+00
-7.058921992000246348e+01
1.101034257318001437e+02
4.767590110092547206e+01
8.946998912975199403e+01
-3.126832843084314462e+01
-1.661093647313705901e+02
-7.238169265290935073e+01
-1.748059014631674586e+02
