-5.134279245576758655e+01
4.198937344259294946e+01
-1.058285480871007600e+01
-8.226400906574851035e+01
1.074850018143159502e+02
8.429874833932916545e+01
1.037979916081943230e+02
-6.894147441667385579e+01
1.870461196636033563e+01
-9.082546656781489958e+01
3.536247546530381669e+01
1.670037119634673051e-01
-4.561939139355288120e+01
-3.416120737197178414e+01
-5.853309939339089851e+01
-9.048794497362559142e+00
-3.499908351220843628e+01
-2.175275622209204869e+02
-9.352576582304611463e+01
6.975551226200643384e+01
-9.777176032853336096e+01
1.453499126657094109e+02
3.854067499900665439e+01
-1.299016717694843237e+02
-1.435808282377730336e+02
-6.037792198549173861e+01
-2.096620500949094534e+01
-8.455809552879824764e+01
-1.087010790648043326e+02
2.182571319594332593e+01
-4.760267135362814095e+00
1.084249503709665063e+01
-1.284613997240916490e+02
-2.494362371931988420e+01
3.420724653729011067e+01
9.061266899847062462e+01
-1.866250451994892785e+02
3.608525391979287456e+00
1.456534169457493366e+00
-8.310922685842652413e+01
-1.578321315512145162e+01
-8.388840567143375893e+01
-6.574348595549139418e+01
3.761973492628901283e+01
1.347229234780918716e+02
-8.283497785198102292e+01
-5.375872837164666151e+01
-4.131146786743315147e+01
1.544813215936782456e+02
-9.644648298452779045e+01
-1.626564290411575655e+02
-8.373130544306626177e+01
3.267655352954368908e+01
3.829364586143262272e+01
8.219480130589599298e+01
-1.206773998473063614e+02
3.156947841840256785e+01
3.169140568382053047e+01
-6.228531634192319189e+01
-6.188481005611686570e+00
1.101134299658827445e+02
5.789314107911219764e+01
-1.509908233357740812e+02
9.679122628249309246e-01
-1.559909455109544183e+02
5.775410836109534785e+01
-5.035909416416507156e+01
-1.222313867381052077e+01
-3.750775030861313297e+01
-5.013408377538545579e+01
7.143763020183880030e+01
1.429529079684458850e+02
-8.546048538513554149e+01
-3.329440818128355772e+01
7.612248504948119887e+00
-1.460829419232179021e+02
-5.111836209011030085e+00
-3.065281227290820976e+00
-3.427009723474107972e+01
-9.741513348469851508e+01
-7.259732096374713706e+01
1.773988057432935861e+00
-9.786094607924990640e+00
1.033738670514194169e+01
-1.420940135356308254e+01
-4.135142903646559631e+01
1.473979155751019618e+02
1.361680962734741627e+02
5.891776401327770429e+01
-5.128434475324598196e+01
-7.856718366197097225e+01
-1.510622531814491083e+02
1.999698527340005327e+01
1.932118124343613204e+02
9.238914484477443523e+01
6.728982281960784917e+01
4.599810239618914665e+01
1.141242426186138488e+02
2.759400830293937901e+01
-1.274856117444327310e+02
7.186049310982812699e+01
1.398254935593807318e+02
-5.836049918746395448e-01
-1.994943923172703037e+01
1.091943709114898695e+02
1.366931255859947782e+02
1.492563024621304990e+01
-3.724947203020295916e+01
6.145259231810710787e+01
-1.347353715707972697e+02
-1.664427063711334043e+01
2.162051800414681679e+01
4.815443385189333014e+00
2.689112384556112545e+01
-3.194246883500487755e+01
1.654024613169330280e+02
1.575991250229408003e+01
2.928150630624362449e+01
-2.845771195082820171e+00
-1.365257994373809822e+02
1.650386671135648697e+01
8.017981425023154429e+01
-2.085376601069974711e+01
6.965227075064186124e+01
5.370243722560447708e+01
-1.016290031316121372e+02
-3.776517251517825713e+01
9.264923335173990893e+01
1.341486188532779344e+01
-1.629999829403847400e+02
-1.221536741290526606e+01
1.250053097695996911e+02
-4.529307592946720007e+01
-5.896139197895891471e+01
-2.550233305116042004e+01
1.438786137905563294e+02
6.736569869150169154e+01
-1.860889452424370916e+02
4.778343447440993685e+01
1.306368218400917272e+02
-1.075760620646237555e+02
1.228993696857142197e+02
7.349749754507784871e+01
2.096868220787018444e+01
7.096936844075887052e+01
-1.344261282897916843e+01
-1.116001260866731855e+02
-1.795867292718920316e+00
-5.003735218582929889e+01
1.052952741054884100e+01
1.797264443605761031e+01
-5.805433932521513185e+01
1.691757101880173053e+01
1.300019879666733118e+02
-5.771520023686045775e+00
6.362324407780193525e+01
-4.058998837568007900e+01
-7.385144578268329951e+01
1.248271808137340777e+01
1.727520363700961354e+02
4.861692374164974240e+01
-3.193465614391447716e+01
-1.262175363565033734e+02
5.060823411354626700e+01
-6.694363920798642198e+01
-1.875986271767052926e+01
-2.637965704205123529e+01
-1.635962534138432645e+01
-1.380611274165061388e+02
6.711064522371732721e+01
-1.700218406335129018e+01
5.540957402827612555e+01
4.803208072564714826e+01
-4.557861693178246298e+01
-9.548536921860277005e+01
-1.007773337900155219e+01
-7.308672053887937281e+00
8.989731103584766458e+00
-1.319771936289539482e+00
-2.447158671441411926e+01
3.848661256379765661e+01
6.669306907078215829e+01
6.121521097383709531e+00
2.129453669550828820e+01
1.654220958935877306e+01
6.643690256277895401e+01
2.415431171834521251e+01
9.440863127495808271e+01
-9.861461304710601894e+01
1.424788701588940967e+02
1.959784597272627593e+01
1.541504467185876948e+01
-2.736569906550003140e+01
-5.652986201285725798e+01
-6.102821343125070541e+01
1.129847470190727776e+01
-1.577686343597321752e+02
-5.043278637972473177e+01
3.780783729903888002e+01
2.124240744350220567e+01
-1.387155971621961044e+02
-5.090571688013803708e+01
3.341722166796257909e+01
1.190473884857178000e+01
1.522465790065152476e+02
-4.192569641015222714e+01
7.211014318052076533e+01
3.173369083157948012e+01
-2.173355492563568703e+01
-7.354791585841026347e+01
1.385122878524593943e+02
-1.574080527239963345e+01
-3.542677222000607973e+00
-9.068647426230240782e+00
9.904946296228271763e+01
8.008568452119206427e+01
1.381987018664369486e+02
-2.763336618134523093e+01
1.351386991086224043e+02
-1.259276347978712920e+02
-2.489220579877154904e+01
1.508257801362327370e+02
-8.535210315633827349e+01
7.016384366675509909e+01
-3.984845945273312395e+01
-8.404532794428477871e+01
2.082687091903153842e+01
4.449610338120837838e+01
-3.291562509756647614e+01
5.012392956160167046e+01
-2.245856963651154814e+01
6.225047372902351839e+01
1.381365378591380590e+02
4.797125246945488186e+01
-3.297566942628843378e+01
-9.990320019029223886e+01
6.154503091562821737e+01
-6.468669654347411324e+01
-4.824658019292666467e+01
5.870173326936120617e+01
3.019344138093285679e+01
1.362966376024489890e+00
3.436714787653098568e+01
-1.574406511926132879e+01
-4.312640556774402967e+01
-1.308001884918435564e+02
1.096956559636575435e+02
1.640024926720327292e+00
-1.260819011985830684e+01
-1.020639729581716324e+02
-3.683986219476460988e+00
-1.527638842566536255e+02
-6.072463344008099284e+01
-3.176828297964248193e+01
-1.812696185741248485e+02
-6.439023087340377316e+00
-1.378916432437797601e+00
6.383050217624261791e+01
-3.975038690613413905e+01
2.996320961214972911e+01
-6.285704707347736786e+01
-4.112173634414333812e+00
-4.905827995490757587e+01
3.569297614796175022e+00
-1.148985107854831433e+00
1.096774771608088450e+00
-5.060831319632433889e+01
-1.223574743362865576e+02
-1.070126471034109557e+02
7.891514287209481004e+00
-6.783064091085908132e+00
-4.238870902369025373e+01
-3.663417847519988868e+01
4.330453447494618757e+01
-5.343209035589337574e+00
-9.988771439403894448e+00
7.355412982321797699e+01
1.092837373628898234e+02
2.401918648934663452e+02
-3.265095567894746864e+01
-8.475002002135991752e-01
-1.572841453848537263e+01
7.162710775126171825e+01
1.103203952224044571e+01
4.728647934463528912e+01
7.616630772776606761e+01
-1.537369094689551474e+01
-6.139589557976875511e+01
-6.602566243696879944e+00
-2.986919522506601155e+01
-2.615021976712380791e+01
1.279169019120174653e+02
1.030502493043203458e+02
3.719194932050060487e+01
-3.365451226443023103e+01
1.082744190331857581e+01
3.968903940208301862e+01
-1.366426011149548572e+02
-1.526361527628533565e+02
-3.256048611967630535e+01
-7.483187857625506467e+01
-2.434886132235512335e+01
-4.422242752365582419e+01
7.021184946537836424e+01
4.947827175491585905e+01
3.003656703358329594e+01
-9.716332630492449596e+01
6.939209985869118213e+01
2.420314455809405629e+01
-4.806733534988637757e+01
-2.689623628595569471e+00
-3.779902736909216543e+01
4.301735151787232070e+01
-3.800813282975214946e+01
4.162755008027220782e+01
3.017805757818998202e+01
1.283501973830082363e+02
-8.506169273111451901e+01
1.135465288954082581e+02
1.526457261543719994e+02
1.752982935914254625e+01
-7.394113159784308209e+01
7.103732936992842362e+00
-2.038897847241631922e+01
5.498558411638871490e+01
-4.132254166819355845e+01
-4.280240845325473664e+00
-5.914908503320550182e+01
-1.304888599614042164e+02
8.923341175198623887e+01
6.512476006815393248e+01
1.962033955099852012e+00
7.508865335439394606e+00
7.391018344574423793e+01
-1.083854342819228691e+02
-8.197824632446685200e+01
-3.825188634258812215e+01
4.150970540373655204e+00
4.059323784239142441e+01
-8.003541062834678144e+00
-2.861291744079993293e+01
-1.202447564465439100e+00
-2.391563281266565966e+01
2.791639828333468998e+01
9.008004706028318154e+00
1.042451861126767341e+02
9.391237856003849060e+01
3.455438940268332715e+01
5.724112861753277315e+01
4.874820166865774951e+01
-3.969744224510369435e+01
7.726627154396427954e+01
2.202568159218223229e+02
-4.984907060725383587e+01
1.172723183880798281e+01
9.460356655624775613e+01
-6.110904033072953467e+01
1.087906582596166203e+02
-5.078695213757038829e+01
1.342419933536067944e+01
-1.578382434240932852e+01
2.722826959769742672e+01
-1.403975156158040249e+02
-3.653663272966936404e+01
7.870312773043373511e+00
5.313159351833184019e+01
-3.246648277782258418e+01
-3.989581147538314099e+01
4.515561045717544175e+01
-5.019610548166861719e+01
2.983870913031502070e+01
-1.544121848935421504e+01
-2.887779885946530953e+02
5.201106610943367059e+01
-6.887454838481690444e+01
3.942941008858035445e+01
-7.224322853332687089e+01
1.750579234397768857e+01
7.383619108893581995e+01
3.598631634639539811e+01
-2.369997844514948326e+01
-1.322538488325626105e+01
-4.180965566955892143e+01
-8.812366970519970266e+01
-1.119514663127995107e+02
-2.152898243372210274e+01
-1.386581124507012817e+02
-3.419190356932718089e+01
-4.873968438322820873e+01
-6.051139454307053711e+01
4.501844634187776251e+01
-2.560009314440699413e+01
-2.437109357984327218e+01
-1.454679063189651913e+02
3.030150704935359585e+01
-6.699952129999300610e+01
-1.669882070136130636e+01
1.225311285536534172e+02
1.402214566992321920e+02
-3.301021305308606202e+01
4.909122774248551480e+01
-1.778130691261792720e+02
-7.208415497317203346e+01
-4.375309961281062243e+01
-3.407743743143216619e+01
7.141167532132034523e+01
-2.818251799057315665e+01
-1.087189373925683782e+02
-9.324396122073370208e+00
3.018963638913950476e+01
4.805121816026756676e+01
-9.126080234555760740e+01
1.531753573652046541e+01
-9.263446111038140884e+01
1.286630907360298011e+02
2.628524093428212893e+01
2.656591983655725997e+01
8.324313713232339751e+01
-1.861434243757477134e+02
-6.485781913782983743e+00
5.733456487338229124e+01
-4.565325087902098744e+01
3.915344676848638983e+01
-5.090183449324690912e+00
-5.108542201137421301e+00
-6.062819413628352549e+01
-7.943293961920250013e+01
-1.431910471278933983e+01
-6.645652375596480965e+01
3.759624394323789431e+01
8.129003656631270758e+01
-5.725023334656330576e+01
-6.847068786992421963e+01
1.918602440938727582e+01
-9.382546542862237970e+01
-6.641939482643556403e+01
1.331423841141675268e+01
8.875918989784695157e+01
1.015976813288227163e+02
-4.603010487740511536e+01
7.022402966526394152e+01
-1.720892229673157914e+01
-1.709237278832307538e+01
3.078451120642254324e+01
4.444710491156342158e+01
-1.086350558501608248e+02
1.200804989244899730e+02
-1.271982923683314084e+02
1.203407882467439372e+01
-3.680648085232140687e+01
-2.445187167757111268e+01
-6.070874830092703789e+00
-9.028415764175743163e+01
-7.766047472225992010e+01
2.160643181546640221e+02
2.510638780310497364e-01
4.843857577717578522e+01
2.384330934162841942e+01
-1.731390460718096165e+02
-9.230345434897064649e+01
-9.039224397552401058e+01
-3.808318763720759392e+01
-3.484824042458948412e+01
-1.048739533780165090e+02
-8.260385745608009245e+01
-3.416902175488561966e+01
-2.023763548365884546e+01
6.427856786133244782e+01
5.017660941980962264e+01
-9.378358756739299906e+01
3.905425598382698382e+01
-2.367948392941811875e+01
-8.661627788663265903e+01
-1.943606518248279258e+02
8.441082633466851348e+01
7.386106763129845376e+01
1.592002969758772224e+02
-7.700664009209386052e+01
2.044301729162183676e+02
-1.151727579698057298e+02
-1.216298497244985271e+02
-5.515230453750102413e+01
1.301230500056431367e+02
7.757828097560297920e+01
6.519783488467126631e+01
1.678623032460285174e+02
-9.273931125174232903e-01
-1.169981319596910510e+02
-1.228496248599141154e+02
9.444946297526631440e+01
2.093767128106996438e+02
-6.318399675652054270e+01
3.160617879165083011e+01
-9.535347731854262321e-01
9.799093703704059521e+01
7.615464856453340303e+01
8.872861832991928566e+01
2.625605750132814720e+01
-2.072416045594054594e+02
1.144231770235753345e+02
-1.416164247809797700e+02
-7.367332454922259899e+01
-4.796011512284856337e+01
-1.745846840512038511e+02
7.675278966430265193e+00
9.057986024324146968e+01
1.316352642710484133e+02
1.041410832412992420e+02
-8.642197665845235965e-01
-6.552115981004553724e-01
-4.317441954725284603e+01
-9.177029945905714214e+01
-7.775339541711649360e+01
5.290582717743775021e+01
-1.018482770098519374e+01
-7.712868597390178138e+01
2.480209385238867625e+01
-4.542640690252417102e+01
-1.688840655490296072e+01
-2.868825411593247310e+01
8.508832499063065313e+01
2.331206986229666356e+01
-1.454594370710368594e+02
7.002280555797391060e-01
-1.536122648221683207e+00
3.608720475815874806e+01
-1.659338364354220019e+01
-3.723119288769859025e+01
-8.226453137909503255e+01
1.930084208614623265e+01
6.680553226801444566e+01
2.287360724840066339e+01
-7.958175069891653663e+01
-6.075863412945136588e+01
-1.068577684440196833e+02
-1.422136499878529214e+01
-1.838093491060421343e+02
1.169087008441358790e+02
8.429834013330049558e+00
7.946379980077047378e+01
-3.324811514598913220e+01
3.075936695547014565e+01
-3.708784575351517532e+01
6.252357933150148028e+01
-4.455506112208909997e+01
-5.513872978007775316e+01
1.669591260015409517e+01
-4.946502462597725014e+01
7.414566748732841006e+01
-7.847841944964163474e+01
-3.077976423117789651e+01
4.086439341833986560e+01
-3.797404097198795370e+01
5.104317783878327575e+00
5.488181039401435157e+01
2.217194687398479047e+01
6.665990661704748277e+01
-1.214243182824581169e+02
-9.614705970082525255e+01
1.101604123018165780e+02
1.450392075095425248e+01
-1.026602387132837606e+02
8.651047952979145084e-01
-1.282484941265036014e+02
-4.257277600422207797e+01
1.601112552583426307e+01
6.379944447802200358e+01
-7.035383562164015814e+01
-9.507079466814158764e+01
2.105422084772810365e+01
1.037083496012075301e+02
-5.006535605095793784e+01
-2.216873443344357497e+01
7.859880112087621384e+00
3.227319153266844154e+01
2.516994608748888140e+01
-8.024514963706516824e+01
7.126701461011535343e+01
2.354409661166643986e+01
-1.292838988088633130e+02
1.795057321527359591e+02
-4.042374627982430724e+01
5.211369015331882792e+01
-9.452387422370620129e+01
-1.242148136323482674e+02
-9.156939824946434214e+00
-1.068485045970573708e+02
-7.930518015466956783e+00
3.892462190935135169e+01
-3.658370584022359395e+01
1.226427202035827122e+02
5.465187903434291883e+01
2.314422824436017549e+02
-1.604697581889849687e+02
-1.388213333279771859e+02
1.583960164039681118e+01
1.361671184324325452e+02
5.258395373732645339e+01
-3.548072512228837638e+01
4.051922090707319768e+01
-9.431020600569667067e+01
4.831538485994794740e+01
3.561887086196827568e+01
-2.754170468481345502e+00
-3.274578480003673064e+01
1.257458763042987115e+01
2.576372707246796168e+01
7.365191918869201970e+01
1.450296911701857994e+02
-5.888809622442386171e+01
-1.366485665928620961e+02
1.546881879256621417e+01
-6.169600986129634634e+01
-1.407785151967707691e+02
-7.584340698714369466e+01
-1.680875311483410144e+02
7.623922360187108893e+01
-1.601577157748486684e+02
-6.234478053591855229e+01
-9.919206921027304702e+01
-5.138646010119294516e+01
1.577418874841885383e+02
1.974182392126641261e+01
7.939168489282607766e+01
7.694595815274992390e+01
-1.157308987140318024e+01
2.779862649623670379e+01
6.657407768570341489e+01
6.552922723478269518e+01
-2.759686384212782784e+01
-2.543825907559012123e+01
1.541475123024147535e+02
3.301736530684317472e+01
1.608206119928532587e+02
-4.494763966701581381e+01
3.442964574945664769e+00
1.454801218111630057e+01
-3.256768961746157487e+01
-1.142016955448475812e+02
6.013134726915246375e+01
-1.681304977742486528e+02
-7.032039656914460579e+01
9.470812921789651284e+01
5.161433665582722341e+01
-9.486956115294607628e+01
3.537994926130269135e+01
-8.094083385854941071e+01
-9.532669092843617875e+01
6.030803847734429013e+01
1.507078170547759655e+01
1.685304635301015139e+02
-6.949087503544853917e+01
6.365359721025726714e+01
4.856437138214335647e+00
-4.394095344617573318e+01
5.156676696404795734e+01
5.520126711178269474e+00
-1.903326824094366643e+01
-1.160492958724549482e+02
1.693047056323393349e+02
6.915738027780795605e+00
-1.933083263123319568e+02
7.630250151904532174e+01
-4.368402755640877189e+01
1.025147489282024083e+02
3.861250987466348050e+01
-1.039455760582161901e+02
-3.868740063338251645e+01
6.980359449338222078e+01
-2.479662741047182450e+01
-1.268559214852232628e+02
9.303631181589823029e+01
-5.032352541628405618e+01
-6.179354404983102711e+01
8.002519303399749262e+00
-1.920843852722012173e+02
4.082378647568702945e+01
-9.985553792301534060e+00
8.468997129161343196e+01
-6.959859279036810165e+01
7.971775943516693985e+01
1.027413461052226324e+02
-3.020828503949950772e+01
-3.481830806448430593e+01
1.510544729466074330e+02
-6.904553304672990777e+00
-6.329917535052169697e+00
-3.553058707502546554e+01
-4.570789157989363360e+01
1.167777336717106929e+00
-1.776513571671039315e+01
-2.035605104366251794e+01
1.297086835006844829e+01
3.103802980076556306e+00
-1.616200798553029756e+02
1.552818526034659499e+02
5.046785713412592855e+01
-3.654933015072633395e+01
-5.535248026080594741e+01
4.270944308527801070e+01
1.219712648098872592e+02
-7.272838759651241958e+01
-6.683016220562640797e+01
-2.019234413272969775e+01
4.912102422137522240e+00
2.103726384407982266e+02
8.180511560965753404e+01
6.921300640801716497e+01
-8.225186865986943019e+01
1.273324998081763084e+02
4.504981117825671078e+01
-6.738169157359679673e+01
2.108635767091442688e+02
-1.363765840607116786e+02
9.450097954306220061e+01
-1.444209768720921545e+02
2.304519306638122771e+02
-1.187494050653207900e+01
1.663012133942191042e+02
-8.983130742730220941e-01
4.129348048541233718e-01
-8.587799252271898354e+01
-8.288719057898161680e+01
-5.792928628963067439e+01
-5.295284850847222202e+01
1.625782479365051492e+00
-2.926504286098717600e+00
3.295175095411538990e+01
3.559754515402511998e+01
6.246614719285133077e+01
-8.046108780558630258e+01
-1.151579191301051566e+02
1.383846450041654386e+01
7.427398182896466494e+01
1.296687957278363967e+02
4.203851152487972698e+00
-9.734074031545011962e+01
-2.706403588485328982e+01
-1.013003775110440756e+02
-6.850501032996643858e+01
-4.965710130066361927e+01
-5.215758579118492833e+01
-1.760929227037277087e+02
-2.701535416325079098e+01
9.871914553110866564e+01
-6.129712340025115225e+01
4.391927503592388149e+00
-8.261245988200900570e+01
6.675507385170851649e+01
-1.225687270966320881e+02
7.568749515438128128e+01
-1.538505891490752786e+00
-1.204259258809636890e+01
5.708112157512699980e+01
-5.425026325039045361e+01
-7.212486962238786603e-01
-4.420024924658564913e+01
-9.275170774882973035e+01
4.165117379376477658e+01
-4.634941636822966160e+01
-2.114940738061263801e+02
9.514991696806357879e+01
-1.181542362303235763e+02
7.758998262265285994e+00
-4.408160048398849540e+01
5.792807508021621743e+01
-1.254159368307546458e+02
4.672008506326886845e+01
7.609928709520208656e+01
-8.566604809803836318e+00
6.602751426015043990e+01
-1.445060112741063563e+01
-1.068269988055497777e+02
-4.474321243605996301e+01
1.134741342744738404e+02
-9.991300308294620436e+01
-7.674331265367497679e+01
-1.134695668298726901e+02
-3.717643072078619326e+01
-5.952744940746944735e+01
-3.621049881564696449e+01
-8.163987837738750919e-01
-4.654638601340385407e+01
-2.489725720691144062e+01
1.082839037878465120e+02
3.269519361383082412e+01
-8.881647269858891036e+01
2.104024178370251263e+01
-5.084062069381458571e+01
9.658709873930062884e+01
-1.670645707835185334e+01
2.680406995435858697e+00
1.921812952349957193e-01
1.193735153208506361e+01
-7.382086801584831903e+01
-7.804102316004201612e+01
-7.375336828396531530e+01
1.488996447911425136e+01
-4.411241234371753706e+01
-3.359549071417758626e+01
8.226949203632933916e+00
2.075372203875861032e+01
7.464359631838834730e+01
-2.363800516598572443e+01
-1.032784164770891522e+02
5.108561681898956763e+00
1.358646656394725198e+02
1.073890100804698022e+01
1.109768982691393688e+02
2.965472284030498074e+01
9.745949218129423741e+01
-1.172876980437336236e+01
1.062833221962243755e+02
-1.058194743184819231e+02
1.230842153723452554e+02
-6.269180740722216427e+01
-4.810668874375055992e+01
-8.737590589695754772e+01
-4.311066022363869621e+01
-8.472651425080162824e+01
8.235090802771102858e+01
-4.261911614501347145e+01
-1.421112100448386855e+02
-3.201342824072920479e+01
4.959887763633532565e+00
4.564663568400833782e+01
-1.403086779585513000e+02
-1.268897031385325249e+02
1.349961768056149758e+01
1.629582036460802641e+01
-1.652171070266699360e+01
9.216523707246352615e+01
5.571584505025224132e+01
-9.299133242196309368e+01
5.304237609097556572e+01
-5.333521413932445832e+00
-3.153265158556959324e+00
2.824835127928085399e+01
-2.868332796274611241e+01
-7.637736655072775704e+01
-2.094013082618979560e+00
1.301872009666333838e+02
-7.025506983626586077e+01
-1.451934176380841457e+01
1.582630072947509063e+02
7.302513749647599184e+01
-5.565042441604953183e+01
-1.341725229712635326e+02
1.933966379161314464e+01
5.357107974841034093e+01
-2.105459791770830407e+02
6.114947127736498800e+01
-1.703574590361248511e+02
7.383590069511777187e+01
-8.518133879509279893e+01
1.848964279758816360e+02
3.610709647522847376e+01
4.248308502683937604e+01
-4.710433536244730135e+01
2.805450526954144053e+01
1.563672270162512064e+02
-1.382241504255792677e+02
1.129277887400862994e+02
-2.867918799291102872e+01
-1.747859319094591228e+02
2.928139536790772013e+01
1.532282410790183036e+01
-8.187936993850941292e+01
-7.271699308461292333e+01
9.296125082027455733e+01
1.743165584492593894e+02
-5.495593764988982599e+01
-1.155071510700695256e+02
-6.430623993132603466e+00
5.266192118717047066e+01
-3.667429024694503426e+01
6.180872080342017938e+01
8.887298491305020320e+01
-7.654712479566448735e+01
-9.173887215699352282e+00
-2.269346283378847318e+01
1.201058658633847784e+02
4.643013841110187201e+01
1.193942731541280899e+01
-1.614588970287397842e+02
-8.334075791011208878e+00
-1.856125847626829852e+02
-2.058455434582732266e+02
-6.964686379370775171e+00
3.663102740127386170e+01
1.552640904972136049e+01
8.891417379793031373e+00
7.981305270147099407e+01
-9.063749847233489731e+01
1.281348154518857640e-03
-4.077783404748626594e+01
-1.408990365438568233e+02
-8.563847516154774553e+01
-1.221494779884154411e+02
-2.007321572775696836e+02
5.056385696030169896e+01
-1.221107717437948281e+02
8.715918440258830913e+01
3.384692248970840645e+00
-7.969396429386721081e+01
-1.064578731182532607e+02
-1.203226937661548845e+02
1.379048840544240306e+01
6.090166294517825207e+01
1.576608453504530019e+02
1.107237353421816195e+01
-4.192542939715982442e+01
-1.111464514341306824e+02
5.378331146838955590e+01
3.466670798556532418e+01
1.772177282464942394e+01
-4.725184689005305216e+01
4.498659261963408795e+01
-2.148322744184679944e+00
4.529803394506675573e+01
-7.197711148315168828e+01
-1.147379310986031982e+02
-1.802465864897823167e+01
3.290780563474893938e+01
9.298518748084133279e+01
8.529789628894567954e+01
1.196660590810880080e+02
-5.812494889532537456e+00
6.814371398799727331e+01
1.084335101693978665e+01
1.764624900910773135e+02
-9.977739145876086013e+01
1.009539136388043516e+02
1.273710791344519855e+01
-3.298836975107490588e+01
1.597413582240972829e+01
-2.422336242719165611e+01
6.460686973227926444e+01
1.108689088708688644e+02
1.861591244175317783e+01
-4.389509968695504227e+01
7.562866796379741352e+00
-2.931333213409966021e+01
-1.335807116441774838e+02
4.672195671227682823e+01
-8.077922608399408944e+01
2.545902601838470503e+01
-1.099899710709257192e+02
7.174445489339555593e+01
-2.291607399362361974e+01
6.904234485536073862e+01
-3.039086225668366481e+01
5.851071665564813884e+01
8.278441561152554584e+01
1.554967652689455520e+02
1.244357415537203480e+02
1.185062801077134154e+01
4.551101933134391686e+01
4.169957564531176075e+01
-1.258023760470472325e+02
-1.888273110736454328e+02
-1.563802550519878309e+01
-7.073066822429021272e+01
-7.793324931712761305e+00
-7.716614753063639398e+01
1.763393963143963816e+01
-9.448596079558990368e+01
5.564595595789434412e+00
1.098615171978484994e+01
-3.134241146314884929e+00
-1.800136231214481342e+01
3.406314648483087293e+00
-1.010204753709042507e+02
-6.014911883605311971e+01
1.267545293582626869e+02
6.894809451170489467e+01
1.358716972772265876e+02
-8.698770016080210610e+01
-5.332502223671993846e+01
4.662021386774494403e+01
6.314631993252242381e+01
-4.813405011159672142e+01
6.430571852474477623e+01
-2.129345672880378970e+01
-1.679088461529456211e+01
6.303957361096727396e+01
3.728578076137417696e+01
6.904624656733382437e+01
-5.299178708226124002e+01
-7.192970452578799723e+01
1.336557095567591169e+00
5.870034052693752358e+01
9.714045435442148602e+00
-8.809807579804009947e+01
-2.894352406905554531e+01
6.849689645968182639e+00
-9.355288838179848199e+01
-1.333066032050115552e+02
-3.119398210550098582e+01
1.004892623556438451e+02
