-4.370579220884089722e+01
1.604697462051907451e+02
1.041604995398686100e+02
-4.771266935333144055e+00
1.136206697912999708e+01
5.034653363483672450e+01
3.955623230150210334e-01
-5.868000422894137813e+01
1.113256587458920421e+02
1.044268205138327765e+01
8.578031566994795298e+00
-1.184893696547216138e+02
-1.210931242625988062e+02
-1.022249225403267126e+01
8.391436708344228634e+01
-1.730869331387154375e+01
-8.256661027422815380e+01
2.570602986149064861e+01
-4.895399491664885261e+01
-4.732167127516267868e+01
-3.912205513486736175e-01
1.623502213865757682e+01
-4.071258650915493149e+01
2.181422748437232428e+01
-4.697309980588993739e+01
9.024855392479412330e+01
5.950070162827849174e+00
-1.184389492185327697e+02
1.213656762178222870e+01
1.209781321428136351e+02
-2.310473303378518040e+01
-3.962350503225452769e+01
1.230247097552188222e+02
-9.804654589374190721e+01
3.079271023073772895e+01
3.016818783515700630e+01
7.636138271627653751e+01
-2.465355489351788663e+02
1.408051824146144213e+02
-1.711159944754116395e+02
3.413031831889520618e+01
-2.995412169315457618e+01
2.217681217140837102e+00
-2.746365837869584325e+01
9.261553382104358079e+00
1.757059552367995821e+02
-4.519254280977680338e+01
6.722534237416690317e+00
2.128935895972078640e+01
-1.994820532686950969e+02
6.390199128591730471e+01
1.137257069263634861e+02
1.464510521942592725e+01
5.800237178859184439e+01
-2.001713863223158398e+02
4.009249712699365631e+01
-5.585008147725269367e+01
4.882171221840347641e+01
-1.954640978077227373e+02
-1.296403272627790670e+02
-9.681432876596311132e+00
8.946366728575914351e+01
8.888823062766138605e+01
-1.084103662122396514e+02
1.591036625112304819e+02
1.284163528746197187e+02
9.882264023945694920e-01
-4.654051316168600749e+01
9.402824267374792555e+01
7.637984659152445488e+01
-1.352233729128785589e+00
6.037770548177068974e+01
-2.474442129891919251e+01
4.867636393916527737e+01
5.777212221319551588e+01
1.055324995875886174e+02
-6.907101474313401468e+01
-1.145260162864375673e+02
3.450144320960558275e+01
5.506449729370425672e+01
3.708831149187468412e+01
-6.150291496481585085e+01
8.084857698164309170e+01
-4.971669043881328065e+01
9.300851180995499590e+01
7.683835843302862401e+00
1.137551174146794750e+02
3.661249938486511724e+01
7.363859254261610587e+00
1.028199109322053317e+02
-9.825000171213629585e+01
-5.015808733724630208e+00
-4.634389941614874431e+01
1.661380412054309375e+02
5.143971416457757329e+01
-3.988892641316459731e+01
1.080276164525768507e+02
-1.340491432997377430e+01
1.291711924646207024e+02
6.738847360777957363e+01
-1.376410388588035403e+02
-1.041547045617360290e+01
9.701707543122485333e+01
-3.098519299692125273e+01
-4.301849994775393071e+01
1.681421427190187785e+02
-3.828471661340807941e+01
1.111277951897785243e+02
-7.160297541280003486e+01
5.299781666893498056e+01
-4.634098345883288061e+01
1.276655255322824267e+01
2.028606871829135372e+01
8.060846210687546431e+01
-9.092292632493234805e+01
-1.499901926299976367e+02
7.443332974418798642e+01
8.962675724236856922e+01
1.606962299167101804e+01
6.468156894890091735e+01
4.064626567344838293e+01
9.090801698266201925e+01
-9.306584731515817666e+00
-7.048883439171689247e+01
-1.636282329240497191e+01
8.144275870500014491e+01
-5.245324357457510445e+01
1.380712453612445501e+01
1.427117284953012017e+02
6.149048871683556428e+01
2.133934461829440465e+01
7.362865559822365924e+01
-3.407658770118739255e+01
-6.786427041921363923e+01
-7.621421806344562810e+01
4.259136085707230279e+01
8.742800367062241662e+01
4.198476057914358961e+00
2.492059006266383658e+00
-1.100726242814943561e+02
3.517281521067268102e-01
9.959967577540928119e+01
-5.275892197125700456e+00
1.456129007826232282e+02
-4.507187669702619104e+01
-3.985606772843456724e+01
-4.887033438909897143e+01
5.246505040083108895e+01
1.178294017203748041e+02
9.126953473587632004e+01
8.689432698087657059e+00
-3.844508159687133286e+01
-7.689867538050042128e+01
-7.251023394919077703e+01
-1.454982256194203956e+02
2.815714428623331145e+01
1.602371993705416173e+02
-2.629791048107873763e+01
1.269219135658473903e+02
1.064782799460517140e+02
2.152618001167297734e+02
-1.344868921519536116e+02
-8.424082350471134362e+01
2.903109775754610311e+01
-1.791624486227912527e+01
8.019664507751062388e+01
1.136317338922585947e+02
-3.030293938176815161e+01
-3.721675980064816258e+01
1.110003687100904131e+02
2.360847471307893102e+02
-1.377783535003419786e+02
6.088795010798274632e+01
1.108432469065393349e+02
-3.185114463159146325e+01
-6.764833621227806759e+01
-7.347357668845219791e+01
6.020865250565744020e+01
-9.275253414014150621e+01
-9.836130126206141711e+01
-1.117956255431828616e+01
-1.910145366611636319e+01
-1.227462246948264237e+02
-5.978067727225563743e+01
5.123232536323129693e+01
9.015296285614438432e+01
-3.416564245977968994e+01
-2.520340390179275687e+02
1.303954060593617328e+02
-4.451340138722881079e+01
-6.676124851532749460e+01
-1.050168786568648187e+02
-5.520290706653502610e+01
2.250003543005258067e+00
1.811006138520939146e+02
7.019948039257892347e+00
4.161643892422714686e+01
-1.100701549913727177e+02
2.282779377901267424e+02
-2.728931182227971419e+01
-5.575005344969145682e+01
-2.655637831957276163e+01
5.656658289988504507e+00
7.937506605272218962e+01
3.762061019119382621e+01
3.965789146044969726e+01
-3.276324236969785630e+01
2.277380644985384706e+01
-7.919448760183166458e-01
-1.425117617460420263e+02
4.926355276705832864e+01
4.483523366763711948e+01
-2.443424593224790442e+01
1.810665791854243523e+01
1.447193130558765688e+02
-2.251172407862109992e+01
-8.838103360455727397e+01
2.799904272689484586e+01
-8.270662845170024013e+01
1.055607191084162189e+01
1.533628401564825516e+01
-2.005085143993025554e+02
-8.108320522595229818e+01
-3.893651529185183335e+01
2.953147836073126342e+01
9.269282443014949990e+01
6.406332411521664483e+01
2.974459079233448477e+01
1.592872308006614048e+02
6.517252617190612796e+01
-3.932939198226970490e+01
1.439412902753164047e+01
1.666118552449238521e+01
-8.642390654572407982e+01
1.210790522969189276e+01
-6.980880442493837279e+01
8.439265177447032329e+01
7.210976757527537018e+01
4.382253555794499533e+01
1.167923870465568470e+01
-1.466095956853015103e+01
-3.985137010347878483e+00
1.056335377224767171e+02
-7.360557663915281879e+00
-1.953940910483204902e+02
-9.577063571467739678e+01
3.153914284763883558e+01
5.809365740420766855e+01
1.034134162497874740e+02
-1.044584449493740408e+02
-6.471406663602692788e+00
-7.323088145383827907e+01
-4.280683112895466280e+01
1.268394497528824161e+02
2.519669636622963793e+01
1.229519604121214229e+02
1.430490367503634808e+01
-6.300475173001819940e+01
-5.853383165467791827e+01
-3.684847985506723234e+01
-6.146870264087353064e+01
-2.473918157293300624e+01
1.077580530269520551e+02
-2.810828869151383813e+01
-1.455968416352210326e+01
1.146167686184999752e+02
-6.210463686575700137e+01
-3.063993897477224593e+01
1.126719378714161053e+02
-1.640963426102443723e+00
1.158448497350942716e+02
3.891911706377155156e+01
6.913515878888935617e+01
-2.317958946949785926e+01
-9.676582069181174006e+01
-7.907777151980550912e+01
8.388178801519569561e+01
7.976887685227184477e+01
-1.532881434397677651e+02
9.750867768147777781e+00
1.355810860249151517e+02
-1.234988860198276228e+02
-1.154658464454452655e+02
2.512402478892368762e+01
-3.478716777861413334e+01
-9.496813408990860239e+01
1.751288893559517135e+01
-6.359506332999746547e+01
2.018376149176513223e+01
-7.240643716647896611e+01
-3.852516398798329078e+01
-1.000022371716666214e+01
-6.989155540352197704e+01
2.633512083040940865e+01
6.878126324782223833e+01
1.423579000361472957e+01
-2.489829794399464333e+02
2.131184105640040016e+01
9.461276798545759448e+01
1.445181696204000410e+01
4.076252032929750868e+01
-6.799379099637606316e+01
4.773921668311917443e+01
6.172979206438458988e+01
2.112213393035586151e+01
-6.924958630174519669e+01
7.848667853890066226e+01
1.606595883780525185e+02
-8.364969192415880883e+00
1.110747340129764460e+01
4.984821999880719723e+00
-1.461245334301322032e+02
1.977074655761016118e+02
-9.527000878442770215e+01
9.378021180789144751e+01
-2.408664050990692118e+01
1.733340508445270700e+02
-2.073450543996519002e+01
-1.050568697135570346e+02
-4.138255691025646854e+01
-4.138701301342456418e+01
8.946726864942505131e+00
-6.938685407812585026e+01
1.141457219111794217e+02
-2.921207521917298422e+01
3.386912599224833542e+01
2.266803231197874524e+01
4.090803152678729049e+01
-3.467068862775242621e+01
-7.139431639352908121e+01
4.405626432842789342e+01
1.195551709800987794e+01
-5.174995932918351116e+01
-1.447593794416971207e+02
2.508147414134322872e+01
-7.350503122719973703e+01
1.510976370318099882e+01
1.812900017915741557e+02
-1.036772302790114253e+02
2.106335997096511221e+02
-3.036863832184570811e+01
1.042475410138239855e+00
1.513424139450714563e+02
-1.267652673181788145e+02
5.163429794893865221e+00
1.771668529813053894e+01
-7.127851961473941955e+00
-6.602553725418471231e+01
7.871552685164002128e+01
-9.110041193986958774e+00
-1.940424671330951156e+01
4.867655275389334513e+00
3.374476973000486879e+01
-2.829846448313888274e+01
-1.903631361236608655e+01
2.372373563217077219e+01
5.365737266258317817e+01
-6.071684767936224603e+01
6.553228975532187306e+00
4.469309261485481954e+01
-1.675191773112039186e+02
4.793994605571459999e+01
8.536053895558626436e+01
1.135250829787178617e+02
-1.569972172357557838e+01
2.252242444657766285e+01
4.944311144357982357e+01
-2.440714136690200320e+01
3.548694819494947694e+01
-8.796414143425286625e+01
9.332555657169049113e+00
3.245992589552804475e+01
-7.580531815990100597e+01
-7.098734612193676696e+01
-2.526909178670388911e+01
-1.484027985722111396e+02
9.355169803693907227e+01
5.476464984999660857e+01
-9.789974166296134683e+01
-1.089439609048177857e+02
2.246014377570272131e+02
7.137840180944033364e+01
6.274880215025748953e+01
-1.689270274754817081e+02
-3.983236915761757313e+00
5.443585322564215900e+00
-3.273132673276146676e+01
5.607408273061832205e+01
-5.370059465399241816e+01
-8.778747920308370922e+00
6.728305799186721003e+00
-8.899149247313006938e+00
3.690941816531969266e+01
1.016173745493419034e+02
-1.128391585394115566e+02
-9.119513237481640999e+00
-1.268205762194278066e+02
9.641449096121343132e+01
7.546290936337854305e+01
3.902818966770625053e+01
-3.346772616481035101e+01
-2.153377499242795778e+01
-1.303140810947151920e+02
-1.108266126561519656e+02
2.554731511827556645e+01
-9.004358473236578675e+01
-7.619315565686481762e+01
4.818074504500185640e+01
1.634734922280190972e+02
-9.686713729119072980e+01
-1.168025593476845074e+02
-7.317391286709153064e+01
8.580559261504045310e+01
5.072106358963136330e+01
6.379129442582821241e+01
1.402330495259314205e+02
-3.515827057621560225e+00
-3.595833562485064760e+01
-4.322055720901114739e+01
1.844450808135362863e+01
1.839089002455957313e+02
7.769983768451784556e+01
-2.329679570505410879e+01
1.014955681105661540e+02
-6.364200910626244223e+01
1.328907763440670067e+02
6.571066632684818387e+01
1.201685670654998539e+01
-8.407830514606530414e+00
-1.781960500817612001e+02
-5.662787028846919313e+00
-7.137690204220152168e+01
-9.345498355213905484e+01
-3.254143487707290205e+01
-8.862478424459844462e+00
-3.486131901835503299e+01
1.819483290210226656e+01
1.846152110072730324e+01
-4.014205850377126694e+01
-2.433004444888344722e+02
3.844661877268185179e+01
-1.754885847508805057e+02
-4.330332265924957369e+01
1.714336502690100517e+01
-8.691362524508484455e+01
-7.096858952160255285e+01
-4.359894674323759745e+01
1.922430314800695328e+01
1.286796853680343986e+02
5.507608625590482809e+00
1.766412723903789939e+01
-5.899745746225128329e+01
6.129877050732411448e+01
-3.838070052991851355e+01
1.271622134756705549e+02
-4.993514989661465364e+01
-2.959115426366622046e+02
8.760529903706037658e+01
1.863107046240262221e+01
1.013207583736113264e+02
9.539621953621184502e+01
-1.318229249927553894e+02
1.163731446282709641e+02
1.038938355821566830e+02
-3.591791024635212182e+01
-1.720251787498602596e+02
2.029788694519147541e+01
-1.077453067103602677e+02
1.181579454714824493e+02
1.627711820617394665e+02
-2.319622958012563174e+01
7.283664343858679047e+01
1.163155462367128337e+02
6.720459298002595006e+01
-5.346299702405481469e-01
-1.146718229640476636e+02
-4.080803424263820744e+01
1.379799736671426444e+02
-2.665217691308653158e+01
-5.778633376995712467e+01
2.195795894715531560e+01
-1.756890739277238822e+01
7.829019233937613365e+01
-1.882450963900373253e+01
-7.039159579265968603e+01
1.720965639924674520e+02
-8.469857596787758780e+01
-7.079770100008355271e+00
-2.794406054641225978e+01
-1.325342393000125583e+02
3.734689139373772804e+01
-3.178952826067034465e+01
5.255421537460151171e+01
1.027292389771893610e+01
1.141968007284639697e+01
4.224933680082603615e+01
9.827873936254673026e+01
-5.038661408555230281e+01
9.826551869245531634e+01
1.184550097746388531e+02
-5.254386607224116545e+00
1.674624757276351161e+01
6.963681610126846522e+01
6.978197552610353682e+00
-1.233215310761420511e+02
-7.219799359328840538e+00
-7.646763250532258382e+01
3.136134684274125917e+01
-4.917667565171954180e+01
2.152015730755584855e+01
1.833784441214071990e+02
-8.104989578945333051e+01
9.790967203014506026e+01
-1.923112553534589608e+01
-6.849958566704378882e+01
-7.446624444646894858e+01
6.958012879091000968e+01
7.691001395519197104e+01
-7.040958434001743171e+01
-2.371845394563000475e+00
7.917766540453989421e+01
1.394877660232545225e+02
-6.255174479799461551e+01
-1.321414722334402256e+02
8.505994427104878852e+00
2.292448366417607630e+01
2.738965114011368485e+01
3.617155064362864181e+01
-2.377899086359329672e+00
-1.142792562410584338e+02
-2.518396704275659914e+01
-6.632507724605363819e+01
4.420888000114975114e+01
6.696789648870013423e+01
-1.076985952995631379e+02
1.566957864757026755e+02
3.096694670536367511e+01
7.454824640802858937e+01
3.073716191856012259e+01
7.827971026739859894e+01
-5.936839629377366379e+01
1.061297542908440761e+02
2.669922014712271903e+02
-2.215057743815642155e+01
-7.735564877234961045e+01
6.472243213271318041e+01
4.863858644635080708e+01
6.534237066379549219e+01
2.702118196927088078e+01
-2.096262135815256222e+00
-3.232835724851991444e+01
5.253432720282089008e+01
4.389636430793717636e+01
-4.962975000938482850e+01
4.712708716619543736e+01
-6.775395184819049632e+01
-9.943201808537094166e+01
2.762227023299531936e+01
-9.218426081648151182e+01
5.812553394326976530e+01
7.601092588051710663e+01
-6.359972948245261648e+01
-2.197448903251704166e+01
4.078295233221906813e+01
-8.591283494723356284e+01
3.098532171585519635e+00
-1.190343014155020285e+02
6.378904225160569297e+01
9.093956851689825038e-01
-9.407372554147773513e+00
-2.141454014190485466e+01
-2.282494230917761602e+00
-4.690522658746014883e+01
-1.121374643470115871e+02
1.066932501375939069e+02
2.861467643364294133e+01
2.719858295146914529e+01
8.709142185455674223e+01
-2.624626480856289845e+02
1.354393697023876655e+02
1.371385254876725242e+02
1.031767421376601988e+02
-3.903183989746949578e+01
2.415348029571469723e+01
5.592708667627665164e+01
1.727149681238202561e+00
1.286405963602366853e+02
-1.302029512119962931e+02
-2.312289266204893750e+02
8.117438260458563093e+01
8.049590841760632998e+01
7.687648397192147343e+01
-6.667682939909643380e+01
-2.161841442529206248e+01
7.118587649226103053e+01
-7.301426580194507210e+01
-6.781822196477172326e+01
-5.764660454975235382e+01
6.452164916393350325e+01
-1.136934640108968182e+02
9.290794069936127642e+01
6.235304743248485693e+01
-6.003802666123056753e+01
6.947010143618049938e+01
-7.470148927124952820e+01
-8.052496957497695007e+01
5.040957339401265358e+01
-3.085318254019661666e+01
4.177213831920686005e+01
-1.537481588146305285e+02
-4.329840431701551751e+01
-2.538837163738536518e+01
1.353289812022078209e+01
-1.556251098822826329e+01
2.456979881982708136e+01
1.406509879946304054e+01
4.031397488148374464e+01
9.330059971204580194e+00
-5.680206233124495441e+01
-4.120030798255904614e+01
-5.288194451730249490e+00
1.076984008988618200e+02
-1.441920516360786451e+02
9.983846638553811204e+01
-1.279903174791356690e+01
-4.311381560924235146e+01
-7.491198189052011003e+01
-5.496721547989672985e+01
-4.946410842606661618e+01
-2.276746961435451855e+00
2.313627604249930414e+00
4.489187247923740465e+00
-3.399747996457251986e+01
-1.510655095561553765e+02
-2.142766053547631699e+01
7.540533249314540853e+01
6.285021350972574083e+01
1.002873700466518017e+02
4.852060024898308654e+01
1.114142506266609303e+02
8.045567903022412537e+00
1.114720795577574961e+02
-9.616407883682535385e+01
1.386376255162858584e+01
1.302264583497184276e+02
2.125138244985526228e+02
1.040464698735330273e+02
-7.046790669722936684e+01
-3.814212053851049689e+01
-2.000841565402342681e+01
1.050509828113637951e+02
-6.736365206627371549e+01
1.534174729859124682e+02
-6.292591112218942584e+01
-6.541494947646540048e+00
-2.615634336079361688e+00
-2.203906457589146939e+00
-1.841860956709621746e+02
9.223167620489421381e+01
1.231391272806605315e+02
1.846792504242215571e+01
9.442831671862940368e+00
1.378931489558895329e+01
-3.186811113112524296e+01
-1.081080872908021107e+01
-1.471405611504214619e+02
6.599201341008580357e+01
6.202665627388339686e+01
-3.556204074621593492e+01
-3.544390534480605037e+00
9.344846045742332308e+01
1.197982225511653667e+02
-1.962762047840036672e+01
-5.135633829207041146e+01
-8.196576218336878128e+01
3.956597883143989947e+01
5.721244191801404355e+01
3.185864856642792731e+00
3.981147204817285257e+01
-5.513303359672494253e+01
1.281705151966926337e+02
1.154344763525685913e+01
1.490362898158336122e+02
2.560733662156735235e+01
-2.682353781420340511e+01
-8.523928312982367572e+01
-4.220088034024648493e+01
-4.748889221404484573e+01
1.067183984620128285e+02
-6.007720418716962030e+01
-5.790952027799216495e+01
-3.628804800598341274e+01
-2.134759036457229797e+02
-8.398354365716204484e+01
-4.954571719327619661e+01
8.628414852639575372e+01
3.965773433300735462e+01
-5.139181988587760941e+01
-6.511798042081771598e+00
-1.286230155606190522e+02
-4.363554442174638837e+00
-8.713029251869453162e+01
3.649912419970386424e+01
-2.956133511215420739e+01
-6.254398001056591028e+01
2.485603434853780414e+01
-2.334398291682698812e+01
-2.388872476469445516e+01
3.541506573701634242e+00
3.104759450660967701e+01
-3.355067783848110707e+01
1.169084830688480849e+02
1.124583252011860282e+02
5.782845140154577024e+01
9.380024977173975742e+01
4.812713163511969583e+01
-3.520295621705670008e+00
-8.886291820135044262e+00
1.219396729420146652e+00
-3.788312226308156028e+01
1.693937816508632510e+00
-7.715330084987959935e+01
1.366618126632944268e+02
-3.382531871100928100e+01
-2.434794093448265073e+01
-2.585814588516656443e+01
6.568120732462668343e+01
-1.524198099800955042e+01
-1.599349464539987196e+02
-3.730502204630342789e+01
-5.190009569313575355e+01
-9.814833178211368647e+01
-4.098746638148306864e+00
-6.739690495599985809e+01
-2.355538728758180156e+01
-1.304188159504816440e+02
9.282558124158635238e+00
2.647571355196379272e+02
2.127047064195897121e+02
1.481270640860268450e+01
3.143719978084954292e+01
-1.234653385686485620e+02
-5.451340820858798963e+01
2.329505119855456385e+01
1.224023346944035069e+02
-1.067605862050377823e+02
-2.683725508234446693e+02
8.134502786966095300e+01
-3.473598464871745062e+00
-9.696286254370727420e+01
4.534459906346898883e+00
9.629483150252100998e+00
1.726445082861405922e+01
-4.205250543830302234e+01
-5.724842378975706225e+01
-1.371071079117770637e+02
1.334579139367175742e+02
-5.730653328608211439e+01
1.153014290481427651e+02
3.217677386001159334e+01
-7.058519147099835322e+01
-4.986411035375558498e+01
3.971819261600951734e+01
-1.770745835606962544e+02
-1.985465136128879635e+02
-8.100258917948413284e+01
6.943331728640008471e+00
7.983227640031741679e+00
-5.807755866218495555e+01
7.790504228616195803e+01
1.022000744576414988e+01
6.482646268222526942e+01
-2.734996937556936203e+01
-3.201997971808447829e+01
-8.741097947766492382e+01
-5.678646476355756789e+01
5.803328672724737913e+01
3.552267679620572949e+01
-9.292737830519435249e+01
-1.146249244700161114e+02
2.419751927013056303e+01
-5.472196457409862091e+01
-9.227601805701132776e+01
3.900863111563091223e+01
-1.634836699968537914e+02
7.927891595281398907e+01
-2.856543734351881625e+01
2.903235579447141390e+01
-1.844069207248988596e+00
-1.034107760668358083e+02
-1.605509148372770767e+02
-7.537509750856528967e+01
-1.057473355447303049e+02
1.145997752854218703e+02
8.275149752856950869e+00
-1.665028310365389643e+02
2.794782192629126172e+01
-9.471978046641484639e+01
-3.957019760430974031e+01
1.290636056840268111e+02
6.730622335660522992e+01
-3.373793227539583484e+01
-4.124488050618484891e+00
1.120854901041856699e+01
1.084600752889618462e+02
2.489567953758652408e+01
-1.380217307507409785e+01
8.598187934387354403e+01
-4.960720440802138143e+00
7.976728176281554283e+01
-5.342922900183346968e+01
8.366754449517604542e+01
5.334862327320494479e+00
2.306901870897060114e+00
1.527069375052543521e+01
-9.753134297014719323e+01
-2.170048001670868985e+02
-2.916168806695469939e+01
-8.748806943917320211e+01
3.653980611560058378e+01
3.013929689897803499e+01
-9.596782489863728927e+01
1.419407806046692144e+02
7.111679012721056381e+01
6.617945921279466859e+01
5.188600546193845275e+01
-8.851062534050464592e+01
-3.449424315477497771e+01
-9.530426083893716793e+01
-5.734794469323999522e+01
-3.334957360755511502e+01
4.683547662341471352e+01
1.668888488121724833e+02
1.005388386184669613e+01
-6.200389350056527604e+01
-5.947843978533279596e+01
-1.264077190412895924e+01
-9.849279599231707039e+01
3.031424062195605629e+01
-1.163538334247883625e+02
-5.129817313332467421e+01
-1.426180903292200242e+02
1.286865597769194736e+01
1.264662673102493500e+02
4.732133446712661140e+01
1.525792274479928494e+02
-3.226018193618269692e+01
-1.601461003631396984e+00
-9.595665240646624738e+01
1.356169227637518482e+01
1.775069416830927480e+02
2.246663202836415252e+01
-6.320106187998126046e+01
-1.477527114264206602e+02
-1.432127825204055398e+02
5.479593534258052046e+01
3.626673703340804167e+01
-1.954049447995963007e+01
-3.230229805443629232e+01
-7.049725639442748104e+01
5.285578383662952007e+01
-2.323760414408655706e+01
7.610140377417691582e+01
-5.795303052341382966e+01
1.458409564053894414e+01
-1.433337285586048004e+01
2.958376060550772024e+01
4.095717806583721909e+01
-9.198512159712436187e+01
-4.699678093024768799e+01
-4.773368182343668309e+01
-6.331197481844082375e+00
-1.776295096101755746e+02
-1.345749908862730422e+02
2.140476227379220688e+02
5.197650033854726814e+01
1.170914668268607670e+02
6.865307194946915104e+01
4.566548546283486587e+01
7.512043553135367802e+01
4.147891200331449113e+01
-1.033983623305396833e+02
-2.796300350080167973e+01
-4.604888025857847289e+00
-6.870339769530953333e+01
-1.295391691343069454e+02
1.481728435380468234e+01
-3.620302265035083877e+01
5.503410043158586973e+01
-5.387368959817025349e+00
1.817811970207438037e+02
-6.880948180775020262e+01
-1.109535755110588866e+02
8.382855154762674488e+01
-7.052729274959357042e+01
-6.898001406432256033e+01
7.568144915254853800e+01
8.914310174097596473e+01
5.515497471272919938e+01
8.086698854765526079e+00
2.428931456095371288e+02
3.507399867139087490e+01
-8.071695707275097220e+00
-1.646091129535455622e+01
3.298999544417695162e+00
-1.138312294849249007e+01
3.764597120533543517e+01
5.506777469392159929e+01
2.191203552978441493e+01
-2.988398728936137516e+01
-3.974735419039197382e+01
-1.109175578174195493e+02
-8.242395217403839069e+01
-5.478466134977912816e+01
1.832512690034863851e+02
1.148872273092970033e+02
1.431966694488396570e+02
1.616040732266157818e+02
-1.763141269542315115e+01
-1.019844056247307975e+02
7.041538771381749484e+01
1.394801487682044012e+02
-1.007781160057494105e+02
-3.904114922383081421e+01
-1.376430303355628837e+02
1.179128552606343305e+02
2.181761563930297712e+02
1.476042899357838678e+02
1.829014098283040539e+02
2.055518706292120612e+01
5.333142762218864164e+01
-9.686468113165123839e+01
-8.878718620078866763e+01
1.295722401735042979e+02
-1.750486925639416569e+01
-1.037874045904579390e+02
1.258203440940545370e+01
-1.873776001130888957e+01
9.461840689808737181e+01
-8.890857975858675388e+01
4.541809808076102684e+01
3.367343370065120212e+01
-8.498579051769456782e+01
5.165600413082822939e+01
1.106030109391206651e+01
1.988447060376978826e+01
-7.367290972938872073e+01
1.951032579342057716e+01
-8.041933349885773907e+01
4.616961231103003271e+00
-1.359680428800017467e+02
6.935969213989694993e+01
7.200417413956795087e+01
-1.812411189854399041e+01
3.839043765563979349e+01
3.152589389755656768e+01
-7.073940509139197275e+01
8.517849388315180192e+01
-1.551761931553862972e+01
-8.790640279827100301e+01
-4.941098129230440605e+01
1.620748727419368151e+02
9.173322439293654895e+01
-1.255213391111477392e+02
4.988807253892245086e+01
1.646287518803495971e+02
-5.095810039925250123e+01
-1.030100584790644831e+02
8.243594759527567817e+01
1.006651629445524776e+02
7.180098171172089927e+00
1.253492328076294058e+02
-8.078090622068552307e+01
5.022508430597420670e+01
-5.363389450902711530e+01
-3.049107361963405438e+01
-2.931148877806603181e+01
-1.090950290304868986e+02
-6.456110544664768724e+01
-8.465869179013265011e+01
1.439449477118034970e+01
1.644672794778243770e+02
2.432279202867901802e+01
1.537342844677312428e+02
-3.982028618249891849e+01
-1.285807567967829534e+01
-1.128999915893258930e+02
4.691276608769945256e+01
1.620383217446552671e-02
-3.177550173961913771e+01
3.336357905951207403e+00
8.807561919793680261e+01
-4.497436262475277857e+01
-1.117593669255122961e+02
5.116757047833891647e+01
-1.225256217371613587e+01
-3.719395065438589398e+01
1.064219346102636976e+01
1.602162407309745618e+01
1.473038867782628927e+02
