-4.481852226611766810e+01
-3.563250498123916543e+01
1.573264752751314077e+01
5.746384461089662921e+01
-9.425043245024585303e+01
2.407138855349386475e+01
6.489131934048177186e+01
-2.568609616494879901e+02
-7.233488047234853013e+01
-1.340947135940199075e+02
1.304794891109177399e+02
-4.755455943602855484e+01
1.837657931936853686e+02
1.258180481482836370e+02
-2.354235694492792685e+00
-1.343500217682736775e+01
1.005990911411018658e+02
1.827215661891389686e+02
1.022523522863901491e+02
7.472565176696147660e+01
-4.876325957242362819e+01
1.617571530404161422e+02
-6.561117176309324783e+00
3.048598031970519528e+01
1.291749179439619422e+00
-7.761482248289595987e+01
1.163210467598729565e+02
6.399793614251109375e+00
-1.695966939078352027e+02
-1.162574531399927480e+02
7.219233101521422213e+01
-5.542745710281769789e+01
-9.667302744658117675e+00
-4.160991850171373585e+01
6.211142749764978532e+01
-7.775428025751321570e+01
-1.860382323781433556e+01
-4.992916672709927184e+01
1.245435451104489744e+02
2.791858320058794263e+01
-5.299579191376700749e+01
5.155116595601710827e+01
8.718551522597532255e+01
-5.285754434530822721e+01
-7.380208225904910080e+01
-4.963071810881457679e+01
-1.604745941842940624e+02
-1.277681697722051410e+02
6.038805935786273693e+01
1.498510249981614351e+01
1.357350585120779130e+01
-1.143579597756661457e+02
1.586972967836317423e+02
-9.187700129778157532e+00
-1.749805379577269093e+01
1.644691555525153319e+02
6.711018037537860081e+00
3.518896555541697069e+01
5.805634182230522811e+01
1.514234642143691367e+01
9.773401035778658041e+00
1.618027630049980985e+02
-3.037633700539907977e+02
-5.175297164473885658e+01
2.448148756555797689e+01
6.887485314618287191e+01
5.162333948346056189e+01
1.987512919864282424e+02
-1.396543469451019348e+02
-7.091724335919167288e+01
-3.866173431163891649e+01
2.145493553006395757e+02
-1.175002019858797695e+02
2.341060563227282643e+01
-8.717290923412077674e+00
-7.555736781854388084e+01
1.942415212942437819e+01
1.859090460315341886e+01
-4.335661258458278766e+00
-2.792343216196908529e+01
-1.019731246445396522e+01
5.637709947031398627e+01
3.713299187927849410e+00
2.614482413462795662e+01
6.290992714037160738e+01
-1.816853832154836823e+02
6.123731834018123266e+01
1.521602486857842109e+02
-3.399820178259639647e+01
-1.710233136807152334e+02
-1.249304105741326367e+02
-6.877705500516766790e+01
-1.710830306307618287e-01
-6.331218973895294511e+01
-3.541898146862104824e+01
-8.441972415678820596e+01
-1.114517428768611609e+02
6.921712140961516013e+01
1.166190452111148090e+01
1.296368067934871533e+02
-4.810414817513571961e+01
-9.282620793925417502e+01
8.842725872304608004e+01
-1.030966088628628619e+01
1.514987813835974251e+01
2.272175855244945240e+02
-3.230621997564364278e+01
8.506990871298324919e+01
1.038395059082836624e+01
-7.601823479802811789e+01
-1.253298149307177027e+02
-7.356131666214095333e+01
-8.850170299171956856e+01
6.660469781804800427e+00
-3.748384284294269264e+01
-1.216849105550925536e+01
1.842735160005016581e+01
5.856237394628474924e+00
-6.842543501701068465e+01
-4.523931509010751739e+01
-9.192984386257487373e+00
2.994270632984815705e+01
-6.505286109185094290e+01
4.936779539132656325e-01
-9.006891517547016690e+01
2.673433592650202399e+02
8.294216666303850793e-01
-6.595745977127851489e+00
-9.216928785387119660e+01
-9.084192391523052024e+00
-1.127982395934164970e+02
3.966687397132108117e+01
3.769843434394680060e+01
2.917647596826278686e+02
-1.902840520667463409e+02
-9.979776294277185400e+01
1.673376629668005933e+01
1.643362671739452026e+02
-1.493716001261326483e+02
-1.492818722934646303e+02
-9.989564534776964422e+01
-1.689345390924975447e+02
-4.014815988754152798e+00
-1.541831182421040296e+02
8.258113460807931006e+01
-9.969322066027969242e+01
-2.342230905448231795e+02
-7.664651083948794508e+01
2.730722391897690571e+01
6.140539755962671542e+00
-1.035135839119723755e+02
-2.210159060800738651e+00
6.755278557828961539e+01
-4.682914125234960778e+01
3.849067390574116843e+01
-3.914123420686140520e+01
1.159948745171113700e+02
1.124965233633440143e+01
1.838537253439182280e+02
-8.734188756889552963e+01
-2.315372280748745482e+01
-5.172386662116885958e+01
-5.429499960033282235e+01
-8.831645402788606702e+01
-1.189885638657661104e+01
-4.670444104621785897e+01
1.851522211308551391e+01
9.762181822066833092e+01
-1.347840373340221447e+02
3.461043076976503130e+01
-3.384656561583770440e+01
3.731796210754413323e+01
-6.730928781241911452e+01
7.930350864553845724e+01
-1.203580205454643881e+01
-9.855282033638862060e+01
4.222121519579169302e+01
2.184843503934839148e+01
9.134674481651812528e+01
3.654614399710268913e+01
-3.311259218857723852e+01
3.399373870671449538e+01
6.343219764914114478e+01
2.014317921435681669e+01
1.045780327241857464e+02
-1.225627487240722679e+01
-6.526397817388773603e+01
-1.268301397358416338e+01
6.585542892412465221e+01
5.560871660114570858e+01
-3.745362652021418626e+01
1.733453845055727243e+02
-7.046336972463782899e+01
1.142608417190442935e+02
-1.068007518331807262e+02
-1.035037962447475337e+02
-1.982045316115071287e+01
-8.678820939620185015e+01
-1.669329653020955675e+02
-2.002706090765800582e+02
-3.006027395389988399e+01
-1.678651156826171871e+02
-6.878318047233300092e+01
-1.206350605300471983e+02
-6.799641193622299795e+00
1.253254516431609176e+02
1.166156052594222956e+02
4.737924362349970409e+01
4.695551783368433973e+01
-1.162174082276391829e+02
9.515028725114413533e+01
-1.558783648405745623e+02
-8.989080506070402521e+01
-5.757325736242950853e+01
6.079737072511713691e+00
-2.200818632721770030e+01
1.570384045146401490e+02
1.595527255069590922e+02
-8.889970276547285266e+01
1.271279849517688660e+02
-8.858251860255048626e+00
1.139067072967987571e+02
-1.407531351725159823e+02
1.728908915137320434e+01
-1.648318125204854923e+01
-7.171600124420521638e+01
1.652188213617891321e+01
-5.544932130476903609e+01
-3.510577510038541504e+01
-1.117961357532245081e+01
-1.744709989055664323e+01
-5.668317978869636065e+00
9.016602466603801247e+01
-3.319034659104630691e+01
-2.853028028941413385e+00
-1.714795058778416035e+02
-2.470937094796797950e+01
6.088223630183833279e+01
-9.679198941178933069e+01
1.033468740537579755e+01
-1.626357490090872204e+01
-1.393409807134367497e+02
-7.548506882580103827e+00
-6.689709359973142000e+01
-1.200853890074460537e+02
1.298065975033496215e+02
1.305211786868300692e+02
1.392990948133217977e+01
2.162938042041167819e+01
3.654449323526096549e+01
3.201808913317829575e-01
1.997013181979608589e+02
1.344331883984717706e+02
1.071838875641955298e+02
-6.754933294488701279e+01
-6.561200030954019269e+01
-4.270462008360195938e+01
-4.928909953471266192e+01
-2.247376913721881309e+00
-3.416430424770584295e+01
-6.952171052544657925e+01
-7.320364104515034853e+01
-9.155646742953022610e+00
9.351982803012732859e+01
5.428814593720296244e+01
1.475588012993372899e+01
-1.856072979748205967e+02
-1.028924547827463414e+02
1.487638436121083032e+02
1.259251174572246015e+02
-1.233811980182453141e+02
-4.831165402575313550e+01
-2.373744242732542276e+01
6.700689735423327420e+01
2.152451697442088800e+02
2.476020268560553106e+01
1.552911084984229184e+01
9.767166007513762338e+01
-1.654244847855403009e+02
5.877036452829835866e+01
1.380691264330259003e+02
2.763256765300142703e+01
8.749379298165654006e+01
8.699976683482825024e+01
-2.887020054127419044e+01
4.315184035101040649e+01
9.312222186820144998e+01
5.023997947633419869e+01
1.467531488221932712e+01
-3.733813756241405457e+01
6.510357753638750467e+01
1.303990194078424167e+02
-5.342148984566674130e+01
-7.648022535515956122e+01
-1.259305917031413173e+02
4.756048393807908070e+01
-1.511431624876688602e+02
-1.652017605810344776e+02
1.366738450996533594e+01
-1.454697079785856317e+01
-9.515615271567860134e+01
4.900546466765074172e+01
-4.004857539593208315e+01
-1.049362381699241951e+02
-1.251443370863351703e+02
1.368431587917564798e+02
9.631152366949613963e+01
2.224362978057635871e+02
1.273386352854470971e+02
-3.924048720392246992e+01
1.696016161358742522e+02
-6.655504225819002784e+01
-3.874159117502342298e+01
-3.170128183490102813e+01
-1.799795774526272396e+02
1.344820326824347774e+02
8.576498539460321524e+01
-9.510012805432170069e+01
-6.796058988201774298e+01
-5.169689851722344542e+01
1.942148122937738322e+02
-1.050262290156475586e+02
-1.568571521095455523e+02
1.098831401471442746e+02
4.044005494538372858e+01
-2.972903781019986535e-02
-2.066464402122969801e+01
1.220366302854060159e+01
-9.176264208401522637e+01
9.683313434815364218e+00
6.199120081790004377e+01
9.798329569089254676e+01
-9.596725908056402687e+00
3.006446866978313892e+01
-6.342293581369055744e+01
4.297951811721199533e+01
2.462715810933942606e+01
5.665292045078395944e+01
-1.405021607807341688e+01
-7.723773405303786888e+01
2.000937333720128208e+02
-1.322886982009229655e+02
-8.936373263494498076e+01
2.659960523322788504e+02
4.130712997650736895e+01
-4.508179889354681080e+01
-1.564816609356520871e+02
-3.840575144422399489e+01
-7.133866844139895136e+01
6.196810440414846965e+01
-1.355475233489823381e+02
-3.674804591234998696e+01
-7.672610575783738796e+01
-1.618784195188442254e+02
-9.670051467795690314e+01
6.132675574168047916e+01
5.844828972910283937e+01
-7.140569468404447662e+01
7.226382059084394349e+00
-7.458382444659113730e+01
1.095659029316305464e+02
-3.010743620165240131e+01
3.495366954679510751e+00
1.562406616098891865e+00
-2.648584941826971928e+01
1.055974799629305778e+02
7.247897464583543581e+01
-1.637140045850956227e+01
-1.017948954825632910e+02
9.758181543826249804e-02
-2.469174762480368557e+01
4.609259083568937854e+01
6.296868434956947169e+01
-1.337512539694722022e+02
-1.014097394540031729e+02
1.079409589930874631e+02
-7.513999137826358776e+01
5.726453422214886757e+01
-5.412815163612437175e+01
6.334193483587385742e+01
1.270113511906041559e+01
-1.781547223912335909e+01
2.507972254616250396e+00
9.521774524169321907e+00
-3.835273253173765085e+01
6.415324265438884765e+01
-1.128780377867463187e+02
-2.114803688192476372e+01
-5.315617079219417462e+01
-8.086855652773687098e+01
9.244335312783179859e+01
-8.032677530018848699e+01
-1.643814550425686036e+02
-1.479492656957372390e+02
4.616512495380492709e+01
1.075082001151998590e+01
9.863225385899993114e+01
1.064228168668437888e+02
3.306341079878529143e+01
-2.113609824611782884e+01
1.274441495933523640e+02
-1.080254937094989884e+02
2.289291224886866871e+01
1.782476823833971125e+01
-4.852346915902288949e+00
3.124144904787187116e+01
-1.395440658620582894e+02
1.166617539638803009e+02
1.226735551632887820e+02
5.867616416736029095e+01
-1.785015381634789478e+01
-1.341683457605379886e+02
4.206337213523760710e+01
2.947866800556952782e+01
1.100742118203450275e+02
-5.591535365498582877e+01
1.204259401895161972e+02
-2.017387279050800259e+02
2.190955170432954446e+02
-1.066601911374328040e+02
8.678351030840801172e+01
2.824908677217010222e+01
6.416778892420431646e+01
2.501403814786518964e+01
3.241195700578305150e+01
1.406485189097315072e+02
-1.677256318320742423e+02
3.200702306385637996e+01
5.498928942812317899e+01
-2.171008601958925226e+02
1.460667910602420250e+02
1.556325532268760412e+02
4.146102544627182596e+01
3.702628752273140122e+01
1.557634990569343074e+02
3.980964422704932559e+01
-1.406456316285883368e+01
-1.114400651233665407e+01
-3.455422630424316566e+01
8.678776391840021631e+01
-1.787161975376296752e+01
-1.186278545940538365e+01
6.161738514147918977e+01
-1.683462164450101852e+02
-1.376917780420270390e+02
-2.788080943473631379e+01
-5.936100720784943263e+01
-3.667321800431594170e+01
-6.517434246803266262e+01
-4.333424012611400400e+01
4.987313467188263871e+01
-2.143292762306132637e-01
-3.280067613165275731e+01
-1.857205390133544540e+02
-7.775695304372003136e+01
-4.905442461430028800e+01
-7.356809291902678183e+01
-5.937978083218167313e+01
-1.976792790597588692e+02
-1.233856856358251832e+02
1.008475052841959325e+02
1.985759736234734305e+02
-9.980452215309627206e+01
-8.427073968125485592e+00
4.812114859429318869e+01
5.402763418995221656e+01
4.571146664698829021e+00
1.270548027342161248e+02
-3.254409717399481394e+01
-4.692743691849989318e+01
-1.507461122955869826e+02
1.072170630470705390e+02
5.121641937067831662e+01
1.047758249679908573e+02
-1.955682893274488166e+01
1.482984489671158457e+01
1.767271804104557376e+01
-1.053629801645598718e+02
-5.260371297294692283e+01
1.455430155509755537e+02
-1.696768320985187017e+02
1.570718288394445494e+00
7.021850263757309563e+01
-1.434625898594386584e+01
9.882883719261035083e+01
-4.238131826315091644e+01
-2.413988035993377324e+01
-2.907248940415673033e+01
-2.349291850736477159e+02
-4.787709499689175630e+01
-1.347840293260876763e+02
-4.058014699543726067e+01
-3.977637197735847963e+01
-1.273429842433056614e+01
1.509934399780747469e+02
-1.409874099365214022e+02
-3.085785483710134969e+01
-9.625035052785511880e+01
-6.117748666409215730e+01
7.488291187748090749e+01
-1.932888182345009653e+01
-1.503887864549891518e+01
4.348409365599059129e+01
-1.053747407357133739e+02
6.917201861955456366e+01
-1.398768067301143105e+02
-7.270972430067126879e+01
-2.990735633068327104e+01
-3.053262688981288875e+01
-1.000963104132455470e+02
1.704101639617029775e+02
-5.680643586292276126e+01
4.785204841106373408e+01
-7.283804525345439629e+01
9.656287596923093020e+00
1.364109569472828980e+02
1.123430905374838886e+02
-7.064497496070416105e+01
2.756761609425820581e+01
1.584446122393053429e+02
5.128665149761219055e+01
-7.580913040828509963e+01
2.243717483517035305e+01
1.787310403853894059e+01
-4.946371841049687745e+00
7.605392328173422811e+01
-3.669131775349892166e+01
-1.060005513840301603e+02
1.975812417863913950e+01
9.565453113331930979e+01
-1.511906621797172932e+02
-3.230693201064383402e+01
7.597172264344586701e+00
8.477993235618698975e+01
-3.155208627766251084e+01
-1.432779581028399036e+02
8.717228188131328181e+01
6.247911383494296089e+00
9.868131751831857912e+01
1.125567039767234832e+02
6.951779647930401040e+01
-5.267755090919679617e+01
-1.298409542361218705e+01
-6.422075383430396300e+01
-4.449906060441910682e+01
7.844484696651420563e+01
5.158253386018559183e+01
-4.821815876942683765e+00
1.017585788952904124e+02
-1.605132925939492736e+02
1.063652131756314816e+02
1.123585482916617195e+02
6.743594866208219685e+01
-1.196129260075839440e+01
6.924351337279370000e+01
-6.685377966875442723e+01
-9.225611427113958030e+01
3.389134691171338432e+01
-1.891974145370584210e+02
-1.267036664053255350e+02
-2.922944105129285575e+01
-1.270124741448147745e+02
-1.313391703616510426e+02
-6.095699515102761268e+01
-1.363226803827862454e+02
1.332203771002337760e+02
-5.987787296171361362e+01
-1.172485974237556690e+02
-1.537361007723023931e+01
-1.434754520150445956e+02
3.145752336279116079e+01
-1.756289444140649039e+02
2.583260712767623701e+01
-1.344101991026846861e+02
-7.234515367461897029e+01
-1.902275586656025297e+01
-2.356768434406956771e+02
-1.308279683989389639e+02
-4.547052918607246141e+01
1.385859593980582360e+02
-2.057518600313180173e+02
-2.029172266827782956e+00
6.978277048589679055e+01
1.481857249461289712e+02
1.028613220986214287e+02
1.450866541684304423e+01
-2.126497304354428763e+02
-9.604195108354234378e+01
-2.623971488247003663e+02
2.430335346958926479e+01
9.278003848427620426e+01
-1.816079925242796023e+01
-3.624066599892508833e+01
-3.199991815468549561e+01
-8.567970785985451698e+00
9.615910875007330105e+01
-9.332036010937127912e+01
2.892575933562115864e+01
-5.682548786365875237e+00
-1.360926978493528239e+01
3.583882157478557673e+01
4.705630674894229770e+01
1.247447220760988671e+02
-2.046853106469566974e+00
-5.869607071242100460e+01
1.056902100763955588e+01
1.504148000569234398e+02
1.863802622907562423e+01
-4.368603952452231454e+01
-3.789979431232622886e+01
1.322617178692430571e+02
-1.492306036339161324e+02
1.021037990805181153e+02
4.256238804205904103e+01
-9.207231600502771229e+00
4.217912345275352948e+01
1.500439003644601428e+02
-1.382738491502166411e+01
-9.865933699592061146e+01
-1.209670414034234227e+02
3.471724384270179797e+01
-1.415622137710493860e+02
2.781733720061388127e+01
2.924251184330478281e+01
-7.220002429586295989e+01
1.637373232164745218e+02
-1.925525081763860413e+01
-3.750042922998001416e+01
-3.422324719104750557e+00
2.439654179848607640e+01
3.766016281251728515e+01
2.714795707606753794e+01
-2.696378461726277465e+02
-3.347063891989319018e+01
3.040874583464109548e+01
-1.235520054726132066e+01
3.591122496047440649e+01
6.247669530372568403e+01
1.122905126371812514e+02
1.694744995748342475e+01
8.022469066144887506e+01
6.697300614987806711e+00
2.899585428341846693e+01
4.862110041716776720e+01
-2.287651027940293957e+01
1.054797163137935279e+01
-8.906669218123734311e+01
-3.574492915005158267e+01
2.600281096025493000e+01
-8.171835942320595336e+01
4.231784533557843275e+01
8.276509804910806167e+01
-2.593644305317676313e+01
-1.368436171415393643e+00
-2.123239999578795079e+01
-6.411477728402911680e+01
2.521346742759914861e+01
5.800019450675070942e+01
-3.214754448719109803e+01
-3.668024128348476864e+01
-7.280150035806396147e+01
2.575243711788976952e+01
1.219983194547752561e+02
4.227292145870627849e+01
-1.253516690683348429e+02
2.223825639542110721e+01
-5.299366118317526997e+01
-1.036889165573644078e+01
-6.628493189314119682e+00
-1.267066670486244675e+02
-4.173252720833762197e+00
1.151211107019921371e+02
-1.177369630779910636e+00
-1.589993730353646981e+02
4.794868861607707089e+00
1.454268275898608067e+02
4.327776086688030688e+01
-4.088207095100865018e+01
4.446910815020388696e+01
-1.931913331482849401e+02
3.711721377690508916e+01
5.746683693322573561e+01
-7.519892328990680141e+01
-4.566041030275662393e+01
-1.034872239767198323e+02
-8.411613327664854012e+01
-1.484288169732499796e+02
2.065427953684363729e+02
-3.745173493195295578e+01
1.816563412157619268e+02
1.393649434946662495e+02
2.429314081311447282e+01
5.115751676305902995e-01
-1.385150832548069388e+02
-1.054407744636199027e+02
-7.971948694135224400e+01
-5.145364469113584249e+00
-2.090099569998715623e+01
-1.079875231328254728e+02
-5.757274800104794821e+01
1.127190935799126414e+01
-2.721773813838094114e+01
-2.157614526748790595e+01
1.780228900393785807e+02
1.105682772626466992e+01
4.659192251936827844e-02
1.936745597796620544e+01
-1.750598198878997493e+02
2.649412416038238050e+01
-1.310354632873255127e+02
1.041882172903949026e+02
-1.308727842218003161e+02
-5.621152151249447826e+01
-1.152113369114867325e+01
4.634393803048804017e+01
-1.111960069822283117e+02
1.655423157189898120e+01
3.725378401361905389e+01
-9.397774159284566053e+01
1.031431460218757934e+02
-7.361402984962037976e+01
6.724471223507012319e+00
-8.027436513179901922e+00
4.953362176878299294e+01
-1.010114989806315533e+00
-1.298414073339784807e+02
-9.462759414325326190e+01
-2.258104908666861945e+02
2.406498404189075657e+01
-1.687898451415845358e+01
-6.604254221152299920e+01
-1.297699202770543252e+02
5.696198798151062448e+01
2.473446140190398168e+01
-3.843464903609231698e+01
8.974272910704958406e+01
5.747878842758689899e+01
1.416633759963501689e+02
-5.489144683710058814e+01
-1.041469918357009590e+02
-5.943140374181211882e+01
1.669658659788213981e+02
1.236840932283992203e+02
-3.218936892857033172e+01
-1.123235592327043832e+02
-4.244498802898353063e+01
2.134466077474165857e+01
-1.139289758415895193e+02
-1.855812680560067918e+02
7.855608164275051308e+01
-2.098712329758123118e+01
6.527296219622544982e+01
7.908535128284359672e+00
1.431005729450510557e+02
-1.045789500898144908e+01
-6.090439782125144319e+01
1.267561630599666245e+01
1.856697374124499902e+02
-1.346472237105834324e+02
4.189380119229742405e+01
1.093324992047569140e+02
-9.383591940474910587e+01
9.310548137606805597e+01
-1.714036668701159272e+02
-7.862736918427030730e+01
1.881483406091327026e+02
1.178597848777984041e+02
-1.130426706927446503e+02
5.340468099655949885e+01
-2.619810599623750846e+01
5.076586192667198816e+01
-7.072606518078725912e+01
1.163258340000046616e+02
7.736793279656600930e+01
-9.498744394975940963e+01
-1.021596740347783481e+02
6.165326832137393609e+01
1.353142441880339391e+02
1.068897504309242947e+02
1.130094687979261749e+02
-1.677214105028597260e+02
3.436467306986819015e-01
1.280742654453973728e+02
-1.534708092696709514e+02
-1.202672460026202401e+02
-7.022417671576705800e+01
-4.960567488469464337e+01
-1.055620510994472596e+02
1.064129165315668075e+02
3.323905234456588431e+01
-6.383332574719618435e+01
8.597375786058503877e+01
2.821618622381570418e+01
7.247801919445534224e+01
2.850984353682110140e+01
1.100433809639253724e+01
7.525808641688233536e+01
-5.750651550222601571e+01
4.950650869241663798e+01
-1.614713632811878767e+02
1.538079799867656163e+02
3.765324592076134280e+01
4.479344766341693429e+01
-1.100429124185003218e+02
5.708798984157151324e+01
3.815982869388827226e+01
1.111490937505077881e+02
-1.499734817376778153e+02
-6.228908688322424503e+00
1.951928083990293672e+01
4.434551234631023675e+01
-2.056525300078946117e+01
3.971367454187861767e+01
2.227515921449086989e+01
1.461951023099939277e+02
2.851389833616299541e+01
-5.414740809914547093e+00
1.237087246638225935e+02
-5.094297178024382333e+01
-5.821449795616731393e+01
-8.243207195222032624e+01
-1.133654089028650702e+02
6.824456744560206900e+00
-3.956955713039315015e+01
2.305656218171969485e+01
1.279163065954863470e+02
6.333351662365585355e+01
-2.712984375915576507e+00
6.059567113762159174e+00
-2.994550816038483987e+01
-4.575059548594633441e+01
3.652278291231831275e+01
5.569039241591645606e+01
5.237314659365341463e+00
1.755698084290527277e+02
5.504627152636748377e+01
7.788720618896449821e+01
1.147951914012674379e+01
-5.319784370803593987e+01
-8.448600519083829852e+01
1.661604327428002819e+02
1.562455662224623438e+02
3.984926427782597358e+01
2.415853892049880969e+01
2.113506493188699835e+02
3.637323570240372561e+01
1.515970412022847995e+02
7.112860307945406646e+01
1.316745584234152489e+02
-1.298582236823539802e+02
-7.146175967410181684e+00
9.535253117873006090e+01
1.799658937556300486e+02
-8.484607823994375053e+01
6.538134975720188891e+01
5.732295244358278552e+01
2.478587771426445130e+01
-2.301388474706126885e+01
-4.776111084506090521e+01
1.021476497707882736e+01
-1.072286991602127841e+02
8.797263847747940702e+01
-3.704885430602204366e+01
1.664218167345655957e+02
-3.593175548450847145e+01
-8.554553573206275985e+01
-7.103102134365568077e+01
1.849558037497701646e+00
-4.954729355556683856e+01
1.032079359748834548e+02
-2.007448957444225641e+02
-1.069949800673471287e+02
-1.910507342142649350e+02
1.326303574157143714e+02
-1.132664142419465207e+02
-4.340065211011076940e+01
-4.548530673534281732e+01
1.080371585925220472e+02
1.970593383946544748e+02
-5.862033994626218991e+00
8.810536051206429420e+01
2.314976948206912084e+02
4.978333910825440967e+01
5.977654430764670934e+01
1.643960128845799318e+02
-2.471195695043298457e+01
-8.200328168249032501e+01
1.041081225797571008e+01
-5.510247241608322355e+01
1.391492885375195385e+02
-2.036894188060647082e+01
1.133737449934239265e+02
-8.192110957267455262e+01
8.850057079143725502e+01
1.988668077917134269e+02
-9.590489412967590965e+01
1.604853177151453565e+02
7.646588045107894516e+01
-1.944852733775240239e+01
5.563569127536768910e+00
6.428495759219337913e+01
9.061562607671574199e+01
-2.211068751348611627e+01
9.083984684566264178e+00
1.012660395959071167e+02
-1.185480498311120812e+01
1.008643135288731116e+02
-1.485415930795370514e+02
1.482177410411642597e+02
-6.616098507709709509e+01
2.028489126019611035e+02
-5.025422836557926587e+01
-5.206379164268140869e+01
1.706598473592301843e+02
-1.124803302378382597e+02
-9.812573394138628657e+01
-2.071521158178935451e+01
-9.608784028850236325e+01
-7.215959218962208865e+01
-5.505756364502914124e+01
5.174745734056170221e+01
-8.642438896163403683e+01
1.876856412577119926e+01
1.486899904121581528e+02
-6.848945648892203053e+01
8.067616454252767966e+00
1.835326342281128476e+01
-3.673293943909755654e+01
-3.185942488237444525e+00
1.082746229098833268e+01
-1.666618430622220615e+01
-7.920672634336298756e+01
-1.178941901125198655e+02
7.090614557375953098e+01
-1.858703844125238618e+02
-8.529093465734653989e+01
3.695744087467491568e+01
-6.652057031654510411e+01
5.349025912343090994e+01
-1.550990696906831623e+01
1.282530723056605382e+02
7.369398078789077999e+01
4.969041078313112791e+01
2.137269041787946264e+02
2.595159113418433208e+02
1.239512810754468219e+01
-8.699403040413089627e+01
-1.079461656739043178e+02
4.683505986679624300e+01
4.004939289179544915e+01
1.261114622353760417e+01
1.263407864761065866e+02
9.691165075878447510e+01
-1.255215275269323740e+02
-2.889809434761955842e+01
4.206799971135241378e+01
-7.628490145792883936e+01
2.390979062514638187e+01
-2.405483432270003608e+00
1.335863634525121881e+02
-4.842421835209108849e+01
1.363647180065747477e+02
-1.923137924707310376e+00
-2.073865873298598395e+00
-6.859194819037139723e+01
1.567211600618798002e+02
5.130048085829445625e+01
2.082718866414136301e+02
-1.419456558552501946e+01
6.507361486846586729e+01
-5.687007227272408727e+01
-1.394307266484459831e+02
-8.164053803739889759e+01
-5.424164648763120766e+00
-1.481832896200700702e+02
6.800538043860004223e+01
8.050607022024412629e+01
4.115537457917709219e+01
-9.618475975067973138e+00
-1.253801622555274662e+02
-9.612038000180626796e+01
1.202301732935281251e+02
3.508853352782006851e+01
-1.319212428817273803e+02
5.199444346403688400e+01
-3.584384160384288265e+01
2.633240278265252243e+01
5.234284928771937473e+01
5.047585340780187835e+01
-1.302707179211421078e+02
-1.012060259258768156e+02
3.985000083014951144e+01
1.498049949734871689e+02
2.408115985123585290e+01
3.115357327524505848e+01
1.520571610089444619e+02
1.750285390583994740e+02
-1.835600861453453581e+00
-7.680848026390351890e+01
1.348630456076833752e+02
