1.348779337684384529e+02
5.411242712090309936e+01
-2.010036521631344897e+02
-6.029406374694497117e+01
-5.426091259098903663e+01
-1.428556353110412829e+02
-1.525037439761466658e+02
-1.231853175813791168e+00
7.355640756878919717e+01
1.808484797313173829e+02
3.306352284398442265e+01
-6.161686299513679188e+01
-1.155205046192704721e+01
-1.695885425108101074e+01
-1.104358031261402004e+02
1.487640935604015269e+01
-7.240746178175916725e+01
-7.222406223287998728e+01
-7.264306021100192368e+01
-2.470563658212322977e+01
2.552074206672448042e+01
1.111142111244155899e+02
-3.321210237985864566e+00
1.512860187948464272e+02
-4.329987239958439460e+01
-1.760695283672260700e+02
-3.634116030293271127e+00
-1.696865306778705573e+01
-6.354834810323423966e+01
1.455171849197738787e+00
-2.696811228966027230e+01
-3.435928871381923955e+01
-2.038384307377048899e+01
-8.526170148406691851e+01
7.433511869467052691e+01
9.902669191078774702e+01
9.288473464569702287e+01
-7.938020126668013177e+01
-4.958913500927690166e+01
8.763160133095341564e+01
-1.280750683525090778e+02
6.085761776138331669e+01
1.946300500082823604e+01
-5.444921171923829917e+01
-6.337079985277373595e+01
8.347904080975747831e+01
-5.464296711540941942e+01
-7.030223726440200949e+01
1.454274387009271940e+01
-1.031469043074697822e+02
4.115091142534176072e+01
6.933129775053429000e+01
5.597207935007646995e+01
-1.846424757332745159e+01
9.644988922630294326e+01
-5.930240806295317668e+01
1.705573252322387034e+01
-3.037567494192418138e+01
8.126147988286339796e+01
-2.249246178701391763e+00
-6.916660735310819064e+01
-3.572611530095591803e+01
-7.476000541158497015e+01
2.373875305494582832e+01
-9.367486660562745726e+01
-1.710541834263209466e+02
-1.014458807301263903e+02
-1.044386982401059640e+02
6.345576218119805390e+01
6.983388126808701202e+01
-3.241582585977585751e+01
-2.515867362787447803e+01
-4.087042481991984744e+01
-4.009124235892159760e+01
9.175343899695124605e+01
7.013999259366644878e+01
5.699780864814078285e+01
1.510768465937105134e+02
1.553512102368605099e+02
7.069383288532252152e+01
-8.281737044881580800e-01
2.006184222535878092e+01
4.886014248452929110e+01
-1.167669074123642901e+02
5.462452537731745394e+01
-5.075807718149098946e+01
-1.744052547697543787e+02
-1.261417467847889640e+01
-3.097877430411701027e+01
1.111928600514006575e+02
-2.587604566616461099e+01
-1.269962121904013514e+02
-5.505901009897565501e+01
4.169323912430360934e+01
-1.935003442428326537e+01
5.177244000828023474e+01
5.682542115526339899e+01
-2.975929407036082708e+01
-1.938585306269491326e+01
2.603185467094157701e+01
-5.717181672331702380e+00
3.399719138324182666e+01
3.144150830499899030e+01
-1.218816527937370076e+01
-4.877766203661720823e+01
-1.595184173851392018e+02
-2.535328861159457858e+01
-7.000525400328616854e+01
-4.583676719145461931e+00
-1.343627532700317602e+02
-8.067122986181905731e+01
4.597062233195367043e+01
-8.336721160669797825e+01
3.915117831644599988e+01
-6.397699184885877344e+01
-4.831546896183083817e+01
9.862820856873838693e+01
-1.743753312984672448e+02
-3.575239830176651878e+01
2.009634771619062832e+01
-1.317948928923390461e+01
2.160356162107673583e+01
-3.323280278826621270e+01
-1.771702407126098322e+01
1.341893477658857314e+01
1.014821605099890292e+02
-1.903417686685266474e+01
1.189847533261732160e+01
1.448037636004506510e+02
1.364718599537357768e+01
-5.406845840456524854e+01
-4.337367373020608596e+01
5.382857862851881947e+01
-6.738675124699788910e+01
1.824226885929031150e-01
-4.657877818306452156e+01
7.295755819392256569e+01
2.092795964607101098e+02
-9.723672221878298938e-01
1.170877986667913433e+02
1.376894836220648877e+01
4.273314113195060315e+01
5.121964350567233737e+01
-1.788295700204105998e+01
1.571580264238638733e+02
8.507454667658205949e+01
9.982874386057508787e+01
-4.518865611620194045e+01
8.158894709608665607e+01
1.365079089130551893e+02
-6.315499655161483616e+01
1.510519443960903914e+02
4.214661341638816339e+01
-4.131722855943432648e+01
-2.011505904733035877e+01
-2.789056523016637925e+02
-1.448141460058961805e+01
7.441637843476657110e+01
1.499050369724427014e+02
-4.811410870826007624e+01
7.187315668810899183e+01
3.775770755340021623e+01
1.207022081747051629e+02
1.665147964337760129e+02
-4.977230937586296733e+01
-2.668837759850622504e+01
8.544190762752729995e+01
-8.139950215755244756e+01
-6.159167403139944597e+00
-2.387452290189788684e+01
-2.031844597004888442e+01
-2.604398494982395817e+01
3.913761854116000904e+01
1.016866375826801772e+01
1.737960819085853927e+02
7.467652656553465818e+01
4.002655985705072084e+01
-2.406957582275468610e+01
1.397958776056284478e+02
-9.788782043024161794e+01
-9.554277493592669757e+00
2.744194302533684038e+01
2.519123772830724661e+01
-1.166499253865663803e+02
-1.056924364769030547e+02
-3.906807160409702817e+01
1.889832272457496032e+01
7.532906392196362333e+01
-1.038839009841376004e+00
-1.301688131240481994e+02
-5.256385454243396538e+01
-5.304387681362968721e+01
-8.983299807114261171e+01
-1.498528534938946848e+02
1.538426911662746761e+02
8.180058663015131515e+00
-1.696406561263746084e+02
-1.039734446733109934e+02
-2.651940999562272339e+01
5.422748081154671240e+01
-9.618601791836664461e+01
4.221247955477942071e+01
-1.524356861623260784e+02
1.449214315884343307e+02
-1.604335611738377665e+01
3.946843282360982030e+00
6.931238164275391966e+01
-2.149853736194074116e+01
8.504093285255547130e+01
4.503682391461754264e+01
-3.095294755286555599e+01
-9.568759455333966102e+00
-5.513388460094599708e+01
-4.692980733424025175e+01
-2.396543301125614889e+01
4.966050962069046193e+01
1.023137467512279564e+01
2.332493329435006757e+01
-7.091093899641352039e+01
7.081316947195598743e+01
-7.728072055000741614e+01
1.156449305842083959e+02
1.034346261173021730e+01
7.543376992578410523e+01
-2.337607413799561051e+00
-5.892888616898272858e+01
2.475322578393588913e+01
1.264336182920113174e+02
-6.923412129309157592e+01
6.703424465081141648e+01
7.745388502463514513e+00
3.129231773165811248e+01
-7.766245863105878300e+01
-7.158376218726223783e+01
-6.388821976038855865e+01
-7.697893508964942555e+01
-7.796887966418836413e+01
9.642307066801477333e+01
-3.278214034154113676e+01
-4.062072766615202823e+01
4.572064846714832242e+01
7.301832215132816550e+00
3.944314661064797889e+00
-8.313826884200717870e+01
-1.127315171061622578e+02
-2.453256031157856398e+01
2.389446349367439737e+01
-7.131602003998972350e+01
-6.267986843188373847e+00
-1.276511615133391757e+02
4.043815458060985435e+01
4.775053570797766156e+01
-1.309711763559833209e+01
9.416150265344360548e+01
-7.256610713456461781e+01
2.193981020170468810e+01
2.433088003357978923e+00
-9.819704484422490509e+01
-2.363790880394973470e+01
6.095632024714003450e+01
2.136678009001470002e+01
1.449826679853449818e+01
1.752197048449744088e+01
6.600698490713597266e+01
-8.459253433161147484e+01
4.783287201135970435e+01
8.628387914146168214e+01
2.093262224662294457e+01
1.333198888277028402e+02
-1.985360679862089128e+01
5.899560455030963269e+00
-4.434773007030527481e+01
5.806148675697060213e+01
-5.726396027999015814e+00
-7.908916312914103131e+00
-1.321209573106283983e+02
1.506092511228843200e+01
-3.535646503673222441e+01
1.109530293046310900e+00
-1.544973659780080055e+01
1.482279092192387715e+01
-1.141897117130738195e+02
7.804996041934542461e+01
1.103534427264816387e+01
-7.550770533192542544e+00
7.812155996496455757e+00
2.656078086843368879e+01
-1.449766048679500159e+02
1.163305281423033222e+02
1.537313181771098769e+01
1.792992904745874228e+02
7.612236787338872546e+01
-9.922792674687278236e+01
-7.763374092401465987e+01
1.315111416355941465e+01
7.647077891435020547e+01
2.777082413300949071e+01
8.016526676065454993e+00
1.098911875407597876e+02
1.051919440850510910e+02
5.531962973723601351e+01
1.647156709892772994e+02
-1.161262895364612575e+02
-5.615451678463161045e+01
-4.786549736371874531e+01
-1.936620346223363356e+02
-8.051370386374121324e+01
1.598809707072537378e+02
1.614987509729829469e+02
7.725254711363662352e+01
-1.071747209615928114e+02
-2.516005760252200218e+01
5.416874707384936727e+01
8.560620569997411167e+00
-1.187836471195371359e+02
-4.828332151622651480e+01
2.515848318357266677e+01
-3.014488427716684527e+01
-7.023174615211608796e+01
8.222509849191317244e+01
7.359969025032241063e+01
-1.205627591843609991e+02
1.981933132201088199e+02
2.838763104842316807e+02
2.038044051364695974e+02
3.551247009660674081e+01
1.378673908995484396e+02
1.540260546492367544e+00
-5.509799408604714444e+01
1.347252602009908173e+02
4.815444366840587520e+01
4.653863461008419478e+01
-7.824519925246526064e+00
1.569160325386794455e+02
4.374947392522316392e+01
-7.776685899035555849e+01
3.004977443337103704e+00
-2.318725865611451695e+02
-1.286357161756321261e+02
1.452959696394273976e+02
3.530879603486329898e+01
-7.496641856694763817e+01
1.535779763572847845e+00
-4.101948422299361852e+01
-1.206352499874308393e+02
-2.521141830862785227e+01
-3.995390227505043867e+01
1.192956876538846522e-01
-6.213825924693114899e+01
8.211726759519275731e+01
-1.243077568183951485e+02
4.655463238694940742e+01
-1.084043958096506657e+02
-1.705908018263534984e+02
8.239648925164638626e+01
-8.942535141556159317e+01
-6.749914558711773793e+01
9.010509645071475404e+01
4.883632608158870170e+01
4.144672763538408589e+01
5.025293181423741373e+01
1.363780334156544143e+02
-1.050093036390330958e+01
6.810637070363210910e+01
3.386938460164367726e+00
-2.364827465680116347e+01
-9.751217077676452405e+00
9.955266319057962221e+01
2.526798807209980779e+01
-1.164799576633349574e+02
-5.022939656446012435e+01
-4.359277382342763474e+01
-2.908396856422686128e+01
-7.726599107454727289e+01
-2.270022109219965145e+01
1.148314506855323316e+02
-2.501057571581783989e-01
-1.472410451265247673e+02
6.498834251492911562e+01
-7.897016653658641872e+01
-1.019661654569883780e+02
-5.923403339508119814e+01
-4.292876394675248264e+01
1.558016886161359196e+02
-5.525350539446397136e+01
-1.345406568857862055e+02
1.375661059683351084e+02
-1.544948639708537463e+01
-7.994423554045599190e+01
1.418113187375811606e+02
5.672499884854589425e+01
2.168205790524174148e+01
-5.683690850733817079e+00
-7.219727336769548742e+01
7.531282424127958564e+01
-9.666709513010110300e+01
-1.715579351012735998e+01
2.410867026775182964e+01
4.296999992001444468e+01
-1.163003200855132775e+02
-4.392594334481658080e+01
8.981802232734364111e+01
-5.374880451213329735e+01
-1.571829983383027152e+00
-4.069498776218540570e+01
1.896380590719664951e+02
-2.271659269272195658e+01
1.283756944403796041e+01
4.234700316293313449e+01
-1.495204976176189575e+02
1.472246520091617299e+02
-5.504438209322618292e+01
-9.357621649378283735e+01
1.995283912072845212e+01
-5.376708830545474882e+01
-3.162607935263464043e+01
-6.690746129832704447e+00
-2.608656010519929325e+01
1.584417590133551990e+01
1.768842128625153620e+01
-4.208727624201951301e+01
3.792654664007685028e+01
5.654422434519727858e+01
-1.885465950266829172e+00
3.209190288128793611e+01
1.054421144330372044e+02
1.335745999836948883e+01
6.437540787866133929e-01
-2.525530714474163574e+01
1.544845909457283106e+01
3.917207913267156982e+01
-5.750252767395442532e+01
2.997585470277743269e+01
-1.238654494572027005e+02
6.567627199634378599e+01
-1.880784221337175666e+01
-1.847352854422927351e+02
7.789232690771143552e+01
6.003158996893930777e+01
-5.606676137806085336e+01
-5.362991908248420714e+01
-1.359911254862029750e+02
4.771878404467634027e+01
2.093677227576441737e+02
-2.659388244320186701e+01
1.836972639330871573e+02
-7.653403467999277154e+01
-1.707651296930217200e+02
-2.973545907336435334e+01
9.746600942440416304e+00
-1.259605246378387733e+01
-5.817529537475854795e+01
-1.078117499162255655e+02
-6.266371680829032442e+01
-6.458978885610059706e+01
6.166320011652419453e+01
6.258764508718158481e+00
-6.928922959249257474e+01
5.805579199522781408e+01
-5.877428085149677628e+01
4.079222333468015904e+01
-9.029235569730353461e+01
3.271920773760586343e+01
8.197044397420452810e+01
2.285997180059144682e+02
-1.142365984009597355e+02
-2.668347063939592445e+01
-1.306763754962006203e+02
-2.656710826240196610e+01
1.783308900519059819e+02
-9.454142740290052416e+01
2.665547148735542748e+01
-1.287467382494173478e+02
-7.049483993518072111e+01
5.388406331290948970e+01
-1.012339876813247201e+02
-4.626776332842934103e+00
-2.589747315573096031e+01
4.963081141416186171e+00
3.571835943529907098e+01
1.806881615624072523e+01
1.836715929653261981e+02
1.628422030552762294e+02
2.359618227721716721e+01
9.697248602377392501e+01
-1.774245637407893206e+00
-1.842542130233322339e+01
-8.045720565033182936e+01
-3.168664342460485628e+01
-1.061057123485471152e+02
-7.563025287073418212e+01
1.383253330137077910e+02
-3.249005596833664633e+00
-7.960853518770157677e+01
-2.299102699083559855e+02
-1.093067171127790687e+02
5.686738344511414311e+01
-7.942836467442196957e-01
-2.759246752122193698e+02
-5.112471623545778776e+00
1.723025445290020219e+00
-9.237692877077799380e+01
-4.617615727495650191e+00
4.335809369554026738e+00
6.249300890038825429e+01
1.577445345258600469e+02
5.348120562000570288e+01
-6.225784032579895921e+01
8.976943868737473053e+01
2.843910166427206576e+01
3.026696574531441364e+00
3.042109425138212231e+01
-7.902532480157753980e+01
6.721427751154232055e+01
5.339176997540420899e+01
4.834163030799122396e+01
-2.802650230660424668e+01
-5.026663497180132723e-01
1.529629268517368779e+01
-3.496958838453403473e+01
-9.954604121135449191e+01
-1.207964783377415472e+02
4.845425129937500230e+01
-8.163491203517664019e+01
2.847540176939464374e+01
-6.748908850551458727e+01
7.530040346018650155e+01
4.599004967356444951e+01
-1.370010096597618201e+02
-9.486254332627686381e+01
5.825608758969798018e+00
-1.719305883947369580e+02
1.884202137514311914e+01
9.676544806763460826e+01
-5.894555145238574312e+01
-3.647095343854525140e+01
-3.977925042686037216e+01
7.947396185691579262e+01
-3.389386601231129958e+01
-4.792666772376632522e+00
2.680112172739205434e+01
5.006981969736552429e+01
-1.686951794282007455e+01
-4.821439068661767635e+01
-5.964182784206693810e+01
1.986644716067833016e+01
-1.901534419604966786e+02
-2.428691042938107003e+01
-3.097478458191974227e+01
-6.474509131521449490e+01
7.128281878550616568e+00
-1.777987365226852745e+01
-1.405747868068244202e+02
-1.686722597058815154e+01
6.173867382648854374e+01
-4.473650930974217488e+01
-6.082343145882001068e+01
8.329867133489079833e+01
1.600645754476527713e+02
-1.036382087278178261e+02
3.678416402101252913e+01
-2.860128879867983187e+01
-4.754802815103546720e+01
2.026974305652649093e+02
5.339285317747953741e+01
7.073049469200206829e+01
-1.298236077560760862e+02
-1.125535061854568397e+02
1.199557618346714492e+02
-5.243254523332310413e+01
7.058780700559078980e+01
4.003992149785409538e+01
3.494818367286664795e+01
6.066187255287042035e+01
-1.767855111038695668e+02
5.333821509523828297e+01
-1.353043388618048937e+01
1.244448242191221397e+02
-1.266824909049250891e+02
1.699953314008728285e+02
-6.580009676263827600e+01
1.259200420359632204e+02
1.659471673851140494e+01
-9.271098027882817405e+01
1.173518896250932642e+02
-6.208617464324044022e+01
-6.959995509891591325e+01
-6.772073843549286210e+01
5.467399980489244804e+00
-3.391957440716220873e+01
-1.913394417908321188e+01
-6.748106784064070496e+01
-1.423452132364001557e+02
-3.095705941102762893e+01
-2.829113543227123273e+01
3.218615811836448160e+01
-1.193162213305421915e+01
-7.691584652913503817e+01
-7.296954347548089359e+00
-1.322060588978851392e+01
1.425721661144668531e+02
2.609886190027877717e+01
8.435064804672009586e+01
-1.823129833234616015e+01
1.134710226641088049e+01
5.948011347519866376e+01
4.902449843012291808e+00
7.618087174741555145e+01
-5.874238297132401954e+01
2.961508853058829160e+00
-1.595591919698314598e+01
2.321416438502019730e+01
-1.790798964113502834e+01
1.922018194662587405e+02
1.334696831514400550e+01
-1.223133695632238869e+02
1.342403281205677104e+02
8.296241564633579912e+01
-6.634784631784695819e+01
-1.030601069079855279e+02
6.219586413410235792e+01
6.082804069013793935e+01
-6.305984394453805919e+01
-9.243793512693190451e+01
4.494655085976836517e+01
-6.659312821590666509e+00
6.696650874521166941e+01
1.273301222977787575e+02
-6.087166291589170442e+01
-9.985429286790440528e+01
-1.001575252213467593e+02
-5.799787549499215089e+01
6.961834199938596157e+01
4.096565264625024838e+01
3.466848022497423898e+01
-7.565572623241349959e+01
-1.862907933146154846e+02
-6.234117377189115672e+01
-2.496670595495007490e+02
-6.957161035994508325e+01
-1.137425913080872277e+02
1.016865923228861277e+02
6.091461816893838943e+01
-3.854268070376828348e+01
1.133698506949388900e+02
5.775695925939192676e+01
-3.962019089578082998e+01
-3.275191575041613135e+01
-1.279146193511014786e+02
6.253309967652919710e+01
-3.759982069257531379e+01
-1.278026448999414910e+01
-7.567933268498322263e+01
-1.144589106424295295e+02
-1.165316752798247357e+01
-6.082144344030758276e+01
4.711484220700417325e+01
1.825033872073219356e+02
-1.634008592355693565e+02
-1.668245992777106324e+01
4.324544965235888583e+01
4.470386555169044129e+01
5.873106408825046287e+01
-1.672101009546846626e+02
-5.490693211848883948e+01
-9.277878337483201676e+01
9.753521751322379307e-01
-2.175974764311245924e+00
1.071380721794263309e+02
3.842314262904835687e+01
1.171502352381722822e+01
-1.108557116851173276e+02
5.192571337537273024e+01
9.891880151533163357e+00
-9.421188526191976109e+01
-3.608152341412277764e+01
6.337203733247240933e+01
-1.660991929984301692e+02
-8.586697600036276867e+01
1.470530243851971797e+01
-8.207120456278828158e+01
-2.876026043346503158e+01
-1.274486617601466918e+02
1.242285981232779868e+01
1.051261203217898839e+02
-3.633621510890305473e+01
-2.952749289634171248e+01
-9.186041036675774762e+01
-9.468086796731535060e+01
3.237277525200129702e+01
-1.258369396047960294e+02
1.099003738499427669e+02
-2.079200271082322331e+02
-8.794104164001053903e+01
-1.564519065072772150e+02
1.591272407027443023e+02
1.449767554350187027e+02
3.890211255516354072e+01
2.055474755317641922e+01
-3.347532717810023684e+01
-8.655145579043964688e+01
1.222965751099566134e+01
4.078213373798583774e+01
-4.001637757119571859e+01
4.414507063601134718e+01
-6.205009616906275483e+01
-6.836582676172608330e+01
-9.822154398326776725e-01
-1.066731132299779574e+02
1.129985813144114957e+02
-9.208733157776519818e+01
-6.503232184492356183e+00
-1.417875586822770595e+00
-4.651837244631118296e+01
-6.014217706894736892e+00
-5.385387308845894339e+00
7.554925200256043638e+01
5.030038679095595455e+01
1.193787678503765051e+02
-6.185090130213542636e+01
-1.490886701610336331e+02
-3.853640841522877025e+01
-1.114412942605175800e+02
1.152218854803053176e+02
-1.347880886928684561e+02
-4.855144978006584466e+01
1.172626096926083790e+02
-2.709559449438667755e+01
1.051480228685384333e+02
2.140352540086521174e+02
1.341809242043562165e+02
-1.043234316905506489e+02
-2.305902440258579489e+00
3.837144882479365249e-01
-4.387330289059626409e+00
-1.286040481337470283e+02
-1.170110261802854694e+02
-5.496246484915480579e+01
-1.400831090723295063e+02
1.192791995351971366e+02
-2.048014487186222965e+01
-6.944790706371789213e+01
-7.249292925428883905e+01
-1.328455639765069805e+02
-2.498916484153820150e+01
6.578191472567201004e+01
-6.949235050472884723e+01
-2.143133177069120450e+02
-4.572337838355547746e+01
-4.085720875495606208e+01
-1.931239693113420586e+01
4.898147445921802756e+01
-6.151867242855169948e+00
2.432099680910384620e+01
3.354253725680838727e+01
-9.260083696608563741e+01
-2.774949683155925229e+01
3.451478416370186864e+01
1.441223341848027495e+01
-1.055205668520772377e+02
-1.358104641722856911e+02
7.453690477611949916e+01
-7.687151824124370592e+01
-7.020186896403865262e+01
1.113377453635256131e+01
-1.392401562156497619e+02
8.705261650375254590e+01
1.320102985376497315e+02
1.619172816163783750e+02
-4.580553311500661806e+01
7.711050874062350147e+01
-1.048290706920528805e+02
4.848217881261149387e+00
8.490287572992261289e+01
-1.727536426245537484e+02
8.677350640205099808e+01
3.122192439663252728e+01
-1.775001954972309548e+01
-2.780130364185705005e+01
1.566629594809284924e+02
-4.280444285513381431e+01
-5.056113526156909010e+00
-1.079250668989286339e+02
-5.705272742939198949e+00
-1.190764631527141120e+02
-7.081093359941334597e+01
-7.004786689595755433e+01
-1.227534345338603856e+02
4.545375583700256783e+01
-1.643589595602676923e+01
-8.761717063356449842e+00
6.479078707168373796e+01
-7.054594812476751997e+01
-9.195085162225990416e+01
-1.044853059073801802e+02
-1.449463570368600926e+02
3.517600997635396709e+01
2.348775115583932305e+01
3.340896770526457260e+01
6.333735972533180814e+01
6.728823047694745263e+00
6.874074462525054230e+01
6.230280967380453561e+00
-5.865448001425050073e+00
-7.808456535230599016e+00
-3.897169578152578140e+01
-1.445554606702457932e+02
-8.492224016451315549e+01
1.045988770425304004e+01
3.722193279267981048e+00
7.457781765360087434e+01
6.344967349254316957e+01
2.818133270333323281e+01
-8.410828070404632228e+01
-4.037959087138953862e+01
6.078983892620362095e-01
-2.657072743844824103e+01
-6.057686114855449233e+01
1.589074114761113208e+02
1.067557717271989759e+01
-7.326645976040838093e+01
-5.203611971802180847e+01
-2.912972654235613490e+01
-8.020228824972875259e+01
9.149245415735322240e+01
1.786663387084596977e+01
7.494767195032795826e+01
-1.011795451539671262e+02
-9.973629089782394885e+01
7.229504558699073868e+01
-8.062043297493754324e+01
-6.083581966411662023e+01
6.373212704500912906e+01
-8.644884621445679329e+01
5.467593119877107455e+01
-1.104015730027025199e+02
5.598620361736849560e+01
6.552381401073496647e+01
-5.983277030045126565e+01
6.642265734911524078e+01
-1.584307022649395265e+02
9.240260920948666978e+01
5.158402366077468315e+01
-6.972379327447275443e+01
1.029367540658728615e+02
1.614266939186987599e+02
-6.425081025763340392e+01
3.084753323422846449e+01
-7.185066809909157826e+01
6.671015038006119369e+01
-2.698162944468086977e+01
3.465934550246265644e+01
3.956039828322585805e+01
1.093009569305388879e+02
5.714512648799666295e+01
7.837453190444848872e+01
4.284908457345417077e+01
6.826422377448206191e+01
-1.138892109311020846e+02
2.849390285679901424e+01
-2.299969933864444727e+01
5.975233043001867372e+01
5.927402010335640625e+01
1.569260770730911858e+01
-6.476079232556839038e+00
1.451404559914458758e+01
5.544502909979607352e+01
6.447659377532929170e+01
5.763907446603548834e+01
-2.027881213225223576e+02
2.285545480039096731e+02
-3.779430731588743875e+00
5.123230339565402147e+01
-1.450280480600827673e+02
1.096592715652981127e+02
4.982222112581808204e+01
1.298696353567936512e+02
-9.997522021545658788e+01
-2.314909051677436480e+01
1.613598432078528333e+02
1.227578440587856079e+02
3.642331094549231096e+01
-2.670207184123409760e+01
1.416241322459615901e+02
1.323032146648064042e+02
6.550752347831426903e+01
-1.826276167056620636e+01
-6.730538556441875642e+01
1.323517153173331273e+01
5.141041572194390596e+01
1.208780504256469328e+02
4.668402916677042214e+01
2.032571325840522718e+02
-1.510471361412722402e+01
5.722397523861514657e+01
6.957067344386607033e+01
5.308318818577661347e+01
2.447304262970150646e+01
1.637780955736609201e+02
1.641491655122707414e+02
4.797019348029625263e+00
-6.783074037930501277e+01
1.130048733064522537e+02
-1.749018200115653698e+01
4.257019561706876232e+01
5.757631519873161352e+01
-2.312461402321368666e+02
-1.320900557335064605e+02
-1.859409530843086955e+01
6.096710664069732388e+01
-1.033826105678667062e+02
1.558946978349832193e+02
-1.866900448692471670e+01
6.661036488539575373e+01
4.149592164210570644e+01
6.422622618910534698e+01
1.766553443910277963e+02
-7.420803346962861724e+01
-1.077215195221717892e+02
-7.419912582326831796e+01
-1.313560868353939100e+02
-4.412281010283565053e+01
6.589534784167283021e+01
-2.501646579760463851e+01
-1.214208180081809587e+02
-1.367622088822868989e+02
-1.088255145357045350e+01
5.727539700813635193e+01
-5.816210924534854598e+01
9.099178334340264485e+01
-2.182892376785724409e+01
4.984680434924643322e+01
9.908774349924505032e+01
1.207589487459714235e+02
4.944789559038994753e+01
-4.894490064453004408e+01
-5.719107256307495391e+01
-8.211000962582222229e+00
-5.318544853410569573e+01
-2.182996802599899411e+02
-3.463344319206163480e+00
2.132006123142661735e+01
2.439124593528699236e+01
-3.486461363808751202e+01
-1.182229295128342272e+02
2.945169527879291849e+01
-1.078513352271127559e+02
5.250175158340171322e+01
-1.579026526831112776e+01
4.747883264929167524e+01
-1.635022473731335140e+02
2.049790553553798844e+01
1.333366266909544890e+02
-1.271571489220387541e+01
5.459106573453277100e+00
9.546477478316816700e+01
4.863274668621037478e+01
-1.888349452415589553e+02
-1.874615608586571724e+01
9.333870116276918338e+01
-9.645577942249838088e+01
-1.123512311555791570e+02
1.788405938947501639e+01
7.252708469875912556e+01
-1.053248895706461212e+02
1.486009485744535539e+02
3.416390869532130381e+01
-7.563053683175691333e+01
1.047271587963206798e+02
-1.838437691317571421e+02
5.737937388124728955e+01
-9.664645492886891986e+01
-3.729865376748505668e+01
7.991837749009809500e+01
4.771275852473917922e+01
-1.918716217558785786e+02
9.291903879500874552e+01
2.465584038174100101e+01
1.062810092306996808e+02
5.775258115318978014e+01
-3.489144136861092704e+01
5.109643629186975744e+01
-1.100194532225731905e+02
-7.445904774697301320e+01
1.865814562017428457e+01
1.079254671976362800e+02
-6.888027271564435239e+01
5.862526321094716764e+01
1.799419203285094682e+02
4.604032689826115643e+01
-2.043596905236031702e+01
6.466422638816491997e+01
4.451301718025202092e+01
1.019617004209046343e+02
-8.355165261268420807e+01
5.075595360726564564e+01
2.241635359003250869e+02
2.567739424386174107e+01
1.203461053758595654e+02
-1.451654868757939028e+02
