-2.456528330786640595e+02
6.166001759748754196e+00
-7.095912796034671999e+01
3.228434716423151940e+01
7.841901856897818490e+00
-1.868822989126033178e+02
4.034294806489248941e+01
-1.894531000831203826e+01
1.260487765646258751e+01
8.197881077096165825e+01
2.126435043747126130e+01
6.042949303447777254e+01
-1.592867388130632662e+02
1.476120982347821950e+02
-9.483363238747762125e+01
1.569441499095302284e+01
1.563136712857377688e+02
-3.194986072709984626e+01
1.463834631570380225e+02
8.353349977095338375e+01
-1.814231754991468293e+01
-3.742422253499182005e+01
1.834762393818517623e+01
-8.302946657918288054e+01
2.423904335127997811e+01
4.944078423828384672e+01
6.567425085480725500e+01
2.083689759475192460e+01
-1.723059379431997229e+01
5.742038335385539938e+01
-7.432895860067966964e+01
1.454305112440939318e+01
1.197801682595639221e+02
6.604629208065723844e+00
5.860948243125422508e+00
5.364731475708231834e+00
1.353141823458910835e+02
-1.599305734464359219e+01
-1.211346805452590303e+02
2.328980385309056444e+01
4.722189196620495721e+01
6.763784184163273494e+01
1.009553487003019967e+02
5.515438208068440673e+01
-1.802401951323912144e+01
-1.695455653157895313e+02
5.403749422218218967e+00
-7.650498402899883477e-01
-2.283267814164732386e+02
-3.926236461405130740e+01
5.751151307807304391e+01
4.002023135058318815e+01
-1.606138447494915340e+02
3.207605160459718263e+01
-1.407121372464982869e+02
-7.598830380704507093e+01
-2.555523600223924774e+00
1.505199720966652777e+01
-1.553799564712878407e+02
-1.110627883643545175e+02
1.069489089272673112e+02
8.698520268522123899e+01
1.240795714221158050e+02
1.407975718803353118e+02
-1.931830968707105569e+02
1.111445285454615117e+02
-2.918194478220468824e+01
1.937705411381994054e+02
-9.223791573854408909e+01
-4.930686772281982932e+00
9.762343456807347764e+01
5.593081218461633597e+01
-5.940927964100055192e+00
5.963190160731966216e+01
-5.550098954143205532e-01
-7.442881148317850304e+00
6.903092477860815279e+01
-6.078823002967571654e+01
-2.637552443247486735e+02
6.368553084003217890e+01
7.720765215778965285e+01
-5.890590323220623503e+01
-4.002107586144664708e+01
-9.489449045628751378e+01
1.278971512773614734e+02
1.499762429125314611e+02
5.818508618062593740e+01
8.673237069645472275e+01
1.361523080401058223e+02
1.137445023063179761e+01
-8.413652174501511638e+01
6.221358571076738286e+01
2.456423197755879073e+01
1.656302261301043188e+01
-4.405209183016343388e+01
1.995116048676820526e+02
7.882989416200024380e+01
4.297789398108378123e+01
-1.286856623583287842e+02
1.688107150002459207e+02
6.292220732846809739e+01
-9.941896101301051658e+01
2.726311708184707783e+01
-7.464025920223338062e+01
1.357543700644087039e+02
2.913785201010523807e+01
-8.540223310056680006e+00
-1.230988999129925503e+02
-9.519123330828359997e+01
7.349818383682877254e+01
1.827240918677261448e+02
-8.804329812205153871e+01
1.316529483613378773e+02
-1.255211218055968629e+02
-9.558059681100490934e+01
1.046972917876515297e+01
4.944675026067004353e+01
8.918634720671536797e+01
-1.134997157534827039e+01
1.861383451687183666e+01
5.166574258551700183e+01
6.227365272083483561e+00
-1.416066634079100197e+02
-9.990968888052478292e+01
6.166142715406576436e+00
-1.896574344467908020e+02
7.856019780874410685e+01
-4.764823638831378361e+01
-3.243144844958402717e-01
-4.098047385492436234e+01
-1.466060476335899523e+02
1.700201326785518745e+02
7.158049557240050831e+01
-2.290197500508872963e+01
-8.501571534248260775e+01
-1.500446512902778124e+02
-7.425521829723479073e+01
-1.778530673571493992e+02
6.390764380005359158e+01
-4.381045638778402207e+01
2.755148019357637779e+01
7.308089584189436216e+00
-1.243773566880599724e+01
-6.065184888346995962e+01
4.662511925855957884e+01
-1.626584681154274961e+02
-2.411389678514565560e+01
1.243790335823860858e+02
1.667416534115054674e+02
-9.105197211292875181e+00
-7.534276147981049121e+01
-6.498367681260641859e+01
1.021727662155476111e+02
-7.094513658776643084e+00
-6.276157572648878613e+01
-1.260846943203024040e+02
-9.117678544348878233e+01
8.262319659290157858e+01
-9.992718071554789105e+01
-2.701179163816513551e+02
-2.649503101239815450e+01
-2.710831902531302973e+01
2.072173305300027835e+01
-8.226505280845740842e+00
-1.009076844366574477e+02
1.318904498130757297e+01
4.421423701458615341e+01
-4.060234720765300231e+00
1.933272189589123968e+02
1.641230109733732547e+02
9.800283773599414872e+01
1.025083558642678980e+02
-1.359773800397639150e+02
1.172522928083688782e+02
-3.305518890904716756e+01
-1.022194313086808677e+02
8.499769502374682872e+01
-4.156710520044102353e+00
7.343381644416744791e+01
5.587387756303768782e+01
1.285788907268560166e+01
2.317225019466701497e+01
-1.156773909896555352e+02
-1.291939122540588585e+02
-1.425505000824421700e+02
9.489608610762886087e+01
8.099971007931216604e+01
8.100580415830712866e+01
-9.820263009265030973e+01
-9.440756504402683902e+01
-6.370116698407839451e+00
1.411153931137916118e+02
-6.561907430449162248e+00
-4.522475136081276759e+01
-1.858287529866566103e+02
-4.405832978943401912e+01
-4.247679934609747221e+01
9.062256636007477084e+01
-7.496664064067883260e+01
1.198273001224763306e+02
-1.768082303434354117e+02
-5.085519964824158023e+01
-5.460758754479745392e+01
-2.073262542916006339e+02
9.707065790838484531e+00
-5.594502039614800992e+01
-1.881681481938624501e+01
1.179511579741694192e+02
7.310587041041448408e+00
2.342026861086784351e+01
-5.157049239803201601e+01
-2.070051132407338557e+01
-2.752357259817140545e+01
1.355940518156966235e+01
8.910267717411839428e+00
-1.053132993583539729e+02
3.816407656984969066e+01
-1.052487861264060314e+02
9.772328539318974094e+01
8.182658020095855989e+01
-3.137240248102666129e+01
5.264983320865831473e+01
-3.408313070383063348e+01
-3.366160455125881867e+01
4.830539649227515042e+01
9.258815013092021218e+01
7.147480012808863137e+01
-6.595022930869525624e+01
2.346072918098754556e+01
-2.672766775437257536e+01
-1.283462427459582855e+01
-4.430013273259241657e+00
-4.949170026890819685e+01
-4.214407924892618951e+00
2.198787984031841916e+02
-3.379985984016636280e+01
-1.200479868284186864e+02
-1.321178821789906408e+02
-9.753973705524876081e+00
-9.003916168335707937e+01
-5.603489512508165404e+01
-2.486209301759683399e+02
2.952186214391077002e+01
-1.632901758508393186e+01
5.251307953705751430e+00
-1.331479962630595759e+00
7.784047821314935334e+01
-1.337620019720827145e+02
1.419509740426895519e+02
-3.196350084265093017e+01
2.751259224666672054e+01
6.201593927507241943e+01
1.649421230945999355e+02
1.247983711090556795e+02
-1.791803035479919401e+02
-3.611645374312660550e+01
-6.635504370282231434e+01
-1.345189776647643782e+02
-5.980558032755478592e+00
1.068210739606115567e+02
1.915105663945043659e+02
6.613169502204274863e+01
-9.898378113690419866e+01
1.118289336134031942e+01
4.270163668367660392e+01
2.265337525965093946e+01
2.344661356448392553e+02
-6.884115598281078974e+01
-1.278770465579760582e+02
2.233022865112025954e+02
1.194713336288322552e+02
-2.972332094408158909e+01
3.899272297764707673e+01
-1.384130924225772219e+01
1.242445438148085834e+00
-2.241974466431815571e+01
1.391719407287672254e+02
-3.711161692001640233e+01
9.125117986001178849e+01
3.983379459953330581e+01
1.218294789507951208e+02
-1.180022977626557079e+01
-2.147185549027219054e+01
6.368575056196210227e+01
1.084859362087564421e+02
-1.846551129862353235e+01
-5.278902176096450916e+01
-2.890280102525055739e+01
9.213246098438172282e+01
2.693705984602560122e+01
-3.850258604283038011e+01
-1.133307098745038388e+02
3.913301374578392888e-01
5.770099158640978487e+01
5.459439944385758992e+01
1.938752027733373851e+01
-1.339524894060725444e+02
-2.362392456835153496e+02
-1.558426199037904212e+02
9.336144945389456495e+01
9.222143106112551436e+01
-1.461478812665089038e+02
5.369936218323277188e+01
-3.967865390606969100e+01
1.802289091431152883e+02
-9.396645258309774817e+01
-3.330918399759390525e+01
-6.750370560123870689e+01
-2.094371947574596788e+02
-1.902006606729601970e+02
8.895046667182455735e+01
7.161019513336254860e+00
7.983358705122397758e+00
3.003449764207865691e+00
1.082149498146160624e+02
-2.767364708489477110e+01
-1.002251638741435613e+02
-1.489519477584283038e+02
1.166288536266484641e+02
4.062934800795106582e+01
7.888531003723008439e+01
-1.591410782014804681e+02
-9.742171758790912861e+01
-2.750320205374988092e+01
-4.144960211764552582e+01
3.995607182155886505e+01
1.134431358076789564e+02
1.100461564865943842e+02
-5.957330544586514520e+01
-6.562585970455408813e+01
-1.623085786344416590e+02
6.969252112705132163e+01
1.434533374535329742e+01
-9.639566799998505076e+01
-2.070485427647859638e+02
-5.490765167962705817e+01
-2.982670243505458529e+01
-2.356943963343770747e+02
-2.959679560616371496e+00
1.974804324822047761e+02
-8.804032014848188226e+01
-9.916649327827079219e+01
1.162572976985719180e+02
9.548478067696741789e+01
1.001516939599145495e+01
1.427535491775809930e+02
3.416267845792636138e+01
2.538769281565117453e+01
-9.854203772075256040e+01
-1.615637640691060142e+02
8.359726672450422313e+01
-3.251840908531627861e+01
1.367192236450610778e+02
-2.716304661860624137e+00
-4.404300910207665964e+01
4.032366449535376063e+01
-6.157480791527603969e+00
3.397155648813125595e+01
-8.135770812724953771e+01
-1.452086997504018662e+01
1.689255016690948352e+00
2.153760628302483049e+00
1.479954908450943663e+02
-8.608887125343461832e+01
7.785751552295452349e+00
-1.758755727642986528e+02
1.229034609102073432e+02
-4.084512282402750216e+00
-1.450922225967922543e+02
-4.874320414477157470e+01
-4.015371918276623830e+01
3.417252170196570571e+00
-2.764448282717639671e+01
3.298004310975997555e+01
-7.488150925581361861e+00
-1.805746399971861749e+01
-5.202567514763951095e+01
-7.028508691454049995e+00
-6.550151918475428658e+01
6.985629756611936614e+01
-2.664435257172571525e+01
1.001162634012566883e+02
1.516017309771905843e+02
-3.295674375613045015e+01
-4.448476303444334690e+01
-1.041403729706314607e+01
-1.775389347038318277e+01
-1.580621586188732941e+01
9.844322503347733289e+01
9.483551112711881004e+00
1.379804147790220270e+02
-8.269850442991149464e+01
5.877779224129822921e+01
-1.559590700977673805e+02
-1.379413673839677301e+02
-3.958239761856006567e+01
1.284633254776848617e+02
3.168838153673965508e+01
1.208816434187037032e+02
1.952428098495079780e+02
2.194832302660801560e+01
5.942302480938649722e+01
-4.750766019585999800e+01
1.176979184576198207e+02
-1.163176762788491629e+02
5.143881794561147025e-01
1.609050927849375512e+02
-1.272437491742210085e+02
-4.835579160854968528e+00
-1.035151631405489780e+01
-4.484925881710191220e+01
5.951279537964315125e+01
-1.150497262571823853e+02
-1.431466507808873523e+01
1.373641551141620880e+02
1.101022365126814861e+02
-2.191778632163466156e+01
-1.251244510962774648e+01
1.575215948998461180e+01
1.102536686399203063e+02
5.881177118190458231e+01
1.913952081544012529e+01
-3.960093802289135567e+01
7.988775285484003064e+01
7.691458642543602764e+01
7.292398488149197533e+01
-1.697419333089934312e+01
-1.441922630251217754e+02
-8.665461037118265608e+01
-8.567919942962738844e+01
4.114895928997053431e+01
4.726240061173016471e+01
8.018294102341404539e+01
-1.881629475567446974e+01
-4.445077070527840846e+01
8.867673539009886952e+01
2.502328915248766350e+01
-1.066622997621752518e+02
-1.598980253282977237e+01
8.747031865929905337e+01
2.242415323193538867e+00
-1.285632914184518327e+01
1.551566159848303705e+01
-1.317167904919892578e+02
-1.326893458410829396e+02
-7.203010376424679784e+00
-2.419652021656103003e+01
-6.514288017844702949e+01
-5.741674385382900425e+01
8.102939693052531922e+00
3.951277747982364730e+01
-1.679028448768889703e+01
3.770306311164121382e+01
4.424032954465654655e+01
-7.456210368782680575e+01
-7.429568874788925825e+01
-3.144771087174126478e+01
-6.639822996211030670e+01
-1.761500129634394796e+02
-6.130577933342633656e+01
7.642511502406881618e+01
5.334066864685706832e+01
1.043500805053645308e+02
-1.218392621262040478e+02
-6.416331297631158748e+01
3.558320965880164266e+01
-1.005598221447360174e+02
4.752860397076530319e+01
6.836154079423915064e+00
-1.160777507490807494e+02
-1.140713030132220069e+02
1.453691006151800593e+02
-1.286794462784398831e+02
2.232315065932113498e+02
-4.023593690213922969e+01
-9.339022932474321692e+01
-6.475540455775622206e+01
-4.686615373267311213e+01
2.183759651504460209e+01
8.382230140119899886e+01
3.510676826046875476e+01
4.756007215972400815e+01
-1.624079686102794184e+01
7.822151350371126455e+01
-1.550940659744017864e+02
-5.110725701361802464e+01
4.118326111956356073e+01
4.197415858058570137e+01
9.593783916010519874e+01
-5.395783369375455152e+01
2.975588014449526497e+01
1.025329482948057489e+02
4.242468359877906892e+01
3.437703605772954063e+01
-7.951141135462045817e+00
1.633381042811009536e+02
-3.531396529447194155e+01
-1.737499518349492575e+02
-8.618387693670865879e-01
1.588826710245708966e+02
-2.733582792874713974e+01
-7.919461486475833034e+00
8.627149372909465797e+01
1.654888130248118472e+01
1.774882017410384805e+01
-7.675510254749490002e+01
-7.279963247596198528e+01
-1.538966516441946908e+02
-3.007882780587980420e+01
-1.411627913362198967e+02
1.949793947771561520e+01
3.132324159607233938e+01
1.720579814513041939e+01
-7.492138804341993819e+01
1.766999015449514943e+01
-4.542946003632538776e+01
6.078386083493568748e+01
2.173933902932909490e+01
6.617310858402581175e+01
9.184418345614636792e+01
2.137955738821389673e+01
6.619537664678283306e+01
4.238356503019672772e+01
5.229725098255882898e+01
5.902315523453092538e+01
-4.224631041759249683e+01
-1.727172293408677035e+02
-4.104390035282487048e+01
-3.719854989590224648e+01
-1.774307670846042981e+02
6.347400349469901926e+01
-1.911564848008636375e+02
-9.009734145210727263e+01
4.941705544228235425e+01
-6.764773196708733849e+01
-9.335662388473683393e+01
-7.185737396754102946e+00
1.117746709401782113e+02
-1.385504134794006426e+01
-1.095289458681829160e+02
1.975085060725928372e+02
2.101343687201368127e+01
-5.338149315079592583e+01
1.957824448226674718e+01
3.064167658437886743e+01
5.569828216681348465e+01
4.896500626729502414e+01
-3.200013529638484897e+02
-1.983627752449366142e+02
-2.384175667540554571e+02
3.181681941522804991e+01
9.819494866120345478e+01
-4.128416868795623174e+01
-6.411119724865585567e+01
7.696517555893544227e+01
-8.303290090493813125e+01
-1.246615867327219895e+01
-3.389359288782913371e+00
-1.388672325116199069e+01
1.337898129585725293e+01
-2.175885013649643440e+02
-5.810940329102015056e+01
-9.715558777166508264e+01
2.880674792329737599e+01
1.760174901870020392e+01
-7.620535712355101055e+01
-1.431628707938722869e+02
-1.279369880906028811e+01
-3.162018798578999590e+00
2.299292380036126104e+01
2.277439036022846963e+01
1.030979978030735964e+02
-7.619664841501055719e+01
2.441705079292917446e+01
-9.519177645160570478e+01
-7.782771450167197713e+01
-1.783399919127062958e+02
2.544580236162740334e+02
-8.430234783523711428e+01
8.202015422543868794e+01
2.124640176196706776e+01
-9.513657079014558349e+01
1.246737453761236125e+01
3.615528210314749913e+01
-2.830432263966714146e+01
-1.158911325734561757e+02
-5.650945627876830457e+01
6.357208400976935536e+01
-7.737471098161216254e+00
1.971682047118875047e+01
-7.540952502691657955e+00
6.138273194090689344e+01
4.967834464489693147e+01
-6.397048803932971595e+01
1.930211618385160364e+02
4.037986971652031798e+01
-6.612048383601674573e+01
-2.439980641615259316e+01
1.163976086691850220e+01
-2.263965360897124768e+01
-2.124102556875210723e+01
8.947941099969762035e+01
-2.573583574415042463e+01
-9.552006460592229686e+00
-1.122301368422979380e+02
-8.301673556215398264e+01
1.241892636242111649e+02
-4.375106778475349678e+00
4.852052638268952833e+00
2.481349822325528365e+01
1.077802046840036709e+01
-2.112271796443558358e+01
-5.084601650292309927e+01
7.459458809367497167e+01
-4.410187032464489221e+01
-6.622321001054361034e+01
-2.545488481230838715e+02
-1.219752243458189582e+02
-1.718967232569912369e+02
-2.597099527996884945e+02
2.151726395055476360e+02
-1.043291742422035107e+01
7.532875173567911808e+00
-1.425441536529633169e+01
1.179979442835037560e+02
-7.751741218683991974e+01
-4.974031939783903766e+01
1.123746529446813582e+02
5.448938607891935249e+01
1.281016455167912227e+01
2.197046395926408593e+02
1.623553806634410179e+01
-9.034973795834315524e+01
6.386421420630075829e+01
-3.993113152327033077e+01
7.679306827717874739e+01
6.166618099159985888e+01
1.110558338761469201e+02
7.738341314386214265e+01
3.400227287534080745e+01
9.595667228578787444e+01
9.765666419179893865e+01
-3.690368022340341270e+01
2.916226505363460220e+01
7.665662460506858622e+01
1.536128771022349611e+02
1.070273494934931762e+02
3.690213256432900835e+01
1.563696606468608152e+01
1.717789308669463821e+01
1.785981841007668081e+01
-5.484078138303169681e+01
-9.342544236082061104e+01
-1.202463045324678745e+02
3.992010083501737583e+00
1.626880616715468761e+02
6.244090508184825694e+01
-1.927856908056622842e+02
-1.266161689087190183e+02
4.912814884875692201e+01
1.492344138603419594e+02
5.417777323973503201e+01
-1.019815086210312138e+00
-1.185966453621164050e+02
7.874306657322051706e+01
2.037797044666713191e+02
1.822718485940965749e+01
8.567178906032080477e+01
-5.348745726954444990e+01
-2.103072551111367616e+01
-1.114555253342129788e+02
9.808431195921245660e+01
-9.806459870573584681e+01
1.058710769460784817e+01
1.062278385487826604e+01
2.153262102762342636e+02
-1.096398535306502424e+02
2.149929320068394745e+01
2.461145446324184149e+01
1.345762684490270829e+02
3.089885899359014587e+01
7.751657479664437744e+01
1.136329549160407595e+02
-4.797587674229750121e+01
3.046910933198979166e+01
1.069632062335170701e+02
-1.100048196113145025e+02
7.737675556200946403e+01
1.041411363521002187e+02
-6.902235992453572067e+01
-1.825430630405272723e+02
-5.715100688357313885e+01
-8.551257495883673698e+01
-1.362175054616131931e+01
3.297364488284669903e+01
1.509387315907297022e+01
8.002240495859145142e+01
-1.640365914005625712e+02
-4.380394829489805630e+01
3.402677376478609261e+01
-1.062331571055569412e+02
-1.725790190362696919e+01
-2.278236675513076648e+01
3.627609054781613196e+01
1.683266047192929591e+02
4.579530243485423568e+01
8.040369965726009127e+01
-9.751913309357625792e+00
-3.482272052587909883e+01
6.179261244868983738e+01
3.110476955505288466e+00
6.603422681780917003e+01
7.727851871596676858e+01
-7.311633714178417165e+01
-5.148407764212587523e+01
7.202512828399663647e+01
-5.334532529194520833e+01
1.411043806920950772e+02
-1.165706107185335867e+02
-1.569551866436134446e+02
2.558876566669235331e+01
3.109616066073964546e+01
5.406087311011727081e+01
-3.010571142694537627e+01
-7.280300104575346154e+01
-3.121163896098203239e+01
-1.544229374874759060e+02
-4.857618687658742829e+00
5.558902831556425639e+01
-8.306026378817513489e+01
-2.740878040224007606e+01
9.809717688759577925e+01
7.038327626080740806e+00
2.009650272590466002e+01
-1.243753468987963515e+02
7.851632780325378747e+01
-3.142716092841456188e+01
-9.564311862282150400e+01
1.470311017041858648e+01
5.566744580772765971e+01
1.258586892207713817e+02
1.525443918434644388e+02
-8.135956374921697432e+00
7.777265624323594295e+01
-1.621870364509649107e+02
-4.930772845269227389e+01
-4.396909517460533579e+01
9.271687292556197235e+01
-6.677992344856502882e+01
-1.522207147610160121e+02
-3.316625261439924088e+01
3.850849685495492025e+01
3.315767577679308431e+01
8.481876007269325157e+01
8.854422271514130216e+01
5.687844084946664225e+01
-4.139307557176176999e+01
-4.499465734108026993e+01
1.395592266269642039e+02
-7.297742335733303776e+01
6.856256189237835486e+01
-1.105601279656993086e+02
-8.619488916231658138e+00
1.333746693230326343e+02
5.615752009265796829e+01
3.847763769244177467e+01
-4.041146741860745095e+01
7.697183755190462762e+01
8.104456153202905000e+01
-1.347348918744526429e+02
8.158008851853657006e+01
2.909012255016180504e+01
5.167413181751451390e+01
-3.500847017736136735e+01
2.594318329285687241e+01
-1.464759284171530567e+02
-2.163702835444201611e+01
1.517700234580689411e+01
2.344131458252543965e+01
-1.541133058871286821e+01
-6.738418428997235310e+00
-6.859986357610569030e+01
1.020071264147571242e+02
2.940248539874164635e+01
3.355218387539731140e+01
-8.277961140016129704e+00
-1.353619296385594737e+02
7.802959245686576395e+00
9.551865753794811553e+01
-4.526663848324373163e+01
2.823443164475742151e+01
-7.928912310361660332e+01
-1.305054651738500411e+02
-1.979056380205739174e+01
-1.251638183169288396e+02
-7.848251656628914930e+01
1.205223058032958505e+02
1.083188182084187723e+01
-1.980745775829666968e+02
-6.813163441898011286e+01
-1.706268541175867526e+01
4.029461110916896160e+01
-9.264392521679598147e+00
9.721128645489329756e+01
-1.807083387811005935e+02
-1.186198562715612610e+02
-3.789553203789101321e+00
-2.285396045763058126e+01
1.103588806858397753e+01
-8.700829682389041864e+01
-1.481339242708592430e+01
8.522790203517701002e+01
8.121580025274241166e+01
3.950898620695335239e+01
3.656698091205868195e+01
-1.247956929389379184e+02
8.585941290101109757e+01
-4.774971441311057418e+01
-4.611888962788287927e+01
-6.321100249362064005e+01
-1.815283746692241706e+01
-6.398778762556341348e+01
-5.666104070767973866e+01
-6.682519091537736244e+01
-8.704823422305346980e+01
-4.391846784870192977e+01
6.315124152267888036e+01
-1.832196666315388001e+01
-1.957485059355039780e+01
1.325249598425724287e+02
-8.848317093072466832e+00
1.116944782046375479e+02
7.271557356685924844e+01
8.238544430366906113e+01
1.035451749252329705e+02
5.050304758036421759e+01
-6.399186515961343957e+01
1.835583589364714783e+02
1.645873187399010362e+01
1.609963390258906202e+02
-4.373824116557880615e+00
7.289258973131401831e+01
-1.497635370081668427e+01
-7.868068836918888564e+01
-4.000466720140963162e+01
1.404827518058697251e+02
-5.537617835999139260e+01
1.220448783851471575e+02
-9.213858260557935864e+01
4.923440603037640528e+01
-2.827941074909536390e+00
3.292618994290919687e+01
-3.576937299699824280e+01
-1.146231666059776586e+02
-5.867750109099739930e+00
-7.196387307290370927e+01
3.142093565825289758e+01
1.205711949486023258e+02
3.585605745009615219e+01
-5.787476891696056214e+01
-6.971089419962991940e+01
-6.829715426511789644e+01
-2.197808574814558824e+01
2.218025294096193178e+01
-8.178630418092116372e+01
5.181338356390101296e+01
-8.685867420840195052e+01
-7.355127490986471628e+01
6.681667186358372135e+01
1.757567022904959586e+00
6.036347490779576219e+01
2.432255449047674034e+01
5.719883304776251265e+01
2.073644150775326693e+02
-3.771925697705867719e+01
1.051119183545756286e+01
1.727059878549629346e+01
5.846352563678621550e+01
7.742243664943930526e+01
-6.067088465071014269e+01
1.314948376670477046e+02
9.212981180638155365e+01
8.025371299412967119e+01
-9.596183339131961532e+01
1.021407160779273653e+02
-1.243391250078183816e+02
-7.308990942697589333e+01
-7.888296511276003287e+01
1.800091913798982262e+02
8.168476075329844832e+01
-5.086482030371645635e+01
1.019527784879905141e+02
-3.344405840990616952e+01
-4.950494109807153364e+01
8.230137386830162427e+01
6.047529222195695553e-01
-2.078082743471946685e+02
-1.050867747165356718e+02
-8.184282941435007785e+01
6.845890668566989579e-01
-1.628449391049987298e+02
-7.832378368226900989e+01
-1.681964589681472830e+02
-5.767084902073843722e+01
-6.567990301408127607e+01
1.152626242164882200e+02
-1.151008731362694988e+02
-7.164073104515279056e+01
9.378232852138592079e+01
5.821247399262745148e+00
4.169152580122510443e+01
-8.429148734117209329e+00
3.126240492798965676e+01
2.119535867957326403e+01
1.943788426097383493e+01
-1.548522226419808305e+02
3.026395058772672897e+01
-7.169848597212141783e+01
1.230623623231038977e+02
-9.394110566190109068e+01
7.338417919260673727e+01
-1.313528031163692322e+00
8.885383981925470209e+01
1.133796858989067431e+02
7.772149291894406531e+01
-2.174658514167485635e+02
1.384015500334176920e+02
4.505628622923456561e+01
-3.051317026318013603e+01
-7.778270037178853613e+01
1.238255751183970261e+02
-3.579461247610235830e+01
-1.783108380244197804e+02
-9.603926511620838369e+01
-9.854557057043511747e+01
5.916916857889648051e-01
-6.873866178513882375e+00
7.763467898467546036e+01
-3.619927736369299964e+01
1.510150625273478227e+02
3.966423460111069943e+01
-6.064635339949446546e+01
-6.377278143180973302e+01
2.361478003280635818e+01
8.063593247052208923e+00
-3.424421516624195760e+01
-7.669298636925016410e+01
5.448003078835970570e+01
-9.418591414536413708e+01
-9.985726488030012149e+01
6.439732154947644460e+01
9.654955932932084295e+01
-1.138908098780177625e+02
1.481078116964105895e+01
-4.620292418329450257e+00
-1.588204894717444233e+02
-7.262999969642955023e+01
-1.306920361164484401e+00
9.883627889632249719e+01
3.606370996609276602e+01
9.120270298817486321e+01
7.707482506000745559e+01
-1.394427828306102981e+02
8.695636784092767968e+00
-4.937034267343878469e+01
9.685625766278174353e+01
4.633429476981122974e+01
4.803946057006837123e+01
3.939422908527672718e+01
3.876112765916607117e+01
-1.257741219794487648e+02
-1.807980079859255085e+01
-5.296564131878501058e+01
9.573229036544381643e+01
3.446892396363917044e+01
-2.307129566337229392e+02
-1.050673096425133046e+01
4.164659880721743690e+01
1.888150292526715361e+02
-2.464145883402026698e+02
1.084393899841888498e+02
-3.918374810966878385e+01
1.487056218340542841e+02
6.334509626806749338e+01
-1.166939490607457230e+02
-5.815705220867225478e+01
-8.389007300777187481e+01
2.256132528374627100e+01
4.417768765250215068e+01
1.095504386313380962e+02
-8.945386509175071410e+01
-1.508780490512006907e+02
-1.067821401325730051e+02
-3.491807396911100625e+01
-4.630068042194515954e+01
-1.226278149376665993e+02
-5.803975381026731384e+01
-5.853087685627968995e+01
1.320266509449750458e+02
-8.346794747662409009e+01
