1.370321580803245638e+02
7.850461101601166547e+01
1.441650075598401202e+02
-6.493850015330157532e+01
3.963929935761601797e+01
1.529292065731228831e+02
2.721593477640479364e+01
8.545857178322651748e+01
-8.903427352580584042e+00
-5.002115180511309234e+01
-2.715282284901017817e+01
1.297130240977641336e+02
2.174738707900458312e+00
-3.878443574522023596e+00
-8.648708742959200890e+00
8.093282583906557193e+01
-1.544807986206584438e+01
4.418982814914349433e+01
-7.409092604041920538e+01
-1.992438214935162222e+01
-6.752214501904909127e+01
-2.675134214035760394e+01
-7.898132155846319336e+01
-5.784475381625101420e+01
2.103915200632494020e+01
1.796715109595021715e+02
-4.164431857412129290e+01
-5.156067975605670739e+01
-4.825249960226745571e+01
3.541889514609660239e+01
-3.698251693890948388e+01
1.741518467620917221e+01
5.505412460379800876e+01
1.310398707188687872e+01
-3.245229171847264382e+01
4.809239173355186026e+00
-7.477207649683154500e+01
6.689100992902656628e+01
-1.436884012679880698e+02
5.007793821853628913e+01
1.390921206697011883e+02
-7.073513469880309046e+00
1.302516708239320167e+02
3.527208535200981032e+01
1.958896787693338695e+02
1.253872131685196081e+02
6.748976409856319947e+01
3.622922219666262045e+00
5.880350936595930023e+01
-7.375838651045474137e+01
1.086412230814949140e+02
9.204280437036949536e+01
1.039020425197424657e+02
2.633371856198303718e+01
-6.830652766628267614e+01
5.628675972130918836e+01
-2.073040281415427089e+01
-1.602514086913050448e+02
2.334378386540808492e+02
6.522367159778950452e+01
6.484499895363423150e+01
1.258612357400940311e+02
-5.367224848811612503e+01
1.979222493607991566e+02
1.242692405236744833e+02
-3.163164516369991297e+00
4.547470156121059759e+00
-9.709930967783986944e+01
-4.969877614279647560e+01
-1.079380848177857644e+02
-3.132307088315888421e+01
1.025517618486295106e+02
-1.219568913495538567e+02
-8.195166646109504427e+01
-1.709242472444021246e+02
3.543881842066147669e+01
4.053127871272496208e+01
-6.159791120750727345e+01
-6.040114114212181562e+01
-9.168317630923387185e+01
8.656164228990351717e+01
-1.230739619844464450e+01
-8.519196748055789215e+01
-1.031301934549838961e+01
3.851024650237318525e+01
4.412630020578572498e+01
-4.320587832355362679e+01
3.365146203932423674e+01
1.305126562433241020e+02
8.184825535046822154e+01
7.268710936384560739e+01
-9.926222108838690872e+01
-6.450904163831224025e+01
-4.041838191382788636e+01
2.888779172428688113e+01
4.768969550588433037e+01
-3.511546592117625210e+01
-5.339368145055663462e+01
1.551655670774220042e+01
-3.642369891947252114e+01
5.597218545795920619e+01
1.008516544921792786e+02
-9.228218884172161296e+00
5.051178511221013423e+01
-6.899605734892129760e+01
-2.876307783175911936e+01
-2.071151445802833280e+02
7.569743698622286843e+01
-2.151676629210503222e+01
-4.869669505964319001e+01
2.377770807509140525e+02
-1.074809600847594027e+02
-6.777517836030000353e+01
1.008918278387528211e+01
7.289615534630381433e+01
1.107121430389171195e+02
1.108557914108182700e+02
-6.658719013787926144e+01
1.394258598966162594e+02
5.812452152961724039e+01
2.080817862822518549e+01
1.281569034646634542e+01
-1.688067143593820560e+02
2.369680948858739811e+01
7.232451830888987843e+01
-8.109774776414043984e+00
-5.669922988295047617e+01
4.438971021564887565e+01
6.020054186959971076e+01
7.729978727894341262e+01
7.079729184454699009e+01
-2.180607801124720524e+01
-7.130306417453289214e+01
-8.384269255845454438e+01
-4.282632011827839591e+01
-1.406676675842512623e+02
-1.275714802615610637e+02
1.373352683524310294e+02
-3.523418474726910432e+01
6.360758751051206694e+00
1.848554370842392416e+02
1.704603466863949564e+02
-1.066923282069453336e+02
-5.624337459001039718e+01
-2.473123572092023537e+01
6.081458262744277476e+01
5.700126395548235791e+01
5.502737823548790885e+01
-5.578745511958790360e+01
-3.107133724161054289e+01
-5.509111813690145709e+01
-1.453970524977896339e+01
6.246700630181631198e+01
-1.053732673061352099e+00
5.428892971307465842e+01
1.333789978562808756e+02
-7.056557096822237440e+01
2.744987804815679056e+01
7.174430289715510867e+01
7.888227616523052177e+01
3.324067105204590433e+01
-1.107786191252651093e+02
-1.749953977442790460e+02
-7.502299033884873403e+00
-8.510269025325457903e+01
9.295707304906659374e+01
1.701516105802256362e+01
9.145813085393656650e+01
-1.051744434139577500e+01
-9.853756801704975032e+01
-1.402538869838434152e+02
-1.842124876221322722e+02
1.483907511787103850e+01
-1.065341887141991037e+02
-4.372117869597904161e+01
-1.464938243615355020e+02
-1.022428006223862695e+02
8.438084180455246042e+01
-9.184666176472896382e+01
-1.277389400249845863e+01
1.520215216725460721e+02
6.566952044427121393e+01
-7.105715438218213365e+01
-4.984769172795994052e+01
1.448185383535750645e+02
-3.366008319767914969e+01
-2.103008598681383745e+01
-7.799382952265709434e+00
3.550154878373021461e+01
3.027542327377483389e+01
2.312229975631035472e+02
-1.411102924729606478e+01
1.388768862864157825e+02
-1.109577986420566731e+02
-1.807483876544569341e+02
6.506159603315722073e+00
-1.421356872526561119e+02
-6.120406876717211730e+01
-1.768307844663269179e+01
2.267772458719698747e+01
1.246681096293651478e+02
6.804312582464059744e+01
1.318423217860051295e+02
1.247561448881123738e+02
-7.724485817265242815e+01
1.276647583009315241e+02
-9.602141481440430937e+01
8.204934798758651837e+00
6.972929626953093418e+01
-1.746604435716357955e+02
5.826248378129113092e+01
-1.705581343444568461e+02
-1.832390793016558206e+01
3.475107173569539754e+01
-3.584245811139697935e+01
5.010234815824564691e+01
-8.105925448698836533e+01
-6.884513456716913993e+01
2.209731029137812541e+01
-1.460334908183803293e+01
-5.371738941223231478e+01
3.916012262170571034e+01
-9.055078885891376217e+00
3.501429654860779839e-01
-1.603999607827357750e+02
-4.073730743311639202e+01
6.683785932927922602e+01
2.014998095299294789e+02
6.623809532176760229e+01
-5.671344713280030092e+00
5.542981120949978902e+01
-1.489344811537355326e+02
-4.338743272577726628e+01
-6.715949948129267000e+01
9.390162598221911594e+01
1.003528252497230255e+01
2.732327016866696212e+01
6.426799131942779297e+01
1.374045119233617918e+01
-1.874659303866891378e+02
6.688936736819273676e+01
1.011232959126858759e+02
7.105243542867370365e+01
2.586832302849906000e+02
2.758974826788960399e+01
-1.015818533457529753e+02
-5.910727394601989459e+01
-4.652247633087483081e+01
7.965274512620538871e+00
-1.634953529812319175e+02
-1.051124523830149684e+02
1.837976169269487059e+01
-1.090593942716796079e+02
-1.506385330911307108e+02
1.515557533502137666e+01
1.717118230234365939e+01
-1.517301848952588728e+02
-7.912147200495246580e+01
4.900883994184014369e+01
4.347525609470955743e+01
-1.034508471989438476e+02
-3.682499535638567778e+01
-6.975124523692088019e+01
1.212133873882915935e+02
-8.803664097969512170e+01
5.557319052558088401e+01
4.426019386801429256e+00
1.899011454773278729e+01
-7.486734489188678765e+01
5.090746623828569284e+01
5.931413921620872287e+01
7.006760148836785618e+01
-3.339559620901643910e+01
-1.073088781791033242e+01
9.670037834474669580e+01
9.901549883210096326e+00
2.859421039848612267e+01
1.684437334565985767e+00
-2.600870502569393228e+00
1.538050813589671861e+02
-1.756821687975626389e+01
1.193433392090237888e+01
5.214164179922994080e+00
-5.211031465201718049e+01
1.075164541363374298e+02
-2.703402417197696916e+00
8.913436847426751797e+01
-1.587529338791258127e+01
1.001775667982865912e+02
3.668527109802848685e+01
-8.319959823402160737e+01
-2.101563777374844122e+01
3.670054235734119885e+01
-7.342331472736086440e+00
7.809471197216960547e+01
4.604273498574047352e+01
-2.330917352742208948e+01
-2.022839822840074078e+02
3.233274064752368560e+01
-1.459565863977345828e+02
3.659066065506435450e+01
-1.774617152185855673e+02
-6.590979300225235704e+01
3.206702578548076588e+01
-1.993765375399276252e+01
-3.397518287408991533e-01
8.762610972834989909e+00
7.693092148557276744e+01
-1.716066392468881645e+02
9.189726616287440208e+01
1.302357740341585952e+02
1.269981879064758772e+02
-4.119780912669433803e+01
5.567451691590370189e+01
1.484958255619317491e+01
-5.697598827539489719e+01
-1.158983112030973643e+02
-5.183723090682198276e+00
2.278300084347408117e+01
-1.038284326966395810e+01
3.125580030018654654e+01
-8.985059967487177346e+01
-2.488271081160718268e+01
8.254220637523620496e+01
-2.174763797014272200e+02
1.255138643459174261e+02
7.209971072128699632e+01
-8.134108728416624245e+00
-1.090641848537554210e+02
1.409096434799464248e+02
8.341280763972870105e+00
4.127576282844285060e+01
4.591218193417495819e+00
4.944238762043828928e+01
7.254441295398752487e+00
1.641471284152761889e+00
3.963539851022047600e+01
-3.219542085140614773e+01
1.211221263592738779e+02
2.486497525861956603e+01
-6.406449510772831957e+01
-6.861038959503306955e+01
-8.667402356562041632e+01
-1.332107500706241296e+02
3.851093348550008955e+01
8.527121121007537852e+01
-2.355577625848194145e+01
4.963357523477910860e+01
-4.110453464940687240e+01
-1.378131608582526155e+02
-4.137045042640410841e+00
-1.874292307134858726e+00
-1.815420342496447006e+02
8.360687006717906655e+00
9.232626081228022485e+01
2.977696493742121930e+01
1.600042682751868597e+02
-2.119675728913678938e+02
1.101191845815671826e+02
6.149491589026439442e+01
9.028367176134017313e+01
-1.353731838364646478e+02
-1.240703431374788757e+01
-9.561986464694781418e+00
1.741558902900343924e+02
-4.422131783522175397e+01
9.545313019551201705e+01
1.818565288597944800e+02
1.390888103780450535e+02
-3.602761565992678161e-01
-7.171088105507229216e+01
7.027607167280642386e+01
2.024853978486105177e+01
6.657112103165324868e+01
1.254644678207464210e+02
6.488326363198247293e+01
8.578169566665422963e+01
5.246288881298995221e+01
-3.855795272529864093e+01
-4.710739639683606583e+01
7.456020226912413307e+01
-8.932858714810851097e+01
-9.396186874272082434e+01
1.129541594669915980e+02
-2.077925858265941983e+01
-9.144257210916242684e+01
3.994295374858463532e+01
-1.374020787689489680e+02
-1.159592535305411900e+02
3.231180263776806783e+00
1.092652409477520621e+02
9.838856786041903035e+01
7.816924337683526858e+01
-1.076572062068176017e+01
9.196894871442420083e+01
-1.258412592307708451e+02
-5.875096655255922684e+01
8.859987669846550773e+01
-3.265657292903599540e+01
5.280527610490670298e+01
3.537990463186754653e+01
6.916876004801164157e+00
2.643251288637294749e+01
6.028265345832070921e+01
-1.021306077138585167e+01
3.770940313532859989e+01
-9.089582481716225004e+01
9.239287888411260496e+01
3.447252920046688018e+01
4.666731767863631752e+00
5.980239792327522785e+00
-1.598751321786122617e+02
-8.561051053358649909e+00
3.958541004531117125e+01
-7.100120902883554663e+01
-4.544544490518143931e+01
9.559812333151408836e+01
-5.396728541466935525e+01
-9.201409428249340294e+01
7.948334703954620828e+00
-5.550431737325320114e+01
-1.713891519222772217e+02
-1.351390548281779331e+02
1.550564704143399197e+01
-3.146718857038295880e+01
8.083264835923370129e+01
3.870904304053245681e+01
-4.955562896532435424e+00
1.054442242341101945e+02
6.189898981396449074e+01
9.454818996072928527e+00
-8.346256128673090302e+01
1.341570964566274426e+02
-9.400243139943691517e+01
6.082855324346664361e+01
-2.704758893924134000e+01
2.562537828105354620e+01
-1.590553460764583917e+02
2.400143305347423706e+01
3.841752738808291667e+01
1.450829863302918454e+02
6.865206165323493792e+01
-7.590182422795929540e+01
-6.104066529604693869e+01
-1.164446133123279310e+02
-1.164892032826961099e+02
-4.634792307586155857e+01
7.719471597661805617e+01
-1.046380026458039403e+01
-1.072361376432375550e+02
-1.323471743208894509e+02
1.523889417765156793e+02
-8.585558471522166002e+00
-2.389363390678017041e+01
-1.611482837412987976e+02
-1.113336984025159069e+02
1.341725617265972232e+02
-2.448409575759093215e+01
-1.572400201308127521e+02
-2.300127798863439210e+01
-9.821070583166223855e+01
7.410780837767586604e+01
-7.212401295355422803e+01
5.009160188339237862e+01
-4.268349567968071057e+01
7.932675172893182136e+00
-6.191381446007125255e+00
1.202422214041364299e+02
8.616908508142020651e+01
-5.938637784976354794e+01
-4.413381374340545449e+01
-1.871462814591797752e+01
6.200383741472925436e+01
3.758326669574474721e+01
2.684619401369617364e+01
2.643823807203542486e+01
2.032737286225816220e+01
1.825411965938198433e+00
-3.849247329474067003e-01
6.572609795411189282e+01
-1.639870365114355479e+02
6.493671971227598760e+01
-5.182392796294492854e+01
6.383075900733521024e+01
2.083466982582999094e+02
8.255051460567533184e+01
1.295612539460737196e+02
1.709785934046784064e+02
1.231401058828068074e+02
2.917784950429657442e+01
1.015994846992985288e+02
6.448185810212821423e+01
4.306559779515954034e+01
1.120578038845507329e+01
9.101997771564624884e+01
7.132256901399028948e+01
4.842544426832313320e+01
-8.050587076783681084e+01
-8.077652855170420310e+01
-1.087962071094747785e+02
1.507094413912598974e+01
-1.591675303793150142e+01
1.800039840335509567e+01
4.240845998566755526e+01
9.736772934606410246e+00
-4.372900522501097242e+01
-2.056260398237611398e+01
1.481297676431305632e+01
1.262616849054195143e+02
8.256452793012063296e+01
-8.266054482690682903e+01
8.648625327992401424e+01
2.465671812099004967e+01
6.811859098527695267e+01
1.696449457573546482e+01
-2.514344967737066616e-01
8.690790182433023858e+01
-7.299992613983768308e+01
-1.424274804759236872e+02
9.488357338627380955e+01
-5.473295384907172689e+01
-3.458163911112207245e+01
-1.955583616757985510e+01
-5.925500969532740214e+01
-6.210903309782533199e+01
-1.042226197641493179e+01
-4.034920547284185943e+01
4.792858306850955330e+01
6.451551296732707996e+00
1.653330441299393669e+02
-9.435195615196173335e+00
5.124465990805654059e+01
1.523912687613901262e+01
5.781899490277741904e+01
-1.058396943211672010e+02
-2.473018696055009968e+01
9.105761784406510628e+01
2.519290648209876693e+01
-1.872082678519332077e+01
-1.171268862638432040e+02
-8.874337328920542234e+01
-1.500345908739982406e+02
5.663019196360799867e+01
-1.482466791463864411e+02
-1.681092271773967184e+02
-5.487971695016111084e+01
1.541855122513017591e+02
1.543580404595048208e+02
-8.596800874733932574e+01
-5.992750459751971448e+01
-7.264512237587891441e+00
-6.828985231352899632e+01
4.586708215900986829e+01
5.894833268733481191e+01
3.662287379129284659e+01
1.054901283493755386e+02
-2.080312947627662936e+02
-2.362500089774530210e+01
-3.953026699718248604e+00
2.257089038116285806e+01
6.258737333986867668e+01
1.357911208658592557e+02
-2.899575636197582629e+00
5.552979378680377209e+01
9.024958828512646392e+01
5.472540718766521195e+01
9.951497401516131447e+01
-9.381004638812956387e+01
-8.275597379611980386e+01
-1.199607752685864703e+01
3.909243188567027971e+01
-6.211186009590625901e+01
-1.403992429069035666e+02
4.594167964569306761e+00
-9.138344402700923297e+01
-1.789626726352852586e+02
-2.549479290450959468e+01
6.339858364575319882e+01
5.823581551562906355e+01
-6.810365206908009839e+01
-1.447181023934776363e+02
-6.258171300138258175e+00
-1.046319188918031955e+02
-9.519090194601240285e+01
1.289983688068861625e+02
-3.000134556899656602e+01
8.974143996532217216e+01
9.585442813960096942e+01
-1.707740888307080525e+02
7.800287687022131422e+01
-3.878453183530751858e+01
9.644014628902085917e+01
6.141228947033224728e+01
7.395668135445426117e+01
-1.713858813566061912e+01
1.165714203264949731e+02
9.583639243513420070e+01
-1.996355756967489725e+01
-1.642397891677614297e+01
7.323996692444607959e+01
-1.474899839249653439e+02
-1.082063808274262762e+01
-1.317116806872491885e+01
8.379649222273975795e+01
7.102774834003437832e+01
-5.209813063714874204e+01
7.771325841079716668e+01
8.718646837013339734e+01
6.767997846363543601e+01
4.623392498268864870e+01
-5.508185868059743484e+01
-6.917148745905427631e+01
6.361992199843079021e+01
-2.891692587524899238e+01
7.466345067228444066e+01
-1.020289552305460603e+02
1.119274459540562106e+01
-7.269702094777414025e+00
-2.709330028159147474e+01
4.263605423882993506e+01
-8.113528322470101273e+01
1.784919686493472284e+02
-4.826334611624494286e+00
-1.375957144948198447e+02
4.238777222305908765e+01
6.473538147615678895e+01
1.614039671251017012e+02
-6.463380295569909606e+01
1.132884901585393749e+02
-3.025946296694526083e-01
-3.321569649348353082e+00
6.985713974574917984e+01
8.712450408073898700e+01
-7.962299291052671890e+01
1.427307680038020976e+01
-8.508251775356910684e+01
-1.159299231685558311e+02
-4.509589277085898829e+01
-4.973955705263205829e+01
-1.180187361512671913e+02
2.223480595850293895e+01
2.197239102534044832e+02
-3.641974064128074673e+01
9.798042964494554496e+01
-1.074140492486417031e+02
-7.336668307205501094e+01
1.518623844851144895e+02
-6.389479181422470333e+01
-4.406043414829412086e+00
5.855071974960362979e+01
3.420549382903311120e+00
1.707893682540215252e+02
3.335331877670744660e+01
-4.896610248560623546e+01
-4.536931954622516372e+01
3.215333219395593289e+01
-1.593618248624346201e+01
6.652045441432883877e+01
4.588361316617766761e+01
2.490246931782989748e+01
-6.458088254655934612e+00
-4.623829412059308908e+01
2.052130705596749749e+02
-6.817263008669031876e+01
-1.088261314367954924e+02
-4.620177535107622901e+01
-7.950593083846230513e+01
9.336380267610442729e+01
-6.934409695457551948e+01
1.200409388874609533e+02
-1.602248188457411970e+02
-1.011139631292957830e+01
1.430573455729665682e+02
5.756660715215339508e+01
6.414245882281910838e+01
-7.975240196341229648e+01
-1.194931610417273404e+01
7.354324355798696899e+01
3.471576874240194144e+01
3.964148428871254737e+01
-8.940622159923984213e+01
5.425457824852159661e+01
-9.737207771374914955e+01
1.563183096481508585e+02
-2.470564784345594944e+01
-1.708018571673388806e+02
6.181954676802417481e+01
6.244669351212694153e+01
9.316117724751622475e+00
-5.315594486224567206e+00
7.582259141531928037e+00
1.354350914913169959e+02
4.848350755125663625e+01
8.273648206469678712e+01
-1.490988943849648081e+02
-6.283105834847744831e+01
-2.155286505437284461e+02
1.238567493313608736e+02
5.898162187947477264e+01
2.727022766949114541e+01
8.314492657969271505e+00
-2.818949351267620074e+01
-1.170912283447855202e+02
1.201205954049949582e+02
5.318639692742768688e+01
5.318759469946844831e+01
1.780788218957526370e-01
3.895272473753183640e+00
3.758360642154618514e+00
1.562710664414773589e+02
-2.033705959394936258e+02
1.048636904633239482e+02
7.637621953725466994e+01
1.225901345617140237e+02
-6.104089783662841029e+01
4.445344364730328124e+01
9.815368331147863046e+01
-1.338956539717489136e+01
4.553899759625916310e+00
-1.340055190143854418e+02
9.469247566602504662e+01
-2.490084248058221661e+01
2.227328485824449089e+01
5.487272156688781166e+01
1.151207859765521846e+02
5.492774704825376375e+01
1.730386871336249754e+01
-1.576690779237424245e+01
-1.616140211885678468e+01
-4.300189552937953152e+01
9.375474212892004289e+01
1.181062749402369718e+02
-8.392207750757295059e+01
3.969721485196973276e+01
-1.082845776619720368e+01
8.591452269423027133e+01
1.105078854815963325e+02
-3.381777895539951118e+01
1.969356776194109102e+02
-3.037101210603495360e+01
-1.359229842055883068e+02
2.657443348650781445e+01
-1.783557088600408846e+01
-5.162356776496748978e+01
1.454222866495985329e+02
-1.660269729141685957e+02
8.859452610461558208e+01
9.471881176063741137e+00
-1.435733560049468061e-01
-1.697748170120616464e+02
-3.460746898567695240e+01
1.009895416572875035e+02
-8.474920008850419606e+01
-9.133927894664904557e+01
-1.314481918180652542e+02
1.073605660275880922e+02
1.390218233822693605e+02
-1.326847530827091148e+01
2.135995309506755291e+01
2.766937201784433142e+01
1.372527930437470367e+01
2.728147041262438321e+01
-3.354414853937177554e+01
1.131912995525911612e+02
9.158864822744975243e+01
-4.686646142407991711e+00
2.110215039350250166e+01
-2.471843275220129854e+01
-3.981770107164089012e+01
1.198675462837503289e+02
-5.331865764720823186e+00
-5.950154597075582785e+01
-5.652715308176161102e+01
1.153258374913463911e+02
8.555981353250368215e+01
-6.123720655721999861e+01
4.385598883296340489e+01
2.993043962974818228e+01
4.402262258776450388e+00
1.337321079802174673e+01
1.923704359058997113e+02
1.100023030860039199e+02
-2.639138046282998307e+00
-5.760205712460138017e+00
-8.722187631448544209e+01
-1.149485670957858900e+02
-6.036779604705726854e+01
-3.545746547231158274e+01
-1.860898322135090837e+02
-1.240030001036231369e+02
1.195486798771509456e+02
-1.843008833107489579e+02
6.789448305575968234e+00
3.081395057453144126e+00
-3.050295304798535412e+01
9.609587800914596301e+01
1.397042624041617671e+02
-2.612642880315169691e+01
1.444466887735939338e+02
1.598769056949383298e+02
1.269860146059720876e+02
7.946208139899843559e+01
-7.971917978557895879e+01
-9.212518147445794003e-01
-2.025041167472002002e+01
-4.844954893494887216e+01
1.800178447411999514e+02
5.736380517293414272e+01
-3.938020297127832947e+01
9.421506179512911672e+01
-4.805054850792554788e+01
1.202270654764401030e+02
-1.534515435594270016e+01
-4.551477978045458173e+00
6.441676204964005592e+01
6.587591102098610918e+01
1.498036325887423175e+02
-7.009334789243041541e+01
-1.788671171445566799e+01
3.930712551581394543e+00
-1.121928881980209809e+02
-1.175828698830576826e+02
-2.352769505056754085e+01
-4.627279984548218650e+00
-7.377671889505960223e+01
6.282100412742903472e+01
5.609533961579328931e+00
8.162232941698152899e+01
-1.952608272796043707e+02
4.644460924432533488e+01
-1.895722263154179927e+02
-1.378332994870508230e+02
-6.960827266300364613e+01
-9.729344210641515645e+01
-1.248497608665353198e+01
-7.627166421671138608e+01
-4.067920760466252972e+01
5.303857947110918758e+01
5.319509420656114429e+01
-2.932518840289213813e+01
-1.257866294641457472e+02
-4.052572596123217608e+01
-9.736981747889954875e+01
-2.521289226055219146e+01
1.095982396318233896e+02
1.130817243816085806e+02
8.121750446873637941e+01
-1.967936286464522198e+02
-9.621042505817507617e+01
-5.438961335316906798e+01
1.122433356513513445e+02
-5.515014901341274367e+01
-3.118774097803007450e+01
-1.492215702140397298e+02
-5.205302917155742648e+01
1.902733597131513932e+02
2.952318933173478754e+01
5.562621479517527234e+01
-9.358213132602719497e+01
-6.705921526224292961e+01
-1.892689420271343437e+01
-9.365919217803669028e+01
4.382977437838906098e+01
-1.056669503324507957e+02
-7.240170885263684397e+01
-5.971789093095910772e+01
-2.002557657378380043e+02
3.156746558995563845e+01
7.699980060890226241e+01
-7.536735779296022031e+01
1.127504592667306298e+02
-5.174592135652157765e+01
-2.491767060755073260e+01
4.907397303471228156e+01
-1.244426312610882590e+01
-1.230391011798996459e+02
8.501770413540425864e+01
-6.138393286934847737e+01
9.059033092112102281e+01
2.360896968912823723e+01
1.340680400874631744e+02
-1.734103576452850604e+01
1.028686654265588913e+02
3.216887663530825137e+01
-3.983712429263405141e+01
8.816624709173292729e+01
1.734543583327848069e+02
4.978407552572610228e+01
-1.233386106844420311e+02
5.101303155935669764e+01
2.420641024245959727e+01
-1.357418103048734395e+02
1.611287215501095460e+01
-5.459845580121548636e+01
6.711110012384975221e+01
-2.324689250113591044e+01
-5.154703006063444093e+01
6.910314333313333179e+01
-3.637173565870455150e+01
1.943724917380002637e+02
7.724619502535597348e+01
-1.333510601095366894e+02
1.134839173147820368e+01
1.494036975391423105e+01
1.449527839450856845e+02
-1.613772362097694781e+02
1.121478167101760164e+02
5.970941956862189670e+01
-4.281361688437299051e+01
1.051521450776567406e+02
8.376719381983576795e+00
6.438941882393631033e+01
-8.203268325864652866e+01
5.694519295562887606e+01
-9.798985238079247040e+01
1.443863149859755310e+02
9.582285459880814926e+01
-1.008878499028069911e+02
-4.283985093606055727e+01
-7.313188387156213821e+01
-1.350129726380367572e+02
-8.552451801261790365e+01
1.305828434476731559e+01
3.382921034689709927e+01
2.286048520222704283e+01
-7.402209535455529021e+01
-1.264610450317858152e+02
-6.809910434172634552e+01
1.083884019993623014e+02
-5.675068902092782963e+01
-3.187565900283687981e+01
-7.068011080659407241e+01
-7.565590634095646294e+01
5.532500978820891646e+01
1.120200540977607346e+02
-4.100768357755541160e+01
7.853253509363222307e+00
1.867599153582948546e+01
2.003677915048904197e+02
1.487252192727887632e+02
-1.110034160306919375e+02
-2.664181407163012594e+01
-1.583108039122228661e+02
1.236536996718705836e+02
-1.103373129397054129e+02
3.265691047539850400e-01
8.963560887029680657e+01
5.900529801538790053e+01
-1.184194189487859603e+02
7.995899841836681787e+01
-1.418466467414570786e+02
4.892601743904726419e+01
-2.939437146791525635e+01
-8.692888117302818785e+01
6.805086002331962902e+01
6.205271295668604381e+01
1.785341786089150844e+02
1.049840621637230953e+02
1.552347539185190506e+01
-1.593562541923652418e+02
1.372206488867436036e+01
-4.959286161916261904e+01
1.229810142925669965e+02
-1.324468931983174400e+02
4.548658561385826005e+01
-1.205825057976004757e+02
-8.599641142803629634e+01
-1.083993041267809616e+02
9.447153815150669232e+01
-4.347826915179842189e+01
-1.329620731619225467e+02
-5.033515390812867452e+01
5.316824220684805624e+01
-2.348303476809897039e-01
-5.205331451639875695e+01
1.449485352369823374e+02
-1.046419361059154767e+02
1.658764338698300733e+01
-8.012264966428411128e+01
-4.496978580650171864e+01
-2.657175266646045486e+01
-1.329898183326463368e+02
-7.836914424283136782e+01
1.299426031617306023e+02
-4.121798524994787272e+01
4.968991544565216145e+01
4.849781404112837180e+01
-3.692888586478058244e+01
-5.741302872494911114e+00
-4.547237536166829130e+01
8.853396734675703783e+01
1.507857723557221448e+02
-1.172671139979268986e+02
6.763909106861373743e+01
-1.950034456496886293e+01
2.261050372347554216e+01
1.271272854072874736e+02
9.404815640636024909e+01
1.295105558628771725e+01
-4.070484060297330586e+01
