-7.359255747168745643e+01
4.107500547103003186e+01
4.065170909675608613e+01
2.277885800332611765e+01
6.307392744996010236e+01
-4.598762231945286061e+01
-1.057782831522708591e+02
-7.341378280238720322e+01
1.955576919879328912e+01
-3.277953346839142768e+01
5.250496438896517049e+01
2.601843692483739545e+01
-6.546004364927578933e+01
-7.875777807694977639e+01
-2.274111317942758248e+01
1.454622105710652136e+02
-2.613341998046377626e+02
3.365785682077516583e+01
-1.079660052334686640e+02
-1.170375100022970258e+02
-5.075512444811140611e+00
2.653364337433549380e+01
-7.370928632448465123e+01
6.633942910494391754e+01
2.226985807071478405e+02
-6.043280611692135373e+00
1.066477468366269932e+02
-7.212243658163320248e+00
-1.901208558284461105e+02
-2.853181364178421120e+01
3.810483477188444112e+01
1.198066620566134048e+02
7.957273060656658004e+01
-9.651315163035638989e+01
-1.668578288860772432e+02
-1.443348729056769457e+02
-1.739558210893051182e+01
-8.387675683299967488e+01
9.528378103516870112e+01
-3.060849305781372820e+01
-7.559353270619819654e+00
3.836330207131234005e+01
-5.794208877436348359e+01
1.337278157206241502e+01
1.168210640405011560e+02
-1.179704766071112587e+01
-1.163594050671398072e+01
7.278545253483157751e+01
8.626438106228113156e+01
2.501169309889304415e+00
-6.279128156025309693e+01
-2.492411030158768526e+01
-7.172529364313410838e+01
-4.813872408614219722e+01
-5.468211959523614496e+01
4.912853616993746186e+01
7.609235630402120876e+01
5.329619988363719862e+00
1.152001304279123417e+02
1.588976110324668127e+02
-1.932322091843385437e+01
-6.881899635135765436e+01
-2.906078009816343410e+01
-1.827918269787019767e+01
-1.669543685051997173e+01
-3.205321380360457084e+01
1.496162256749573487e+02
-8.933286531777699224e+01
1.305118052093611425e+02
1.483181907293798574e+01
-6.974066586912281096e+00
5.890588970638584776e+00
-1.407698776873802444e+02
-9.678954656179054439e+01
7.338194796207930803e-01
9.574762748203556839e+01
5.301204839572289274e+01
5.714058091720981025e+01
1.029782772993791085e+01
-1.059262358547033500e+02
-9.094638639301490457e+01
-6.221394848717590520e+00
1.981310522391341777e+01
-3.931932271286252245e+01
-3.418368518633744202e+01
9.016066568767607237e+01
-1.025065438011656056e+02
4.882768368612904197e+01
1.500138099684512554e+02
-2.068115903100956388e+01
-5.797399665648752176e+01
3.641801568681451329e+00
-9.060083564895105468e+00
-1.107306943286095162e+02
-1.519578285493342484e+01
1.222814230278039815e+02
5.076170554228016130e+01
1.216406533265291330e+02
3.291466707751667542e+01
9.615395426507493681e+00
4.267304616667708927e+01
-1.673359285135773291e+02
2.509341272754088337e+01
1.088016806019404470e+02
-1.153215329153787820e+02
-2.964899217966396350e+01
6.955127716090649415e+01
3.765779198504843439e+00
-1.051871720756560968e+01
-7.166735326409039430e+01
-1.741329150077881138e+01
6.661281473434060274e+01
-7.521578069649764586e+01
5.277152356812845824e+01
2.783724655653554692e+01
-2.924442335983040664e+01
-1.294176207512034296e+02
2.625281497521265450e+01
7.824504417568111103e-01
-2.984305810328999442e+01
6.741733434478459230e+01
3.159975646774122282e+01
-8.933148889281037341e+00
-1.002604935298507769e+02
1.012156269460948721e+01
1.234938800408254451e+02
-7.134847572077958944e+01
-5.762458690187911259e+01
6.305082340239199823e+01
-3.194562836196129751e+01
-1.431786452569999142e+02
1.852097303311679468e+02
7.103354987873576931e+01
3.987100165477909997e+01
2.119309188011508525e+02
5.905638053609867910e+01
1.246657028631349391e+02
1.001498234598724792e+02
-4.731775594369480586e+01
-1.057385520124122280e+02
7.531589499204899596e+01
3.942180782436156505e+01
2.431429005569091917e+00
-2.620252355140458178e+01
5.851656605055568150e+01
1.154893011637582845e+01
-1.610045179072366466e+02
-2.943555219146158919e+01
1.942428589152026319e+01
-1.540396590958468721e+02
-1.153832357112907090e+02
8.193268515741849001e+01
5.221645526812852012e+01
-7.335128097746380149e+01
7.887823585842859586e+00
1.510842665024337634e+02
-2.366067508576738376e+01
-5.425164323798449573e+01
8.277316640932813385e+00
1.283202122865058357e+02
-1.383597683668129434e+02
7.484329775309485910e+01
7.368364064326210894e+01
-8.872317981853636848e-01
7.063559182022606819e+01
9.999355524285360275e+01
-1.983503436856092605e+01
5.652975297169825808e+01
8.716484721531935520e+01
6.455174541742632499e+00
-5.063060346307825910e+01
-2.440244940539148644e+01
4.562899463787086773e+01
-1.337627585465912432e+02
2.727527500859372367e+01
-2.039488326933548734e+01
6.100310890130810293e+01
1.731364684793954325e+02
8.119385264410857062e+00
3.983200737661970692e+01
7.194160896787396098e+01
-1.170975258991479961e+01
4.357627368776746835e+01
4.717743360235145644e+01
-8.750545774895830675e+01
2.735405565999659672e+01
-3.277758765007500585e+01
1.244012436604506178e+02
-1.115864859664629094e+01
1.396965237153612520e+02
1.803868346109811682e+02
-2.883844343565693080e+01
-5.892434514076177976e+01
1.446749776557591076e+02
3.632458893187590832e+01
-9.892982546076383699e+01
2.600229383383555515e+01
2.099802094594846125e+01
1.405055227467084933e+02
6.692155892659653205e+01
-1.240619253169621885e+02
-5.106626564056962536e+01
-6.070823913901435276e+01
1.266409179003801633e+01
-5.393795788615745046e+00
1.230602333119998235e+02
5.265574430620711865e+01
1.109552568657856710e+02
3.827287053578238130e+01
-3.483385647916467320e+01
2.541328120841202676e+01
1.757286299309897437e+00
-5.737117993739285993e+01
1.994778909688455926e+01
9.642272220679623729e+01
-5.157294013013823530e+01
-7.233125138621895189e+01
8.997409291113568486e+01
-4.839793818446756291e+01
4.333405885886901387e+01
1.013506573292080049e+02
-7.731894485588831856e+01
2.843141449194873189e+02
-1.121634639613799322e+02
1.989892565253681198e+02
3.121141701224956222e+01
7.776829621836995443e+01
1.630681009366221872e+02
-9.581232058666913076e+01
-3.317440641482627228e+01
-1.757032076734778343e+02
-1.376351860826577536e+02
2.478411396130806565e+01
8.471307827444027794e+01
5.146918759535780907e+01
-7.079298523944540023e+01
5.119332815759218391e+01
3.304459505052554391e+01
-7.285200173411520552e+01
7.056988686188743998e+01
-1.078057147920559231e+02
4.894046155397887077e+01
1.397630326806702215e+02
-6.739646171512442052e+00
-3.565954747588492069e+01
-9.808885336923736986e+01
-7.441713945955497422e+01
-9.738102437096483044e+00
2.728130780835304847e+01
-1.883473541812506937e+02
5.960021283413868076e+01
7.340311823025649574e+01
-4.396196198405363020e+01
7.721952101374721877e+00
1.879461792567137479e+02
-8.442729836133767662e+01
2.795578859439022779e+01
9.568736804256023731e+01
-9.603565464887569192e+01
5.865519968982535204e+01
-4.129645660304723265e+01
-4.261477691448031635e+01
8.751804525358656406e+01
2.156053555984808057e+01
6.811002678031810831e+01
-4.332544758763769721e+01
-2.219738535008941938e+02
1.596987138450523958e+01
2.738140529298902948e+01
9.206321838126660850e+01
-5.527997474141130851e+01
1.216124933505694905e+01
-1.620320258010911729e+01
-7.211904893820366169e+01
-4.633169578262359778e+01
-1.416573160584820812e+01
1.213785764667265283e+02
-1.271719291889204300e+02
-9.805697700688821783e+01
-5.230332555036413567e+01
1.727458746104130114e+02
5.470107456783470212e+01
-1.565426603337931333e+01
9.522416307786457423e+01
-6.294839888792701288e+01
5.604131886444903010e-01
-5.991965115700232758e+01
3.893845066330856497e+01
9.753948924228268424e+01
-2.084255584099401304e+01
-1.407062111353370426e+02
1.736025541831140018e+01
-5.423568891369518497e+01
2.189037848853907775e+01
1.117371655434045579e+02
2.950196001192188788e+01
-9.212504095171679808e+01
-8.511364631273883674e+01
1.088197709466267682e+01
2.162838642250086707e+01
1.310261272861029056e+02
-1.473128353015386267e+02
8.572724110862537827e+01
-4.875978372130817462e+01
-5.036118727147511009e+01
5.474732250920091303e-01
1.171124127622541238e+02
-2.404197665138021023e+01
-6.901531651874338991e+01
5.209834650528086541e+01
-1.948302354807814822e+02
-6.702853480177882517e+00
1.866474836577602758e+01
-7.582858372889717202e+01
-5.154385198486814090e+01
-3.472759090975679896e+01
7.945857741106981109e+01
-9.536127038623453700e+01
8.368754308025422972e+01
8.373462855188680010e+01
3.634859776238104700e+01
-3.269273640050237573e-01
-4.870016290782455570e+01
1.123808394061066167e+02
2.249558740066913742e+01
9.475947081081881151e+01
-5.560208369293082598e+01
6.783786964698200528e+00
4.444116485623116120e+01
2.536269296744383084e+01
-1.201525667566531581e+02
-8.060076957105265194e+01
2.657810728299763525e+01
-1.702765251607099017e+01
1.184251932870585051e+02
7.117635436985820263e+01
-1.163153229970562030e+01
1.236169144866005531e+01
-5.662272921447040375e+01
-4.968419177781305507e+01
7.512973160874621215e+01
-1.349309282417772238e+02
9.847556668340270392e+01
-6.622508957937790797e+01
-6.699793671235219961e+01
-4.566180311571625339e+01
-3.303133132566278363e+01
-2.616702832122509292e+01
-1.274553254181750184e+01
-2.738016708319586456e+01
1.409273863039186097e+02
3.032008559226351352e+01
-5.932464246394323482e+01
9.998062083218896134e+01
-7.978059318244955023e+01
1.033512904091271309e+02
1.882241895845698423e+02
8.707313333961405988e+01
1.128796616326125157e+00
1.059944133237930686e+01
7.363590421395784347e+01
-1.690129116221918366e+02
5.220937268060792036e+01
1.546830255675371291e+01
8.710002878588426256e+01
7.276803868149427146e+00
2.801567269602980303e+01
-1.820416597854504914e+02
8.297751909670294879e+01
7.678831156599316898e+01
1.408541459924636285e+02
-3.973084021341157523e+01
-1.528246169301477053e-01
1.618236467903570599e+02
-9.789366416942739590e+01
2.162174361979482207e+00
2.272883349424295041e+00
-2.445422186543132526e+01
5.048453809243680723e+01
8.094433905342306446e+01
-2.948625930210269530e+01
4.345600715554493831e+01
1.778089747747698013e+01
7.945393683922102923e+01
-4.128132904210976761e+01
7.916028097078147141e+01
-6.171217621388962016e+01
1.177742115033744312e+02
7.115533521651886417e+01
1.977067316589608481e+01
6.149391970258347584e+01
1.506803431733531795e+02
-2.633541713181613986e+01
1.269083174749884648e+02
8.024641648112869063e+01
1.377656524998211864e+02
-8.906052600103544137e+01
-2.248212178922161542e+01
-1.150457884684009002e+01
2.229903400999977947e+01
-7.661782424272600167e+01
5.199341428667285925e+01
-5.975979274524816276e+01
6.561708169262428214e+01
1.604996656546507552e+02
8.309706308018611765e+01
8.794731384600275703e+01
6.652214383572282941e+01
-1.564377476210400175e+02
-1.327292836686224931e+01
-1.751828135493916818e+02
3.547947642474667873e+01
2.999549948014389855e+01
2.926101609698268824e+00
8.376607161909392119e+01
-9.425252831300593925e+01
3.380804532288485120e+01
8.114324592165610284e+01
1.265427764923745890e+01
4.916136255104883190e+01
5.075678201365305142e+01
1.195244141271740830e+02
-1.066589253536321564e+02
-2.094750622813851066e+02
3.930995382399467530e+01
-3.000784587492688615e-01
-6.652565030892481523e+00
-6.561318709494176460e+01
5.208879239754074320e+01
-4.188519139478524278e-01
-4.613324644408854880e+01
-4.651798637771475597e+01
4.107805384887215894e+01
1.379181961882875669e+02
-2.014673674949738995e+02
-1.420930285756386979e+02
-4.635725557033768496e+01
1.433158713203843035e+02
2.471047232980880608e+02
-7.525848051615638212e+01
-8.412761990083654950e+01
7.843476690767030846e+01
3.173733744269073398e+01
1.248848344298403106e+02
-1.140258271603969042e+01
-3.371981349143192830e+01
6.650753273841425539e+01
1.444080463586498109e+00
4.978925720258740917e+00
7.158031119273191578e+00
-4.969024057649118475e+01
-1.412249395192776547e+02
-1.013189912262264301e+02
2.075896731403237183e+01
-5.228901965976405819e+01
-2.537323644883874252e+01
-1.173778704568945308e+01
1.975036752506811766e+01
1.141124001671803825e+02
2.875689532240970436e+01
-1.378219988154359328e+02
-8.012605775132543329e+01
-5.654711413497926742e+01
-6.312465675284087752e+01
1.322746280142689912e+01
8.172745359983393598e+01
-8.375865090628641951e+01
-8.921815062719264233e+01
5.713234857509876008e+01
-3.534797899169681301e+01
5.726787024870740339e+01
7.033987081790867535e+01
-9.450626302380544530e+01
-3.785967862134914697e+01
1.300080579336168114e+02
-1.452509839481042775e+01
1.197757114841923425e+02
-8.954622912950824798e+00
-1.603853117049467869e+01
-9.657129592626989556e-02
1.319363858407733048e+01
-1.076593593055177109e+02
-2.415707557046247089e+01
1.975433634803661320e+01
-2.781960769681231938e+01
-3.150132860235489929e+01
2.485980644597648137e+01
-5.844973064547569663e+01
7.217126038577252700e+01
-8.066498850708059365e+01
-4.205024903838992856e+01
-5.721261231595300423e+00
2.083753903250713506e+02
3.402755143195813758e+01
1.778840151618845411e+01
-2.137740749363065049e+02
9.175160728181266379e+00
-2.597325428694797367e+01
-5.416712932231384059e+01
3.553625881607813142e+01
4.643273826904269264e+00
-1.472010078320048443e+01
1.494011369458410456e+02
-1.001059425425192160e+02
2.741858472022955340e+01
-5.020725659085721304e+01
-1.504089659864165469e+02
6.343643344764970493e+01
-3.319378301237458828e+01
-4.567724757535734170e+01
-8.216213014795562231e+01
1.751557498548323721e+01
7.930799195557963088e+00
-7.782060800900663367e+01
1.725836544422440966e+01
2.301408869870240892e+01
-7.169273040975659228e+01
5.931203250542809968e+01
-1.142253358098723055e+02
-1.428334692198128550e+02
7.278456309723593165e+01
8.460217339887611843e+01
5.911201325325962763e+00
8.391729432714789993e+01
1.189428342435036114e+02
5.309059975278083243e+01
4.475501704748270360e-01
-3.147088347985148360e+01
4.862831279948221663e+01
-5.481017749694535013e+01
-2.569450023049719256e+00
-3.407131702850249866e+01
-5.745205151641089714e+01
8.312346102677561532e+01
-1.447597679006202327e+02
4.561786121965866414e+01
-3.053377896323427620e+01
6.264179907029346239e+00
-2.101003580743293355e+02
1.108461381665248240e+02
6.493302551304276449e+01
6.206870674600261850e+01
-1.674906551455744079e+02
-1.031477841904676751e+02
2.104709138554952474e+01
-5.550267345828804366e+01
-4.495214040212259476e+01
5.825613786190784538e+01
5.963851959493806731e+01
-3.315893942083454249e+01
-6.085917008841683185e+01
-3.841895858044565415e+01
9.295969637790226159e+01
8.606831137859589376e+01
-6.303239423639377037e+01
-3.430415211194744529e+01
-3.918955844902399122e+01
-5.167326658049705479e+00
-1.076014111195401881e+02
-8.397789437937119317e+01
8.425771504279694568e+01
2.665929370417236655e+01
-1.646570991259952166e+01
4.118691624596530154e+00
-6.369703795658827161e+00
5.958909091759782939e+01
5.571350754780230830e+01
8.436603284976204975e+01
1.336199198877514220e+02
-1.699434633664313310e+02
-2.651415800142342150e+01
-3.954414083179082695e+01
-6.485008154203886477e+01
1.145660499692581880e+01
9.459432713651004576e+01
-5.292340857776888896e+01
7.635502156252864836e+01
1.253805052162065437e+02
1.523789242892481077e+00
5.448135639757315118e+01
3.903420966312682427e+00
-1.315178569847442702e+02
1.831843636847207790e+02
1.245773296698987593e+02
7.640442945772790040e+01
1.640864255469582247e+02
8.216221401965600535e+01
-3.786301182433891910e+01
-8.382824952065868729e+01
5.440141173681105613e+01
-1.909219003368212100e+02
1.185732999884812955e+02
-1.619421534680770547e-02
5.674318763767678320e+01
1.989291747751458956e+02
4.896141569412128547e+01
-3.777490575909320114e+01
1.364846386026021889e+02
-2.683064271501813280e+01
-1.567419884068811768e+02
7.543198563008068902e+01
-3.869443040765389696e+01
4.192404732542798484e+01
-6.970564752484699511e+01
-6.163565392646350460e+01
-6.131863315150857829e+01
-7.480262545642931116e+01
-2.897211189640844964e+01
-1.208106987849546670e+02
1.147839430797361473e+02
3.382421599752371577e+01
2.324864256597081535e+01
-5.938268176099006723e+01
9.989072537315726663e+01
1.676723592979487520e+01
8.700366843946592610e+01
8.087690349042486559e+01
-1.929612616121564628e+01
-3.236005492311758758e+01
-3.550581587741454825e+01
-1.355978635743724965e+02
5.170543318492153162e+01
6.577169229850164811e+01
2.091571952258668432e+01
-1.764277704045155559e+01
5.434684006784046950e+00
-1.333490451847523559e+02
-8.314072801875673235e+01
-7.374304729739044717e+00
5.517308136156476905e+01
1.005180865252448683e+02
-9.398144361522440704e+01
-1.687374257974755487e+00
5.113267804934772442e+01
-5.748624754559265426e+01
-5.039192068171149685e+01
1.876442232147605083e+01
-8.811822825019459060e+01
-4.556821831035527737e+01
-1.179262562300975645e+02
1.091379740057222563e+02
1.540385794444116812e+02
-1.247239699512863886e+01
-5.005616487090639666e+00
5.398991997459750536e+01
2.712406005596001535e+01
-1.192781873405661059e+02
-7.759484981233393341e+01
1.659634769059494985e+01
-8.166895981755951439e+00
-7.751363452362763695e+00
8.499489566571298838e+01
-1.656768002206504775e+02
1.595797430151361027e+02
-4.364386795496162819e+01
2.026975160277440935e+01
-7.148840778753377379e+01
-7.269477355520272965e+01
-2.383023286829260812e+01
7.171217073304784151e+01
8.047852090489584498e+01
6.798409233793594808e+01
5.900856752382626524e+01
-4.315605655546936958e+01
2.615876950720227683e+02
4.085576527391478585e+00
-1.941811116223550187e+02
-6.637002048210041139e+00
-9.417033822733039017e+00
-4.380635592776202003e+01
4.734787302588555491e+01
3.408735016998883083e+01
9.083678034407672897e+01
4.120844807121594044e+01
3.637437134428828500e+01
-1.013959488457432627e+02
-4.662877815278162075e+01
6.637759057372213078e+01
7.029078678477588937e+01
-1.133015575231610796e+02
-7.112802421607463543e+01
2.844519878898547205e+01
-3.909492272303974403e+01
-1.269835932038586712e+01
-1.078064594064039028e+02
-2.379453434875788886e+01
9.211572184852654388e+00
-1.526087232557025857e+02
-5.741265714801325970e+01
1.394245963408481543e+02
-4.515665567507692657e+01
-1.335990141738119803e+02
-3.447424556802958051e+01
-3.342003153325560305e+01
1.435248523199396686e+02
9.149039125282872931e+01
-4.798935320633800927e+01
9.161238712557972974e+01
1.691082862054130658e+02
6.397349578060227060e+01
-1.017276584677964735e+02
-1.037318691519739957e+02
-1.402847888390442321e+01
7.831066394903730554e+01
1.358964441552330982e+02
-2.004081401235995941e+01
-1.722514983836538534e+02
9.638464072797820847e+01
2.802800755923908937e+01
4.168847614858545825e+01
4.531077254586467973e+01
-1.195934338779568007e+00
-1.497355786786906506e+01
-1.229741084677023366e+00
2.606434300065780718e+01
1.459617341006784272e+02
1.917605278168030907e+02
8.123277409080009193e+01
-3.530814704556694750e+01
-5.662093913136884282e+01
1.253916672850391905e+02
2.854046926159179165e+01
-9.214263169277955967e+01
5.632584529316406474e+01
5.940868732052840073e+01
-8.389072942206442463e+01
9.867056959384710524e+01
-2.761200909759844890e+01
3.790101078085987751e+01
8.449241414502370162e+01
4.116840591639854807e+01
-1.802571303814735302e+02
1.517962811452131966e+01
5.543279352066875276e+01
-5.884484209575339975e+01
1.622354825569043157e+02
-2.773992689244371590e+01
-9.264165319189599757e+01
5.936278972668574028e+01
3.786891729208282698e+01
3.436108178920856204e+01
-1.382062717748312082e+02
-1.038018272859351043e+02
6.144391196365060637e+01
-9.269412170912953286e+01
-4.242122153463863121e+00
8.243173223093675972e+01
3.824103703110134944e+01
-3.336396218278763115e+01
3.685612427682467285e+01
2.025363957310772989e+01
-9.504509140919095955e+01
1.138025367456080090e+02
1.057164025201155795e+02
-1.567507817598074027e+01
-1.511854869758491020e+02
8.902737755970366607e+01
3.285032728747015796e+01
5.464061988277114068e+01
6.289093297523008630e+01
-6.094614891034924398e+01
-3.492235845701667074e+01
-6.538018618874937715e+01
5.385992348770739291e+00
-4.448735739084947483e+01
-3.181505133242231054e+01
1.180830767932652066e+02
-9.932202766625594847e+01
-7.896886890524495328e+00
1.291907387746351965e+01
6.628997964490248762e+01
-8.600317362712424085e+01
2.663869439708564002e+01
-7.716048612326308387e+01
8.459129208929732613e+01
-2.161047237221285116e+02
6.249233088343120812e+01
1.801953486308692050e+02
-1.454358485782215382e+02
3.795033618606182380e+00
1.113121688515245467e+01
-4.443132319990525936e+00
-1.751849102690863162e+02
1.659617995081516995e+01
-4.921656069491471186e+01
-6.921327871975417168e+01
1.037460587420463654e+01
1.005341287613099865e+01
3.776282513075333469e+01
1.013187518995261343e+02
-6.986572377156568336e+01
-3.123619901574772584e+01
1.567650917553639900e+01
-7.965745066428988252e+01
-1.496131401835551173e+02
-1.432744518028363814e+02
8.138180901620413010e+01
-5.275857874340821319e-01
7.036751250955535397e+01
-7.290456511247438698e+01
1.144770899737954011e+02
2.689408003197543451e+01
-2.933602926152349255e+01
-1.941221717699124554e+02
-1.122287579656032221e+02
8.409504485933267404e+01
5.753131649085482024e+01
1.236243812369859256e+02
-1.121545941791795826e+02
-9.755856176636658006e+01
-2.795864905784897303e+01
-5.356123970376648913e+01
8.893994540070342225e+01
2.109707832436249575e+01
2.975259565233869452e+01
-1.717336366557497058e+02
-1.068649690620829347e+02
3.637205134146897478e+01
1.203632737379686972e+02
8.799331322337798156e+01
-4.734519383373265811e+01
-1.314555692485063787e+02
-7.445600215333276140e+01
4.944148268732499218e+01
-1.090373676638472631e+02
-6.002289154834286222e+01
-8.077419855661956660e+01
4.909161704782061264e+00
-3.507606002604107687e+01
-6.411558829520113534e+01
-6.417556509116012364e+01
3.954798163080116780e+01
8.195318747910233981e+01
-9.158016799392113683e+01
6.072812411174137281e+00
-2.366486471127901003e-01
3.222066035979827348e+01
-9.446738475622261433e+01
3.989332774922800695e+01
-8.158765919397217203e+01
-1.729693170216835085e+01
-1.144731067554267057e+01
-7.453732137931504553e+01
-1.794467704070132186e+01
6.083171838049860725e+01
-4.274386974177786414e+01
7.281074731095836228e+01
-1.744439261260902754e+02
-1.323726800445687388e+02
3.809408599295988296e+01
2.742590046896150113e+01
1.996795405662110889e+00
4.068080469672270993e+00
-1.892607844576980369e+01
1.871111888968349035e+02
-1.216777453551219281e+02
-8.566469533623290999e+01
8.682980118472799802e+01
7.379059405308620967e+01
8.661590179157606428e+01
-7.379651911534998021e+01
1.824713668751147821e+01
4.456249875978286035e+00
5.538977886072260759e+01
-2.493407103103761457e+01
1.350430770447152895e+02
-9.618865633571950013e+01
-5.642528719742486487e+00
5.976614666253362884e+01
2.638907287306410154e+01
-2.140012474637240985e+02
-3.875244654512761855e+01
-5.475664440895699592e+00
1.036231766048726755e+01
5.716689391224711869e+01
3.629746027180298285e+01
5.711701407476286363e+01
1.194899435720818701e+02
-1.688735242271300052e+01
1.453253891858028624e+02
1.340457786630116175e+02
-2.710658300778083429e+01
-3.587094193327236979e+01
6.376098099663189966e-01
1.152882840645181233e+02
-1.201586750682288738e+02
1.244817580608820862e+02
-8.867459472839703949e+01
-4.003019760775652003e+01
2.002754602110701398e+02
5.967376239031386831e+01
1.577671856102695926e+02
7.602424009354267298e+01
-2.948499002676775049e+01
1.668044727420934592e+01
3.723827956946134066e+01
-2.623790834084730150e+01
2.675379752916625264e+01
1.132081509871241849e+02
3.991445584068113117e+00
8.220283836108275466e+01
-6.068335868946530809e+01
-1.399379371252223514e+01
-5.952818781792682756e+01
8.082284166742363141e+01
-3.980981883655893938e+01
1.129963906098484117e+01
-4.955866184648238360e+00
1.143995937762592376e+02
4.429242267292336521e+01
4.235383186676185829e+01
3.823756973508454138e+01
-3.583548575703430572e+01
1.318144870793152279e+01
2.961071336186043013e+01
-3.023113865369023756e+01
-7.090677673971356398e+01
-1.042410018614570930e+02
-2.785178439412828766e+01
-1.123091954657627269e+02
-1.215482016756074444e+02
-1.319021133685835423e+01
-1.619587802504616434e+02
4.719158323634552232e+00
6.196567491948227868e+00
4.146209834486290546e+00
-1.073330714329173077e+02
-3.834885816876415987e+01
1.121090057814657825e+01
5.985919577957079696e+01
-1.718288701499488269e+01
-3.524175052349236381e+01
-4.440165610735740387e+01
6.653296364451564671e+01
2.241429075305270047e+01
-2.122844571462996299e+01
-5.088448162574367473e+01
3.361890110724969105e+01
1.081865020896990899e+02
1.656599757552225327e+01
-4.578540631297385488e+01
1.950088227152897389e+02
1.490082173796914411e+01
5.448957986292332834e+01
1.359457129673340035e+02
8.641692378871152869e+01
8.553329123157955394e+01
-1.128523526527358882e+02
-5.415968993984390067e+01
-5.844697476651231405e+00
-6.984495283230632623e+00
3.432114323789097199e+01
-9.929638012403243863e+01
-2.453819854062359695e+00
1.366323051975711849e+02
-8.856134099834766005e+01
-7.798728412737695237e+01
-2.019117546556882026e+00
1.181737799961347690e+02
-6.946961936071504340e+01
-1.272812547850511038e+02
4.789861851309310481e+01
6.026309531181151158e+01
-3.289166644627790959e+01
-1.725584912071769850e+02
1.182078540186203810e+02
7.177412747925970393e+01
8.102890863444883962e+01
-4.864065452472819828e+01
-4.113326309771588285e+01
-7.839070000713314812e+01
-1.368324924517995278e+01
6.198235703093990878e+01
-1.275250439486252390e+02
7.426791537410549893e+01
-7.303757307070553395e+01
-7.410832460338288286e+01
2.587023048874302233e+01
-7.282931713520740402e+01
3.801475165370231224e+01
1.065028956506639304e+02
-7.209569477129927861e+01
-2.857395003428114677e+01
3.134699102215114053e+01
9.710320898656566158e+01
7.272104845960475927e+01
1.159168581880781268e+01
4.041474425929918368e+01
-1.050533715482580277e+01
-8.252265413019981111e+01
-1.978758466890444083e+02
2.053421694768670847e+01
9.741358550208298084e+01
-9.678087821484479036e+01
3.057912627863059285e+01
1.430983098096571098e+02
-3.754609438408432709e+01
9.392088439584567183e+00
-8.795961210790726170e+01
1.566341081377034961e+01
