-8.055486728198300739e+01
-1.038152371728528038e+02
2.124516232286470441e+01
-2.224426923308004973e+02
-1.395321940105859539e+02
8.891064530894493600e+01
-8.797128236308637383e+01
4.394084496530100381e+01
1.187433866601246102e+01
-9.037799629345998653e+01
-4.876862961859895051e+01
1.348015583000388418e+01
-1.063247239202508609e+01
7.877150579058647573e+00
1.318930062120954005e+01
6.329873179189549148e+01
-4.698771802887376481e+01
2.593631349060510871e+01
3.343937134524813359e+01
-6.024533663582933229e+01
-3.254515422454825568e+01
-9.899662986333811432e+01
8.604612490799862456e+00
-3.183428708466042778e+01
5.953754904945487425e+01
8.058534172863457457e+01
4.130236677557726210e+01
-9.839645843537661918e+00
6.863717506292583437e+01
-1.727467985900802887e+02
-1.446534783138716307e+02
-4.210424313612487701e+00
2.095998757779780419e+01
-7.698453724730620706e+01
-1.500607191234745699e+02
6.723547256030984443e+01
-1.550137853937162333e+02
-1.473511869038510440e+02
-3.448430282844823580e+01
-3.304250788304163411e+00
1.314801551713059098e+02
-1.499655080448544275e+01
2.308645441757678185e+01
-3.468232700963489012e+00
-1.379631717531514994e+02
-2.842186240370696027e+01
9.982671375306549066e+01
1.052951891864029079e+02
-1.376845106767694915e+02
-6.559340679620875392e+01
-1.652705264227930826e+01
-9.850482930835096340e+01
-1.864340311641445567e+02
2.916467986605749374e+01
1.338031078946441994e+02
-3.503806457985315648e-01
1.180865764542473073e+02
1.814593710616648536e+02
4.207986454378958996e+01
4.935093927219433141e+01
-6.036315776603731820e+01
7.456368154385958746e+01
-6.460454823782844969e+00
3.826409547830441227e+01
-3.362854945915346150e+01
-8.689457103778025271e+00
1.039178555900052885e+02
8.619611354075367160e+01
1.708943655789209970e+02
1.385458951364278590e+01
-2.973297471420458038e+01
-1.858870583277467290e+02
-6.502136970973263885e+01
-1.316255393465644090e+02
3.062345505052151040e+01
-7.744289400917126898e+01
-7.977842278118590968e+01
-4.877661184938604322e+01
3.646342432404409806e+00
-1.796732899349572676e+02
4.271589668719659727e+00
-3.049743273829001211e+01
-2.285806721222254367e+01
-6.173325341110930253e+01
-1.242044797305055397e+02
8.784443995473054656e+01
-1.205024780120571677e+02
-1.005188058392399739e+02
-5.971242307288795814e+01
-6.816503118161595864e+01
-2.805070849222897511e+00
-6.197303968868274637e+01
1.700484476514455423e+02
4.636276710215982177e+01
4.549912953288002626e+01
-1.022843543485745670e+02
-1.381641782112267265e+02
7.579239658650959655e+01
-1.834166650463524206e+02
-9.714567628596708460e+01
1.429393547966898268e+02
3.959800076654420131e+00
1.386810878700334548e+01
1.967613244910663539e+01
-9.446677599385649771e+00
1.810462624606051918e+02
2.961529645823749846e+01
-1.736486685612177325e+02
9.750863521113653576e+01
1.339614299858741333e+02
-1.168932684568265898e+02
-5.288836074515677410e+01
-1.064753854617621798e+01
-2.953846480927716556e+01
6.181164562729000522e+01
2.116943552854263828e+02
-7.102104013034393404e+01
8.005519436159927693e+01
7.054143619672146315e+01
-8.840763090161367188e+01
-2.184022648343513495e+01
-7.129845498992521868e+01
-4.796323667979386585e+01
9.279175391049912491e+01
5.476083869985161812e+01
-2.685607606914435408e+01
-2.015189419276284255e+01
5.522755201143682768e+01
-1.109855727017918952e+02
-1.475750450348992899e+02
-7.863857720071529833e-01
1.165810934664690990e+02
-1.379568387943171501e+02
3.373621095802211300e+01
-9.735007868924543573e+01
-3.986420016073292771e+01
1.650741110660335664e+02
-2.737072659854733914e+01
6.480221585237976001e+01
4.937349162934189195e+01
-4.670197605982072275e+01
5.727310723152129412e+01
1.110956730531431305e+02
-1.154800685912491787e+02
2.766601180056485987e+01
5.278062411213718974e+01
5.993329729208066681e+01
5.802502312478528523e+01
-2.419187658442710998e+01
-1.572401090193618529e+02
-5.385945605749688525e+01
9.047487358122793921e+01
5.523683307567051060e+01
-1.065179627892579504e+02
-5.141865718029172427e+01
-4.049553431628245193e+01
2.511944632637954911e+01
-1.107941897096568518e+01
-7.423499481982725356e+00
-5.339874640156605956e+00
-9.882229116920173695e+00
1.026262911140573131e+01
1.318337327567047055e+02
7.019226991720557862e+01
-8.464996686573907425e+01
1.576325938962330326e+02
-5.564970914521339296e+01
-1.264153352851656251e+02
1.598148814028683660e+02
3.136779950750828050e+01
8.768903056740677471e+01
-4.106465120948757885e+01
-1.075841809007221350e+01
-7.007795166218814131e+01
1.555935544286341212e+02
-1.827375233193212409e+02
-3.167299620174600960e+01
-1.090171155296273184e+02
9.973614983740444195e-01
7.170649925289075099e+01
-1.467850244015887995e+02
-5.088918342954816865e+01
-2.588199351409610571e+01
9.584673397921146432e+01
6.419120633635034778e+01
-8.748381937791843654e+01
-4.966526110436044661e+01
-5.299551487836824748e+01
-8.205435533711292351e+01
-1.702190587192233693e+02
8.659488634787992112e+01
1.345877463763820892e+01
-4.019522546549190167e+01
4.766795862778302961e+01
-7.728001832817183470e+01
-1.459104740530861761e+02
1.131786501577778559e+01
1.583682829237743874e+02
-1.153343682731801039e+02
-1.806653121309806664e+01
-2.375010969696798568e+01
-1.564331562815520442e+02
7.009480336033142578e+01
5.017475186850312951e+01
-3.860950205524571288e+01
-7.810623762853882113e+01
-3.608604669057268666e+01
-1.070179628948909851e+02
-7.661630705433366018e+01
-1.250988944503523044e+02
8.347023868509566569e+01
-2.897230674397716754e+01
-9.176126987102446719e+01
-1.126065946218556917e+02
7.021054935276838549e+00
-8.330836271455855524e+01
1.477428819317273678e+02
1.164332988921784562e+02
-1.162186660515899064e+02
9.059845885511535357e+01
4.061163983031488556e+01
-8.402389684943780424e+01
-4.921431881466084235e+00
2.431684443546533814e+01
-1.188031364752513639e+02
8.214587855226324109e+01
7.248615975390468691e+01
-1.301974016921327291e+02
-8.233912882324555937e+01
2.018957619645375985e+02
-1.458209719898927119e+02
3.589231906081482038e+01
-1.413186661733701328e+02
9.992942610946107607e+01
2.720370128184180558e+01
-6.841214448181898433e+01
-2.595499552745269334e+00
9.371337609038657490e+01
3.434019907735279986e+01
1.648658265219341956e+02
-4.229652696963457004e+01
-3.477310586360233913e+01
-1.315382732422290957e+01
-3.846718961700209860e+01
-1.616189171059362764e+02
1.136364386956567927e+02
5.401489443543778179e+01
1.331925951025875179e+02
6.059932644405765245e+01
-8.703631932228516277e+00
-8.278831639293203182e+01
-1.100779068956008757e+02
1.154189583419218934e+02
2.419268928231878135e+01
-6.389459160781193248e+00
-6.219674272314807517e+00
-2.224480521404772659e+01
-2.242449973961297616e+01
-1.488460853309182426e+02
-9.678999790680936144e+01
-1.049621482614042236e+02
1.324564409656748296e+02
-5.426179294022747257e+01
7.758439656660929984e+01
-9.222892459939548360e+01
1.297591811077571151e+02
1.496893164747867786e+02
-1.674596104474121319e+02
-3.904936880660300602e+01
3.024950971188215476e+01
-2.203905614590538420e+01
1.196855200829619008e+02
1.391288080488152001e+00
-2.221137025986826785e+01
1.070794470947666355e+01
3.422842865326970241e+01
3.550625034835625637e+00
6.378986249793540964e+01
-7.853839391043533169e+01
5.215029506654525449e+01
1.783063353155844410e+01
1.527445298375250502e+02
-3.733907459298929865e+01
-9.764197495765455415e+01
1.483999524745617471e+01
-4.231218769471339414e+01
2.872930990702900544e+01
-5.109379577507448289e+01
-9.892876258758132479e+00
3.411018220840897897e+01
-2.515245065533386253e+02
1.342161900322860220e+02
6.601144796328911468e+01
8.589214117148048899e+01
-3.856120634616598153e+01
-4.995114871995519223e+01
9.511552152376198421e+01
7.751088230496482367e+01
-2.768661604390583761e+02
-4.617347461300173705e+01
-1.172143120825905527e+01
7.412283490395432750e+01
1.073450206761793453e+02
2.191561213197445923e+01
1.432434852554422662e+02
-3.729096911474466225e+01
1.356337797300273849e+02
1.948155448838375392e+01
1.445057809049376374e+02
5.275173702010085464e+01
-1.192642108614493139e+02
6.733811995899841918e+01
6.876399880943277765e+01
-7.811704681422000363e+01
-9.913696723154978940e+01
1.294934606129027941e+02
1.701598893837581556e+02
-2.760592935337827214e+01
1.854798728691314125e+00
6.348049092325150866e+01
8.359866983670927709e+01
1.119027003844118724e+02
-1.454041231653655188e+02
1.131516962513965012e+02
4.218031861146481276e+01
-1.326546934431472948e+02
5.474910891527015622e+01
-6.703305885977991352e+01
-2.376416994003094629e+01
-4.359855236300876236e+00
3.799440876909068177e+00
-8.954815861293688783e+01
1.737983485410409656e+01
1.459272513234056134e+02
-6.588857084554503274e+01
7.919670562023470950e+01
6.022605861483112832e+00
9.000532461548773711e+01
-4.596213802794949999e+01
7.006618277586619925e+00
1.248159858594070357e+02
-5.213457815307000942e+01
9.939551351604890783e+01
-1.040443130023066090e+02
-1.114413519737921519e+02
2.225458868187729067e+01
2.359704131315213260e+01
8.539477621052793666e+01
-1.076615253365693725e+01
9.234703186945775855e+00
-1.001078677244693012e+02
-1.770295478376877440e+01
2.058259194436761277e+02
1.124933075398145235e+02
-1.222191030277918067e+01
-1.098522521568477259e+02
2.897066404511311077e+01
2.485799174251787349e+02
-7.738993338164814872e+01
1.614155837742111999e+02
-1.646385745704666306e+02
7.410167590290886785e+00
-1.121363894689536380e+02
3.130018911263719161e+01
-4.273787166233431378e+01
9.339238350008193379e+01
-6.197586996283622085e+01
-1.936115877796186169e+01
-6.445799113349749199e+00
-1.087791414144096080e+02
1.260225439636340106e+01
9.514317484514522860e+00
-7.693026303603234339e+01
-7.191188691269680078e+01
-4.199139293561646724e+00
-6.228664904999880036e+01
-9.030450245844255619e+01
6.471807436153332560e+01
-8.512155711125906521e+01
3.889294522650709496e+01
-1.107828365440710456e+02
1.870738777496057423e+02
-3.610716612306892870e+01
-4.836912498782328207e+00
1.077241050492743852e+02
-1.215107881113873276e+02
9.809873276725042501e+01
7.391223017588517052e+01
-8.502233592180512289e+01
-3.131854933165424626e+01
4.983032481793417645e+01
1.105371504036920243e+02
-5.226429109624861269e+01
-1.227736561363705192e+02
1.087915117640766027e+01
-1.021382244090517730e+02
1.135046678030116425e+02
9.786652559234777726e+00
-7.835049208557690292e+01
-1.253821358785324804e+02
-6.911150975929930951e+01
-6.497584296782395086e+01
4.435084987638315823e+01
-1.342175028931564498e+02
2.569487319367678069e+01
-9.775539082011762559e+01
-4.126489812170655114e+01
-1.124549539909452704e+02
3.925274959666227304e+00
6.612676961507031592e+01
3.696207747256867293e+01
3.861937757918595793e+01
5.579914117659363626e+01
-6.202534535092830481e+01
4.114400344866460557e+00
4.732323811136602387e+01
-1.381341465014057057e+01
5.215411272291812139e+01
8.685708687300690656e+01
-1.975772807193298775e+01
-9.300811932456815612e+01
-5.927106870900852442e+01
-3.089755767258355945e+01
4.459502780152779344e+00
1.410118730127859124e+02
2.872131021935403261e+00
-9.095954605477503208e+01
-1.090659281384610750e+02
-3.294322127338881501e+01
-1.066717127927906006e+02
-8.547394909818791575e+01
-6.035129695410213202e+01
-1.121802042367961008e+02
2.712106397808518921e+00
2.338597616811245530e+02
3.313340006110396985e+01
2.650970174931699930e+01
-3.603595375781642929e+01
-1.360833401968813838e+01
-1.145323265369669627e+02
-2.855098719345087943e+01
7.724811875498434688e+01
-7.222016446965909608e+01
2.775980427039320375e+01
-1.195976311593508967e+02
-2.691345300699436116e+00
1.346705029432615390e+02
-7.932584697174760890e+01
3.743507950923312677e+01
-1.038921931827008649e+02
-9.509758389869378448e+01
-9.521785355876195922e+01
-4.080975564616692708e+01
1.147295249692751753e+02
1.538315940068269470e+02
-2.576828968412711163e+01
-4.070685410209311961e+00
1.578823611606579220e+02
1.511973000867116035e+01
2.523481223970000542e+01
4.009207270702314219e+01
-3.075353812492843275e+01
-4.979275644553858626e+01
-1.018322153087630255e+02
1.675599757156767566e+02
-5.771736500287461524e+01
3.157894671835301814e+00
-4.011690679328933840e+01
-2.305366845461898961e+00
6.556506340254242104e+01
-1.170819198031258992e+02
1.189338871052001601e+01
-1.166444441467499331e+02
-5.897421919212986552e+01
-3.378702344618653797e+01
-5.791933333217486712e+00
9.754714090584454311e+01
-9.165965690634854468e+01
-1.256702720675331086e+01
-3.955126965931803085e+01
1.270836029898237456e+02
-1.578877034185762227e+02
3.766632766481607320e+01
-3.843693120446472733e+01
1.281234386361268491e+02
3.345503484948478246e+01
2.549877443640329844e+01
3.514452779445444008e+01
1.580668246626561313e+02
-4.376503866276457444e+01
-1.279653097165302142e+02
1.216454951119010985e+01
-3.721274529580260282e+00
2.547067442542027749e+01
2.947825561601544297e+00
5.017214870894486367e+00
-1.057865423845451289e+02
-1.886023435148780720e+02
-3.004290233485957629e+01
2.020229566904762208e+01
1.210338038950448336e+01
7.684603895449762945e+01
-8.898560991763723393e+01
-4.152923258731164857e+00
-1.711592825372781590e+02
1.964954456902776769e+01
-9.418182187354985047e+01
9.976957835062692936e+01
-1.244414812651431568e+01
-4.248637408729188536e+01
3.897683316275370657e+01
9.071663554595799894e+01
-6.494362336141435321e+01
-4.455531863987600616e+01
2.331377063339557765e+01
-7.646817614430149490e+01
1.134105519226187653e+02
-9.045421137024217728e+01
1.156316146457734817e+01
3.902152851513351095e+01
8.589729038021663143e+01
-2.615000854120030453e+02
3.601485011010722559e+01
9.393420229000783195e+01
1.200512129335830735e+01
3.867777642398812077e+01
1.998856978885945921e+02
-4.330036167258057134e+01
2.028350256228069881e+01
-9.411867038923249140e+01
1.846674109843539568e+01
1.426835523362186109e+02
9.866333549320594898e+01
-1.261236920218571527e+02
1.097858218658696927e+02
-4.352533760993014766e+01
-5.342157728007140349e+01
-1.337300774666360041e+02
9.573395011285985845e+01
1.038722833067079598e+01
-3.455585529163558789e+01
2.232546036738550299e+01
-7.083237344731989538e+01
5.397742430652698431e+01
7.457856734860841641e+01
6.210837152478839585e+01
-2.112069752853546944e+01
-4.058522402623987091e+01
-1.432245452693752270e+02
-2.918060769568175061e+01
8.863759018700246628e+00
5.787197424236714483e+01
6.747770622540205920e+01
-1.608825264394124019e+02
-1.380221979976909665e+02
-7.631498916125639198e+01
-2.018192203460211331e+00
4.912978177883361042e+01
3.468454969852785297e+01
2.800962652785285201e+01
7.444377002196615933e+01
-2.179796417230191139e+02
-1.176916782353857940e+02
-8.665593476352697166e+01
-2.774317277361384981e+01
-7.877393669167575752e+01
4.160683986713816296e+01
-6.606143478106694999e+01
5.315821406801884308e+01
-1.505081994288046303e+02
2.277804201488706326e+01
1.308338571986675163e+02
5.368447765523917781e+01
1.992870419112276181e+01
-1.145942560780625996e+02
-2.338672593846632424e+02
8.178917217583934018e+01
9.151653696151305439e+01
1.031567130119524620e+02
1.485680642095248913e+02
-2.409656527863350277e+02
-7.979111453742426363e+01
-4.103201191050904129e+01
1.247408876921160754e+02
-1.148072706346814797e+01
3.235609970722924800e+01
7.005154805889486624e+01
-6.750690329729702910e+01
1.120908250317581434e+02
-1.202923818573025159e+02
1.768557126037480316e+02
1.243078372489935823e+01
8.244338383471406928e+01
-3.820572969529224849e+01
-7.973739307119227249e+01
3.446157693811787937e+00
5.065856916771746654e+00
-3.756124004959096965e+02
1.653183217138657568e+01
-2.030931439654584381e+02
5.847884739775989971e+01
-3.948274565756362620e+01
-1.022343463517042892e+02
-6.939690037819447355e+01
2.746798900525880427e+01
-8.349904378074064937e+01
-6.206059042452766761e+01
-4.382365203111370988e+01
6.663421798871948454e+01
6.689827475210158525e+01
-1.052688258850706973e+02
-3.654880892575036455e+01
-1.232264925521940455e+02
2.797981545083284161e+01
-3.926513748843005658e+01
1.806802881884634715e+01
-6.000857807833677526e+01
1.712159786558645980e+00
-1.223942639277664739e+02
-3.386160196205135264e+01
5.420326807970420901e+01
5.091269035251055008e+00
1.594924178610113188e+02
9.799766256095658434e+01
-7.023953150364462772e+01
-1.764006026867109611e+01
6.268730467837269060e+01
-5.383918011639638479e+01
5.667875520483248408e+01
5.508294110054090709e+01
1.619596145422504492e+02
9.157087764620797543e+01
9.214695160751274372e+00
2.918730759779887407e+01
1.358869475803575710e+02
-4.881624824103091953e+00
-3.193379925503968408e+01
-8.200429715138891140e+01
-4.258377715269211450e+01
8.316836366525909341e+01
-4.345352363395690531e+01
-3.469914375431311271e+01
6.787760651854474858e+00
1.069164563557749972e+02
-4.221043790920962380e+01
9.751582954659041036e+01
-1.319289548074733318e+02
1.297153461681180033e+02
-2.588532402249074593e+01
-9.953477547063577902e+01
2.169719838184605862e+02
-1.224926721750696714e+02
1.240159603611136561e+02
5.594127915477722723e+01
8.221694047105327741e+01
-1.021455785232968339e+02
2.371666441684643445e+01
2.718492061476934296e+01
-1.399775167268523148e+02
1.986855915328643007e+01
-3.106817844010172394e+02
8.681079709760639673e+01
-3.017813468522701115e+01
-1.115939023949640756e+02
-7.755719059472897925e+01
-8.597733270788727111e+01
4.211953671208277683e+01
1.662671616580094565e+02
-4.757477422053826643e+01
-1.718746152828767748e+01
-1.329997313181536924e+02
-4.120699323810734427e+01
1.883452465908487454e+02
1.867719374009193700e+02
5.396449123504272904e+01
-6.274971176281821528e+01
7.929864244459992939e+00
8.808561489128933886e+01
2.093794071451534222e+01
-4.348536451059652563e+01
4.182912916656793811e+01
-8.702453809827899178e+00
2.644137567602545857e+01
2.962166242644831016e+01
1.315068728095005781e+02
-1.051390189742626831e+02
7.103505681228166058e-01
-7.986732057945676644e+00
-1.309820304454225379e+02
-1.670527660665568987e+02
-1.797069779847990389e+02
5.345278340858105715e+00
2.300510247716017886e+01
1.541280794208867064e+02
-9.254817423961328871e+01
1.441259905903204981e+02
-1.891723818463849227e+01
-1.334252710863668767e+02
1.427643299794191307e+02
2.510229226711725659e+01
7.162537833145186994e+01
2.746232441634893817e+01
2.183548950568363409e+02
-1.319006621460960105e+02
2.362474582041696181e+01
-2.704993995248775462e+01
1.597006497663227833e+02
2.052325532665435759e+01
7.288536769111790825e+00
-7.734351981130271270e+01
9.334728941763243881e+01
-1.316924193839753627e+02
-1.181315387486859265e+02
-8.887656120637899448e+01
6.650747889100446741e+01
-1.178110585506464787e+02
7.033899823685077024e+01
4.268481274283411153e+01
1.592139556082249783e+02
9.276797311700728699e+01
3.690298643860578665e+01
-1.647373720430417299e+00
1.153085282191831737e+02
6.117198555290301876e+00
7.766844350801183339e+01
1.944090815816750819e+02
1.176093678776694418e+02
-1.307748219697101888e+02
1.708401713512208175e+02
-5.156812857271452089e+01
5.671737134225946875e+01
-3.764745969718306640e+01
1.061430846246485942e+02
1.508916293418389500e+02
3.423868344164617827e+00
-8.725887934752858399e+00
8.115165691670175363e+01
-8.084205292805275889e+00
-8.885317035297926225e+01
3.776466842751194264e+01
9.182636217748782315e+01
-9.433034969148343407e+01
-4.184768248500526866e+00
2.260163777891260111e+02
-6.158152468502296983e+01
-5.983120245192922226e+01
1.417517362560444383e+02
1.568346045269861406e+02
-1.789717957282094289e+02
6.285882356392996684e+01
-3.093412361009517042e+01
-7.520353757981482090e+01
-8.431163628851065539e+01
1.004739130698547456e+02
-2.502964842638610605e+02
-2.942365688174141880e+01
3.512410106630411377e+01
-7.239411619595220770e+01
-1.083388331656021393e+02
-3.496236911571359229e+01
-1.321510306728320643e+02
-1.044871161301353339e+02
-7.565536302996520135e+01
1.452047583707762612e+02
-1.047447655383312259e+01
-7.055239938605187433e+01
-1.645986159803710791e+01
3.108676894533090973e+01
-5.377412246878912327e+01
4.975297192012990877e+01
-1.072695659982723697e+02
-1.298912178590139774e+02
4.834477201335077723e+01
-9.887110767019255064e+00
-2.797335496827218826e+00
7.283931218537445318e+01
3.425338969152841884e+01
-1.636025756827785926e+02
-4.957336166280645529e+01
5.598796267346518363e+01
-9.041978814271865872e+01
1.207125708281871539e+02
8.202082736183236022e+01
4.411231646222878666e+00
1.748553866813565207e+02
7.024994530931320469e+01
-1.329362035572010825e+02
6.982648300293244858e+01
1.490764505316616351e+01
5.029101121870447599e+01
6.340604785853921754e+01
-1.791682454571720484e+01
4.610653737450969736e+00
-4.602793648672469828e+01
-4.198775094231342564e+01
-5.094920193381483386e+01
1.739179513658110210e+01
7.024510022369042872e+01
-5.054459227961019963e+01
-1.086186698136956466e+02
2.218897641251313502e+01
6.196606304483787397e+01
1.274702867451909043e+02
8.490146923184461514e+00
-9.038558648521421901e+01
-1.214140678791382442e+02
-1.405514243478332617e+02
-1.198770129347036288e+02
-3.165325651744907631e+01
1.060263130065915789e+02
3.380786160122174477e-01
-6.756113322235218277e+01
9.729055099679034413e+01
7.617211730174658157e+01
-1.483780167036158559e+01
-1.297952867771472540e+02
-1.966176957520589497e+01
-1.131923751254090007e+02
4.052641320836796268e+01
2.179748849411575407e+01
-8.611788233944000126e+01
-2.061554368712036194e+02
5.367637552759233444e+01
1.730024451065338553e+02
-3.277313613221316757e+01
6.177003417773536675e+00
-5.880128596911976757e+00
1.656999300813870946e+02
-1.023819952993103328e+02
-4.022517007912821896e+01
-5.030999149416940242e+01
-1.171900025437536073e+02
-2.682172385993656505e+01
7.178528866076170800e+01
8.204792577518522023e+01
-1.009672039690733811e+02
4.775850954789208203e+01
3.094117760073346091e+01
5.268875013233556359e+01
2.087193320187024526e+00
1.425835555658501335e+02
-7.331009549365450084e+01
1.266128941038080740e+02
-2.324809036696996856e+01
7.590825571376025316e+00
3.161375564261589943e+01
-1.826924358442305731e+02
4.318575064269758457e+01
-2.502178486885773978e+01
-1.518124160629661823e+00
-3.627911177297969658e+01
1.633222242344733388e+02
2.323099508510754561e+02
-1.234487863293805390e+02
-6.850697598624053342e+01
1.388382740959775958e+02
7.951636358807315119e+00
8.757655235251205283e+01
1.567857378409357239e+02
-3.034376869174650437e+01
7.052455528327330114e+01
5.646210585151249717e+01
9.326662874040715678e+01
1.105876288772700065e+02
-7.878827032905590499e+01
6.434073193193546558e+01
-9.560873750220603995e+01
-1.889694939261770656e+01
-8.856560416337789832e+01
4.774124628699559736e+01
-3.254602458346255389e+00
-2.257561961271519380e+01
7.149296242823811554e+01
-5.755216198183544662e+01
-2.004851532524941859e+01
1.087668129612695189e+01
4.741988834297400501e+01
2.796114767888415287e+00
-2.038642431390145191e+02
-7.198708702487030564e+01
5.092823011322333571e+01
-8.885717009786195320e+01
1.917379436713484875e+00
-2.139471266290940719e+02
-1.797646447062769326e+00
-1.768880308707758431e+01
-4.679910791482648769e+00
-2.920075778360158836e+01
5.158949385194355131e+01
1.375160057914708602e+02
-5.063481057543075536e+01
8.788748307386329373e+01
4.539557562436244353e+01
-5.180947166681047378e+00
4.494941442247552033e+01
-6.529750904158900937e+01
-1.322495837554239984e+02
-8.567334256912059232e+01
1.634709663648758493e+01
-5.817957939672455225e+00
-6.535052987160395732e-01
-3.730495647463705211e+01
-5.003076552703786462e+01
1.561929094444525674e+02
-1.671195895555109985e+02
-6.261988599679100531e+01
2.562304979513699621e+01
-2.542685172477656241e+00
-4.189503030678420714e+01
-6.964301611208907161e+01
1.111633661680988610e+02
2.321608448801657971e+02
-7.264704352478122473e+01
5.705788532828198356e+01
-5.239874840420719693e+01
-1.251162036262447117e+02
1.184520746780435374e+01
-6.002851234236172928e+01
2.328542776818682469e+01
-5.355218803587046494e+01
9.285856280934967799e+01
-3.225166379119634712e+02
-2.820975309008631982e+01
1.440739616667115968e+02
1.427183564309983694e+02
-9.451770865945930211e+01
1.240383786028845918e+02
-4.585270476877281709e+01
1.253386530498704019e+02
-4.222401308741218884e+01
-6.400424487056186607e+00
6.030346485735441320e+01
5.977455601394690632e+01
1.718004090119647174e+02
-7.430130853526331691e+01
-1.316412206132324343e+02
2.009852206840964683e+01
-1.259061017118866346e+02
7.949128269779522782e+01
3.154514779230928312e+01
6.306677024450234592e-01
2.616353096542851375e+01
-3.761818909135320155e+01
-5.911079676797559301e+01
1.998097400477621122e+01
6.565039541038078141e+01
-8.151825471362317899e+01
-5.084872848789034094e+01
-7.389098925542705842e+01
1.802596464835676500e+02
-1.737658650120746984e+02
5.694384196522032937e+01
1.295323768459862777e+02
3.688508343686654456e+01
-1.685822597788710908e+01
1.576712355417701872e+02
1.432310452740571627e+01
-7.122059782285234952e-01
1.326910923902016748e+02
3.071112662578048713e+01
-5.191253454160639791e+01
3.298674970938137818e+01
-1.051899639900478007e+02
1.052449816778379876e+01
1.324568360758522090e+01
-1.011475298978699868e+02
-1.274710044960614397e+02
1.618687179157946687e+01
1.311754153297803214e+02
1.013766958780113470e+02
-1.742939154623493536e+01
6.341310798423935324e+01
-5.670338787530363334e+01
1.705636422099071581e+02
1.596280526646183660e+02
-1.140956778464295809e+02
-5.729771316869000763e+00
1.131881481380367660e+02
-1.367977299209906228e+01
-7.002849382028030334e+01
3.790964760787533194e+00
-4.056868624011596580e+01
5.354991055707598235e+01
1.382142152703302074e+01
2.254734560342031457e+01
3.473958713940488963e+01
-1.434012778592130246e+02
-7.122232427839010427e+01
1.442790449544776834e+02
-5.891471204688431840e+01
-7.044193608910741489e+01
-5.390029469753528701e+01
3.899145265874368249e+01
6.357769938501517260e+01
-1.241824128893189965e+02
2.593547833076026521e+01
3.803717247947113833e+01
1.499672613212378280e+02
5.535336111912491930e+01
1.439746738092627822e+02
