-5.157256738427726361e+01
2.848266078862047834e+01
-8.337685343857950215e+01
-5.333939703514338504e+01
-9.583589982604824797e+01
6.954558105806354718e+01
9.203371628810188554e+01
1.312605477499416224e+02
-3.447170883508053407e+02
7.098418011666467464e+01
-4.826891985341963398e+00
1.777440698159983015e+02
-3.479233889523381151e+01
3.811020528266657692e+01
-1.117691362034640008e+02
1.613919723754013802e+01
-4.480246743390753039e+01
2.472900334160700098e+01
7.859818868963803595e+01
-1.253100262188850422e+02
-1.408479517497441513e+01
3.691946765172061617e+01
-2.764586477058629654e+01
-1.172806408811145644e+02
-6.495407489767676168e+01
1.031741441726854873e+02
-2.091090081725118210e+01
5.559086919976630980e+01
-1.217604338897608329e+01
8.556450494567174303e+01
-2.225855644789308485e+01
-9.897829630942091228e+01
-5.278755560728292551e+01
1.442916985163247432e+02
1.121895055594565633e+02
-1.033465118833172340e+02
-1.056447124751426827e+02
2.779368939628723112e+01
-9.829354488359035713e+01
6.677750870227579583e+01
-1.977143655714718307e+02
1.097662511971435606e+02
2.602427863509910111e+01
1.126503872474729917e+02
-1.015532741876429412e+02
5.342843065560477811e+01
5.689264991484435541e+01
2.152421453202796044e+02
-5.176936784071110687e+00
-1.571904517447664205e+02
5.275913193364993958e+01
1.673141920287293871e+01
5.660285117469269878e+00
-2.301356291539220678e+01
8.343884225848307779e+01
3.723692133509853619e+01
-1.217858491165307644e+00
1.276055261848189204e+01
1.074689759604541308e+02
-9.334993034042255999e+01
6.572624466311236802e+01
1.471406810121903561e+02
1.660057769640560466e+01
7.398773955128933721e+01
4.755898995743135238e+00
-1.986464085375590471e+01
1.080572298054687224e+02
-5.839382862287798304e+01
-5.693238000156148360e+01
-7.966226402674298868e+01
4.149965332646035954e+00
-1.315338019851151046e+02
-9.058612869143206581e+01
1.219799728332355642e+02
3.853528609061855548e+01
-1.132964132917438178e+02
1.776091451870189530e+02
4.975011648382480445e+01
1.344067444847867137e+02
-1.859294932671175360e+01
-1.243805564947760161e+02
-3.605883266922170094e+01
2.618395965647897938e+01
8.252187481830562277e+00
3.244949885171836801e+00
-1.025778698566952052e+01
-4.746727116041224548e+01
2.222063247955220078e+01
7.917483384114457579e+01
4.889789952237885728e+01
1.258262924554748992e+02
-1.080378100093366527e+02
7.024714059180601211e+00
3.813155128136840943e+01
-1.096799721671572314e+01
-9.640142755121640050e+01
-1.017750523928397399e+02
5.246621042738156859e+01
-1.696866739487504958e+02
-1.624561009918442664e+02
-1.274208016548638085e+02
1.361004301486123609e+02
8.504288238755850671e+01
7.680760318249598129e+01
-6.808404148629312758e+00
-1.054725308429694479e+02
3.066135765361447341e+01
-5.560604399062296466e+01
-8.472055530330682416e+01
2.406762022258103002e+02
-9.036382420872608634e+01
-2.811988139530858177e+01
-1.724558635905649453e+02
-1.342561980133365296e+02
-4.858878133509104913e+01
-8.722176408824431348e+01
-5.091976043921770412e+01
9.648927939813252408e+01
-5.052591514590773869e+01
6.332903492739846740e+01
1.189753403605407840e+02
6.190376506831928083e+01
1.283847282867890094e+01
-2.283422373560669598e+02
-3.690979971255435999e+01
9.232159680850881500e+01
-2.447403093580570044e+01
9.067753217805356769e+01
1.065662474601126419e+01
5.889210561267792343e+01
-4.192032814710861999e+01
1.199362108640712847e+02
-7.564011808141523829e+01
6.141380440445674438e+00
1.043816541925982904e+02
5.871727107569990523e+01
2.937073890724893488e+01
9.547044624081677000e+01
-3.332769124691785123e+01
-8.412309351792265488e+01
1.263064960714970475e+01
-9.986772743604407765e+01
1.313303585459154306e+02
-1.331299477396845816e+02
-1.778763116358933027e+00
-1.474618907362414291e+02
-1.168045761671233578e+02
-4.229750579632244722e+01
-3.710248489500050084e+01
-6.658003397811637569e+01
-1.143391313010104966e+02
1.306121813129660438e+02
6.866519610690048125e+01
-1.499559913473874317e+01
8.401385559501734690e+01
-5.979803409686191884e+01
-6.895360600222390701e+01
8.923391265703433817e+01
2.178815673445664913e+01
-5.995746348081106447e+01
6.968932531939114483e+01
-1.263349382616325158e+02
-1.006887032636513624e+01
-2.561277752561732513e+01
-3.446030073868094945e+01
-8.510386950490942581e+01
3.437167528123537608e+01
-4.221900569687873883e+01
-4.849791237570484270e+01
1.111559714770557008e+02
3.327562024343318825e+01
-1.692078630640607741e+02
5.063767435550352758e+01
-8.825232250395718836e+01
7.319593461198469697e+01
-3.963573703875554344e+01
6.774567639828892140e+01
1.314515598010476367e+02
4.226266788541664710e+00
-1.982130742625955691e+02
-5.287818331489641821e+01
-1.360968952115907200e+02
-3.398861952458324254e+01
-1.284766230691735700e+01
6.826071820347264918e+01
1.496475949999275201e+02
-6.782375240826784335e+00
4.984826228056493136e+01
-2.424781661004972477e+01
-7.514384100688219803e+01
-6.728680732478682103e+01
-3.260641081633305349e-01
-2.472047947635989473e+01
1.604557777419176432e+02
3.343633202941293092e+01
3.568075902304045854e+01
-7.210044748611150567e+01
-1.165729780237117268e+02
6.291679397505778581e+01
-9.981585080400986953e+01
1.569444378558764868e+02
1.240559375797510810e+01
3.561154575279269263e+00
-5.310179443714292802e+01
-1.465111061231097551e+02
-5.724680456013771845e+01
1.948958914151650745e+01
-1.068245076878278326e+02
7.579709282006506044e+01
1.852275214106978751e+01
6.760859963205914092e-01
-8.996227691776512359e+01
2.211863846682600965e+01
1.491572691067189282e+02
-3.640287950335327594e+01
9.486591317706794868e+00
-8.150931258708834548e+01
-1.086732334002346363e+02
-2.337774041207487485e+01
4.788228336779677363e+01
-4.164709809218303604e+01
-1.761907041676995433e+01
-4.543862144141696291e+01
2.938582287291191619e+01
-6.083698308082277606e+01
-1.139723856979767476e+02
1.421042889432503387e+02
1.024838204847353218e+01
-1.042313623170695358e+01
6.806732529295791778e+01
2.326853860132737850e+02
9.205546596452417418e+01
3.470123017165314394e+01
1.767015732942642785e+02
2.534220508012476358e+01
4.220144608753204096e+01
-3.407205056636168905e+01
-9.211507774658427650e+01
-2.092264388462291080e+01
3.104583755055928052e+01
-1.139285856078489445e+01
-6.794150788150192000e+01
6.201839163155990065e+01
-7.869621252195116767e+01
3.695836687033450119e+01
-1.725769706272385307e+01
1.265489581735389919e+02
-8.033051975732223582e+01
2.930673455872523192e+01
5.972594639296607255e+01
-1.170134348557639896e+02
-1.126176357026602091e+02
6.832768212291239251e+01
-1.342972763741138209e+01
-1.381401818400067611e+02
1.676410343689128410e+02
-1.354311478533143429e+02
-3.237121526733183430e+01
-1.225647724782517400e+01
-1.384293557284326823e+02
1.111791455414430274e+01
4.977614327656618087e+01
-7.826086697584987917e+01
1.427950880748619227e+02
1.416872243738700732e+01
6.660129519082543936e+01
1.059245704280685345e+02
-9.610230855296661900e+01
2.303413947259146255e+01
-3.546281702170567818e-01
-6.805644827909462791e+00
1.192461716466462036e+02
1.191111031805706801e+02
-2.986236844945096891e+01
-1.159020828331466690e+00
6.213848466672911997e+01
-1.261911730002707230e+02
2.511717150509727148e+01
-8.384177321766475188e+01
1.478626372772523823e+01
-7.255582072447674591e+01
-6.815600057525503530e+01
-8.152985406651416156e+01
-8.385752269760531874e+01
1.159832889048071962e+02
1.474828180777983988e+01
1.100788044537838033e+02
1.101502093916643190e+02
3.989102226687536756e+01
6.075610893857977857e+01
1.116090300427368334e+02
-1.537757972653503771e+02
-4.708162094111001750e+01
-2.495546503670212815e+02
1.089364550468129238e+02
-2.603453936418928549e+01
1.009742973323065200e+02
-3.760582438071720190e+01
6.138385110867248784e+01
1.086845926220447183e+02
-4.332425558287448553e+01
-1.137484561538363863e+02
6.741528287935432218e+01
-7.283500431176315182e+00
-3.584130499974433803e+01
-1.806433010680776192e+02
4.252476175440158812e+01
9.223968912343896154e-01
2.327026510347265287e+01
-9.388554894886243574e+01
-1.291570498967633398e+02
-1.693948911148043468e+00
7.820870908741233052e+01
4.858281878623468053e+00
-1.233291315876638521e+02
3.672310216482048162e+01
7.787912677035041042e+01
-1.514079082748507403e+02
8.768778285628595626e-01
-1.292391904640996074e+02
5.984688535231589057e+00
1.601756675987526535e+02
8.830397311290994367e+00
1.395980513795005891e+02
3.327082777625879828e+01
-5.308259054442940084e+01
3.905679283842140137e+01
-3.758183553076866019e+02
-1.234539573406410256e+02
-2.734391026589000262e+02
7.295576369210584389e+00
-2.534681360763020308e+01
2.035176789450137278e+02
5.681145482597358409e+00
-2.975181502290354985e+01
9.558613812412143318e+01
8.367251587626931553e+00
6.832251369288361786e+01
1.075540727011288666e+01
-2.339720379809478246e+01
2.661849062875309713e+01
9.087218740571159969e+01
-1.759142387546563668e+02
-8.212171084371665586e+01
-5.067527558890531303e+00
7.062186640612439703e+01
-9.039478188738839037e+01
-1.049597104020973148e+02
3.642235750525842519e+01
-1.844332615669933375e+02
-4.715473937896258150e+01
7.108843146312158012e+01
-5.677833627753971513e+01
6.514755896209447883e+01
6.690766589474014836e+01
9.799603039823304584e+01
-6.320516350450214560e+01
6.273867848596931651e+01
-8.759007210322609183e+01
1.388597989341159860e+02
6.863618744437689490e-01
-7.692105268781744165e+00
9.898452588222983195e+01
-1.060707380188889637e+01
7.583207543621155367e+01
-1.876930739858882475e+02
1.177043360646565517e+01
-1.109358263660878237e+02
1.036025741329093393e+02
3.863210674184139748e+01
-4.772614354513782686e+00
7.093740921953295242e+01
5.374674818389230779e+01
1.650226999620444701e+01
-4.496896032714357005e+01
4.015577603979646426e+01
3.535723908050709241e+01
8.856818074130030993e+01
6.649937230252119491e+01
3.057933661285695948e+01
8.969291930649993105e+01
6.943764185350289608e+01
2.633160337350943081e+01
-5.755203784329607686e+01
-5.724275414355086156e+01
-5.115684985928745476e+01
4.208786455840245821e+01
6.677693787558158078e+01
-5.615854113731415964e+01
3.864674558222321821e+01
2.188990924527231741e+01
4.393405342058818519e+01
-2.685201639054669087e+01
-1.246316059626322641e+02
1.117549496068938879e+02
2.099321448286042724e+01
7.052354578880988356e+01
6.260465884151152238e+01
1.201011536926515362e+02
1.105893302445507942e+01
-9.982803729981183949e+01
7.314085516807328702e+01
-5.277175619157210917e+01
-1.213125689729375125e+02
-3.490607831041670295e+01
-1.592897917148927434e+02
-1.276289400558903679e+02
1.556739035030714717e+02
3.514084731443213983e+00
2.065631483529977075e+01
-2.243806039455023793e+01
5.884398569141120916e+00
-9.680507489629347617e+01
-2.196118461718947685e+02
-2.299403250148504085e+01
-2.430392868648015892e+01
2.505946051389719287e+01
8.384206059374221809e+01
7.855226610318629810e+01
-1.581546336522042928e+01
7.455343559503576500e+01
1.150016068319102835e+01
7.953475244616257100e+01
-5.362856091988102492e+01
4.492619916140337466e+01
6.614629602141806686e+01
6.863620134800997619e+01
1.031489335374426020e+02
-1.840751660866965267e+01
5.208954940344310813e+01
7.042318004678027599e+00
-4.272440282965548874e+01
3.767376235816259822e+01
-2.526265686021790202e+01
-1.481405930128325963e+02
5.669707547900907940e+01
9.433289547857495450e+01
-3.667932314464380994e+01
-7.330914180327565077e+01
1.271687583561494534e+02
-5.112111495921260484e+01
5.519277024425180400e+01
2.350227830772762445e+02
1.165665437045769863e+02
-6.141386490911047247e+01
-3.184821076522725392e+01
-1.000196374934651118e+02
-7.745845058537996408e+01
-2.362600097147018374e+01
1.083468375451392873e+01
-7.772272465987187218e+01
-1.976269250642144470e+02
-6.672369417640462075e+01
-6.008793383307667568e+01
-1.887858386123163541e+02
-4.170012356683325372e+00
-9.225530202161849047e+01
-1.321375647620567122e+02
-6.206638578048125510e+01
-2.999770832658764519e+01
-3.104637138838957711e+01
7.288932624121515857e+01
-5.047516243725393537e+01
-2.350744943833992551e+01
1.064926311522148836e+02
-6.641170972639707770e+01
-1.735772621010653722e+02
8.230356189315402560e+01
-5.234492714807364777e+00
-1.147139580448030500e+02
-3.519818544974722840e+01
-2.195119206133901102e+01
4.080777191480546406e+01
-9.672733045853861711e+01
-1.215212336389754810e+01
1.463143524790088463e+02
-6.044466330798799447e+01
1.145949954055721207e+02
7.550969029513397324e+00
9.918881316467607689e+01
-9.989425839061008006e+00
1.516653866989500727e+02
7.854193228424593087e+01
1.057207201510085639e+02
1.275582394066087062e+02
1.075754146480767162e+02
-5.929665101265703697e+01
-1.687515478155586948e+02
6.965771343048112385e+01
1.341952391192928307e+00
-1.466008887181416043e+01
1.149862846039093114e+02
1.960896226374753226e+01
1.157524090052215016e+01
2.408866543841488905e+01
5.458524793360960814e+01
-1.150391581455727597e+01
-5.117331192728482847e+01
-1.120813671746823843e+02
1.986988583654438116e+02
1.038616336738170531e+02
-4.563038061144111879e+01
6.673166913084155283e+01
-2.128423446869488345e+01
-5.077508943194062141e+01
-1.226862654287644006e+02
2.156532038451858284e+02
1.115683318996774531e+01
1.850505076971062479e+01
-8.323919047185302134e+01
-1.051152258413004432e+02
-1.663753482955329233e+01
2.190565840883455735e+02
9.909350637903891368e+00
-2.914569625929321717e+01
1.089830326226158519e+02
-2.150187796318275169e+00
-1.464579921472035551e+01
-3.593492594851768729e+01
-3.000332035470234260e+01
-1.555669424029688841e+01
4.913499170712884023e+01
1.663315617682160052e+01
-7.265578552114244815e+01
-1.085980696600051658e+02
3.440864783162261631e+01
-8.763814554386247835e+01
2.556490699826751722e+01
-2.585030559054722588e+01
-1.533648706097978902e+02
-8.891551321647617101e+01
-7.196525994284759520e+01
2.267629970311639198e+01
8.151292381718263869e+01
-6.066740906751341100e+01
8.904372243575795665e+01
-2.961954383076184172e+01
-1.847218537942273144e+02
1.672082881253714959e+01
1.840629760680814684e+02
4.119525640538789446e+01
-7.888901709119559769e+01
8.316041521536777736e+01
8.769321076343858579e+01
-2.134512718212573361e+02
1.235795494775516659e+02
-3.277059799233109771e+01
1.201583492924673147e+00
2.601113503638429236e+01
5.619149010616706619e+01
1.311674730768334882e+02
-5.319750648645671731e+01
1.755641403312262128e+01
6.540566641449721885e+01
9.928250962262671919e+01
-4.312797666672123142e+01
-1.241975722495275392e+02
-5.255825572515836797e+01
9.280763716981783773e+01
9.098480549688572339e+00
-1.188420735693168666e+02
-1.565791228689645038e+02
-1.363205997628513977e+01
-1.312764792859559293e+02
3.969588409485400149e+01
-1.921605182718341780e+02
-2.650353814678342346e+01
1.063978059228755484e+02
-3.094321732354283316e+00
4.269976592286356976e+01
-1.150132979529940940e+02
-5.015561381054554602e+01
-1.099812189494164585e+02
-9.376480868542448377e+01
-4.230216077597679813e+00
-9.123429675339551181e+01
-1.905019371768893066e+01
1.007104529602228524e+02
-1.497128529213426020e+02
6.158102318385891039e+01
1.431776624628799688e+01
-8.892347590796137524e+01
1.213746505552027628e+02
5.543130834173469879e+01
-5.585536629587326729e+01
3.848681727687934995e+01
-6.979614837429815566e+01
7.310154347366851368e+01
-6.596787405163563278e+01
-7.013669527291363615e+00
-2.224758228145958228e+01
-2.427363088684903047e+01
1.518223211074343908e+02
-4.875571183126341168e+01
2.383498846321105447e+01
-1.516605219871628947e+02
-3.449122949014672912e+01
-8.511239380835260704e+01
3.682013137297949612e+01
8.313736974753132358e+01
-4.892733732767297994e+01
2.467912331163543982e+01
3.316759911287586959e+01
-3.132570186798142231e+01
-8.846851527861898035e+01
5.456523098853343967e+00
-3.427879673360605750e+01
-8.191713258449036061e+01
-1.605761294414928955e+02
-1.384219290946257708e+01
-1.470972049682029308e+02
4.049414134454904257e+01
-7.589048655009182198e+01
6.140253047015691301e-01
-2.209366632548903553e+01
-6.494690807433134694e+01
-1.141591205711958565e+02
1.730577551471114930e+02
-1.507003186859218715e+02
1.241202082083261331e+02
1.070862930738251748e+02
-7.945268664270780334e+01
-3.960491109070179050e+01
-2.631199980819860684e+02
-5.929516296031439992e+01
-8.004378663844136099e+01
-8.358035717495508266e+01
-8.738165646602709558e+01
-1.787543691173867355e+00
4.944829270173751468e+01
-1.067986583141438359e+02
-1.931407346049156217e+02
-1.848480824760282815e+02
-6.548990986141747328e+01
1.334867740727934518e+02
-1.057923365136313123e+02
1.051408204829764799e+02
7.584657362817736725e+00
-1.351097232711661000e+01
-9.739713185719264743e+01
-8.980737639676966921e+01
-1.980071030405926820e+02
-1.424503942807151589e+02
-2.001584090721474922e+02
-1.625134888891933826e+01
-9.594936043743628318e+01
7.155715096891985638e+01
-3.445246459344458856e+01
8.896792445943579253e+01
3.488030999058752002e+01
7.129934599727094735e+01
-3.207194196209120918e+01
2.531465009094976182e+01
3.682434930354924063e+01
1.329506175807521515e+02
4.573742467214653118e+01
5.182516703606230379e+01
-1.122383176037827042e+02
-1.251434282212214413e+02
3.646455140342137025e+00
4.641978181622852873e+01
2.589446817471071327e+01
3.959152403756073113e+01
-1.322266050537412525e+02
1.483664047373150652e+02
4.990632900068354161e+01
1.017399158016838783e+02
7.439528038768184359e+00
-4.269903065646833795e+01
-1.108003739459801693e+02
1.190750909251200618e+01
3.702181202411821204e+01
-7.143622200220784180e+01
-6.414011029988368762e+01
6.725747016710401738e+01
-1.008861069244637747e+02
-2.086574702843217111e+00
5.767382391171844347e+01
-1.991120896407161567e+01
9.134259411893992819e+01
9.685968379438289588e+00
-1.319036734850721970e+01
-6.508398279322121027e+01
1.673424446065704103e+02
1.002828325594802408e+02
5.087996287334222245e+01
5.977172221009589492e+01
-5.144557185237024299e+01
8.911519098889577606e-01
-1.096312036521174527e+01
5.343744887242402086e+01
-1.745993317113119190e+02
-1.793581403273098545e+02
-2.125397543597915728e+02
-1.034131392508319465e+02
-4.458426680186300217e+01
-1.255795745310750675e+02
-1.286090605034054235e+01
-6.989290267683043112e+01
-9.388712832347991366e+00
4.310893057423473351e+01
-1.757356426022652442e+02
-9.579627892376986154e+01
9.351014554821441038e+01
-8.998177702022722713e+01
-1.076021924329223936e+02
-3.199726094952094613e+01
-1.260520656325306987e+01
-1.204664040550350990e+02
-4.732321110650969587e+01
-6.965925457371347385e+00
-9.325162859337737586e+01
-1.095329523732695947e+02
-1.243370908865948721e+01
-3.051043886279585138e+01
-3.362385361761838709e+01
-1.166904690459850826e+02
-7.182421995545851701e+01
2.801458942838130284e+01
-1.230162089611106353e+02
7.740932223043976990e+01
2.552682379958451264e+01
-5.684948509885764167e+01
-1.002408409603918500e+02
1.484572580862550240e+02
5.886099368900266171e+01
-1.254458568506001939e+02
-7.866535906660116950e+01
-1.084490192773456272e+02
1.299236471394320915e+02
1.394707014328530192e+02
-6.581632328934711040e+01
8.556808601928898383e+01
-4.077323496913802359e+01
-5.823273086549804134e+00
-4.397634822993786941e+01
-3.827914779359527842e+01
-8.164527840538201531e+01
2.817395139390284697e+01
-7.511869663408546671e+00
-1.641250954656438310e+01
4.956995239961906918e+01
-5.133652081976705972e+00
6.458166280584566721e+01
1.881938011724792261e+02
-4.134241512655862039e+00
7.512240674996846224e+01
1.030308755310400812e+02
-1.481344416198613487e+02
5.213817002275404633e+01
1.012605247843972123e+01
3.055516557678242151e+01
7.626873665992480511e+00
-1.712873559674074500e+02
-1.381590869577925673e+02
8.738832665602281224e+01
-1.101858665914907220e+02
1.398043516990634316e+02
-4.801566454066537482e+00
2.010019223468833971e+01
4.079387098633040409e+01
1.238744379912931919e+02
1.400534465207730079e+02
-7.027349212922175070e+01
1.452248229552031766e+01
-8.292440101871827096e+01
4.359847352127621178e+01
-1.615911412656344908e+02
-1.480442272130445858e+01
-7.444238275408208594e+00
8.808502517536213716e+00
2.598729564929880809e+01
9.453650678817945163e+01
1.139969274516925850e+02
6.049638455572316786e+01
3.023937505457309438e+00
7.152423423179877204e+01
-1.136879837494704049e+02
4.879944116306880630e+01
6.760547445878439987e+01
6.828653182576048586e+00
-3.103773900496582527e+01
-1.116566054702972366e+02
1.631111223398403354e+01
-9.148456169967592189e+01
1.926365025049366579e+02
2.912471038068746765e+01
5.713682146832372410e+01
2.398686227575666408e+02
-1.688006161943059737e+02
-1.316572567893124130e+02
-1.402727919061923672e+02
7.274494871997414691e+01
1.368459110272730470e+02
1.369119605785851377e+02
1.461395438130410582e+02
-3.193627021084315842e+01
-1.676607577590866640e+02
1.081690111270863319e+01
-4.066805548412364146e+01
-1.459578641450970906e+02
-7.980816983109906460e+01
9.870594842318966755e+01
5.328139270599887567e+01
-6.464350394999141258e+01
-8.239828032523811885e+01
-1.817396620595517334e+02
2.042771421086305281e+02
-7.418716596752896919e+01
-1.063945160458227264e+02
-3.954358571969311242e+01
2.931290533665810827e+01
1.267225179528863066e+01
-6.997162797050084038e+00
5.422500897601727132e+01
-1.262605777330246752e+02
-5.306259435355950416e+01
-9.078535504791064170e+01
5.517207134602529095e+01
9.428245927353270872e+01
-8.144141502115881792e+01
-4.834622292788218800e+01
1.804964412309946198e+01
8.244330087519189476e+01
-8.085324231796704453e+01
9.411959143280459728e+01
-5.915309556729982177e+01
-3.674342697395027102e+01
-3.238051199801545010e+01
8.145084534803113741e+01
-5.864439415885147611e+00
-8.775448547896718310e+01
3.435173004047866385e+01
1.545998201243832852e+02
-8.476767389190301571e+01
1.145277853257100276e+02
3.426873689002439249e+01
-2.026238267856850825e+02
3.265153430564917869e+01
1.814273734715309772e+01
1.209679284692595473e+02
-3.739684234552341735e+01
-3.874077440614237133e+01
-8.095052689301046200e+01
-3.650490728943680097e+01
2.724719001487580883e+01
7.272706233196203129e+00
-4.809566642516271173e+01
-6.272209054763423097e+01
2.251722955745512778e+01
3.573977776369759596e+01
-1.143776574887951938e+02
1.892231155071859519e+02
8.495098957544928453e+01
-5.441512778515080839e+01
-6.256964470937197120e+01
5.374275451335038412e+01
3.847465523123206310e+01
-1.094261170248558379e+01
-1.426224428158395483e+02
-9.536764462695923328e+01
-1.999511545490364881e+02
2.000310953356222399e+01
-1.145875396390529630e+02
-4.293032862971766406e+01
-1.756702507622016185e+02
1.220796947090746016e+02
-8.447140798561784791e+00
6.191530164138572445e+01
3.054681425115474624e+01
3.560059657054619464e+01
-1.433921574102439820e+02
-1.087966194863860778e+02
-1.622613463963520353e+00
-2.580160125731733274e+02
-2.736385269270328280e+01
1.704020031564227722e+01
2.585473711783679462e+01
2.304015121537157817e+00
4.768877991306032982e+01
-9.310982863201861903e+01
-1.003515048049455203e+02
-6.153167389911376794e+00
-9.600920424973003264e+01
3.941651983563391326e+01
4.700398241533457622e+01
-4.666009044413091544e+01
5.842954875691292216e+01
-1.415805835966500865e+02
8.247404758643612865e+01
1.775341173693016401e+02
4.766964337758371073e+01
-8.897028120432790388e+01
8.862288753650625495e+01
2.115410929030282432e+02
-1.849990856020828289e+02
7.716153651906651589e+01
-5.154221515962015587e+01
3.084911911654119621e+01
-1.510243669786768237e+02
7.393840656651245524e+01
4.287657482305287004e+01
1.578395541315651656e+02
-7.287218564097916840e+01
7.633440148864907826e+01
-2.082207643287422343e+02
1.724817522588788066e+01
-7.203813414609264498e+01
8.141088895153248473e+01
-1.170100884415690672e+02
1.340044750823933555e+02
-4.102350893092787487e+01
3.498138746193490078e+01
1.985473085920449066e+01
-7.069548424319773972e+01
-1.291717169656101589e+02
1.660699210625453759e+02
4.927859924549808568e+01
-8.657762351636009157e+00
5.557670216846140931e+01
1.670568952278420909e+02
-8.320480754633646825e+01
-1.061717020831747789e+02
-9.837694104941955686e+01
2.835200393136136299e+01
-6.400911810503704658e+01
2.980354463323176262e+01
-6.779955755622710001e+01
6.252901193973372074e+01
1.173051207814140184e+01
7.060485400575258552e+01
1.309554594213924474e+02
1.244704851414401219e+02
-4.053257285874042992e+01
-2.165839364370536941e+02
-1.631688355102435750e+01
1.103487712347228200e+00
-1.064477209677713461e+02
1.130145917441437664e+00
1.131505915438069554e+00
2.300603861287481955e+00
-5.318859060875450950e+01
-4.801401996278264050e+01
-2.553621324251550391e+02
1.939918519385213713e+01
1.412728060394598515e+02
6.276301089338857508e+01
-7.634129021608197618e+00
-3.495434355969104789e-01
1.206114237843055648e+01
-3.325093260942026774e+01
-1.174989986275941476e+02
5.708800353128808780e+01
4.121757234564614691e+01
-1.574917970060325878e+01
-6.115822901806086520e+01
-1.179656686727439592e+02
-1.739892920730561698e+01
-3.141161346008364674e+01
-1.737949539715452119e+01
-1.064901571856387363e+02
-4.711883568892207563e+01
1.666115078680242902e+02
-5.369009942552263226e+01
1.848684350692987266e+01
7.959074044164157158e+01
1.442750525635006227e+02
-1.378873058671830734e+02
2.362865067567769017e+01
-5.216879040762589170e+01
1.051410335985788151e+02
4.779183281248164405e+01
3.215780822783150938e+01
1.092422949469537485e+02
1.778910621661145086e+01
5.188074220803183145e+00
-8.785500949948823290e+01
1.895407238687958440e+01
-5.906740293139880293e+01
7.473397193198738364e+01
7.589963680124044743e+01
-2.526237775129272478e+01
1.710758741844312567e+02
5.536274752057538606e+00
-7.178642178408080099e+01
-6.041990662753645580e+01
-1.804069715932056894e+01
1.246129305473862559e+02
-6.269171882360446801e+01
3.451325750006048310e+01
-8.630398079645382836e+01
7.937245469221470273e+01
-7.097362107513986018e+01
3.801946800576436658e+01
-7.557220160626600602e+01
-1.075637704696255241e+02
2.049382046876191907e+02
1.286590933094049376e+02
1.036755059492015789e+02
-1.732775103829707462e+02
