5.904308704873559321e+01
-2.814906512805146690e+02
2.768197473441854939e+01
9.209864496459374550e+01
1.568491496999836556e+02
-1.480763866764077932e+02
-5.839582859515041946e+01
-3.591938546226936779e+01
1.156282043329388642e+02
-5.577744123094613116e+01
1.476530452316065123e+02
-2.752420817951356113e+01
1.018700635453337071e+02
1.430032631309114777e+02
2.121368131880181807e+02
-9.491507418686215658e+01
6.591352115588129834e+01
8.443045053443016457e+01
9.162313950670679219e+01
3.571082033526621302e+01
1.794295041639142028e+02
7.806707563559113794e+01
-9.464649436377285951e+01
-4.574825843031183581e+01
-1.408882787141339747e+02
4.146552182052794677e+01
-4.984414930425111834e+01
1.092645587108545016e+02
-4.288898339170507512e+01
-1.041658090030680661e+01
-4.519056650141035192e+01
-1.029185383991909930e+02
-6.085871368437356921e+01
5.612405749727602711e+01
-1.391517944930631643e+02
-3.953976860472972987e+01
1.565497026132787255e+02
-1.067856437972164230e+02
-1.056014242546824278e+02
2.405063373701785778e+01
7.329534411583684061e+01
1.960435044439189767e+02
2.568586169393261898e+01
1.841792721625762113e+02
-6.311365694947544824e+01
8.323417301046109174e+01
6.824263107157062791e+01
4.709426455362009278e+01
-9.174810557859619564e+01
1.213741021824639716e+02
-5.285574305848426491e+01
-1.223421442585621719e+02
1.394069994099180860e+02
1.213520762131948949e+01
4.171416254589752270e+01
1.536643573477170150e+02
-1.065687232169886585e+02
-9.484586590261136507e+01
5.715297274598511024e+01
4.372141192470529347e+00
-2.413157650617331171e+02
-2.122633952455945519e+02
-6.661104822707115147e+01
-9.106033031478584405e+01
-9.363834937763502353e+01
8.884190935456190630e+01
-1.411058246282611321e+02
5.917208861584318669e+01
3.369702864735215542e+01
1.878784593084411938e+02
7.972601782962377115e+01
-5.196069881369800925e+01
8.147938000825312166e-01
-3.214663655427790534e+00
-1.180199817377151028e+01
-9.871961893201242333e+01
6.670226236261859754e+01
6.294679206261737647e+01
7.363824863682076227e+01
5.432489750359611946e+01
-1.016072321613866691e+01
1.467653992637241060e+02
-6.849868160988931720e+01
-9.800564913048852134e+01
1.206858849145389989e+00
7.029732549496365834e+01
1.415986953734473559e+02
-5.971215436218179207e+01
-4.961288838370919763e+01
-4.250704336414165851e+01
1.414682211246674797e+02
-7.324854023883641219e+01
-6.252959472928483109e+01
-7.652410369250081601e+01
-6.523196597892454918e+01
-8.754098295525353990e+01
-1.076349948531915999e+02
-1.049324636203534880e+02
8.744874269324077432e+01
5.778697983524335946e+00
2.659302291850879669e+02
-6.091541931427366663e+00
1.586078428081750076e+02
6.359510051275838549e+01
8.460495199626251406e+01
1.633019874632751396e+02
1.329475634155491903e+01
8.851495045942658635e+01
5.566456889013190334e+01
4.426493851477522412e+01
5.497990257001011827e+01
-1.785179138895545492e+01
4.157741646257815660e+01
9.761883426336480341e+01
-1.269630614126637482e+02
6.926292629184436578e+01
1.398528523214666848e+02
-9.903015364124375708e+01
5.780695283842851495e+01
3.390631841541429026e+01
-4.654598113502238732e+01
-7.100848542934369334e+01
-1.421502434985766001e+02
-3.397865535360311640e+01
1.275948380314153070e+02
1.928982873201838686e+02
5.067247029191667451e+01
-1.522828335779082920e+01
1.648528459403657394e+02
3.012149832002955918e+01
4.055107412691960178e+01
6.599049060281576828e+01
-1.981083751120412444e+02
-8.328780997992016921e+01
-8.081320572371933508e+01
1.443200373993177550e+02
2.116660736919971697e+00
1.346986430464296518e+02
2.861539302900651904e+01
8.657136794055844575e+01
-8.247359109690106038e+01
-2.100728969312110728e+00
-3.637195684899252512e+01
1.945859580422608914e+01
1.481126577779315134e+01
7.246092194476452164e+01
-8.566966164939120176e+01
-1.441434452358036538e+02
4.960953863818394183e+01
-6.858337422829781360e+01
-8.290451762439481342e+01
8.555688651476509676e+01
-1.511409286236428073e+01
-1.306531142005302684e+02
2.141721242815962611e+01
6.265901483273994188e+01
-2.080523617664197644e+01
-1.283765379101950721e+01
1.818639567153057257e+01
3.273332170174215605e+01
1.245098767489739231e+02
-8.673343560065529090e+00
-3.408226866252235254e+00
1.389230284862241831e+02
1.091412103095117061e+02
-7.345091109493651516e+01
6.926926625085576461e+01
-1.286822488889072815e+02
-8.800390196719412472e+01
6.172437685449254730e+01
1.524902795121476906e+01
8.904960328470015440e+01
3.311733292197900358e+00
-6.598465116818266196e+00
-2.318592871796589066e+02
-6.236982395046963035e+01
-3.569667334867103392e+01
1.101624416716958876e+02
-3.665253771221114931e+01
-3.752572427598387605e+01
-1.055900019129579590e+02
1.088205784560199874e+02
-2.888855546551200026e-01
-4.510388803812426062e+01
-7.469608315560221001e+01
-8.085182262868634950e+01
-6.552267257423224578e+01
1.174761092393765125e+02
3.548216837430955195e+01
3.533040303207887689e+01
7.723627027826782410e+01
1.438001094270170199e+02
-6.472145980530441989e+01
-6.819175953778145072e+01
7.452529233798406949e+01
-1.398129384917442906e+02
-1.812102661716436458e+01
1.320414625344712363e+02
-5.074992648044608501e+01
6.707610198804560753e+01
-5.700559705010957856e+01
1.271481572902804658e+02
1.614637645585676351e+00
-8.479679176226918358e+00
-7.532384246713914422e+01
-9.536223986260250740e+01
-3.274753685263717529e+01
-3.177053845470153348e+01
-3.366496423216344169e+01
4.658126645115267195e+01
-2.634599158088768434e+01
1.840274680756447765e+02
3.709687892159040601e+00
3.713775855669246084e+01
-1.446055797355931816e+02
-2.047816309999314797e+02
7.922853664154587250e+01
-1.194207264757023665e+02
1.115567779440757334e+02
-2.804971244980851708e+00
-7.419103885493747441e+01
-9.436319541727900173e+01
-7.884651910604283387e+01
8.354417129852890866e+01
-5.216524357964503622e+01
1.766338224202461902e+02
-4.392061821439035896e+01
2.501136719177425505e+01
1.927876345154757232e+01
-9.372596638448661110e+01
3.431208441459461511e+01
-1.461223026344381708e+02
4.989086589035689911e+01
-4.868406279159305683e+01
4.637175365465245136e+01
-8.951068591900491356e+01
-1.371059013241792357e+01
-2.840673895653933467e-01
-1.604296147993398147e+00
1.756296651468125845e+02
-7.313959432239404634e+01
1.203354767992654217e+01
3.828252986355226994e+01
8.587591189535011438e+01
-1.874404733350348806e+01
6.031096657015430651e+01
-5.678048022800733463e+01
-2.013500529251792273e+02
3.404668633099386454e+01
-1.090097682802870906e+02
-9.001875910331740727e+01
5.625618514253660862e+01
-6.970285078303318116e+00
-1.211732601480673424e+02
1.972095941116101514e+01
-5.394364095972998285e+01
-5.611539650661840284e+01
-1.482668745489917512e+02
-1.200567890885862994e+02
1.980064304938880753e+02
2.449099169578895641e+01
-8.147423022720684571e+01
-1.561487808881565442e+01
-1.357877145241506298e+02
5.141661399745603234e+01
1.828906639700685446e+02
2.969744783374306607e+01
2.027458348967057589e+02
8.885779964180144930e+01
-8.537126832752829841e+01
-1.180441489005660749e+01
1.388761066706906036e+02
1.385436167548648143e+02
-9.554519944199574866e+01
-1.176222382173966707e+01
-1.619797392216996457e+01
1.636731722081146927e+02
-7.795919354993554862e+01
1.158349291869921771e+01
2.958069861756622743e+01
-3.557847799800052258e+01
-7.998418858477880811e+00
1.114516738498093389e+02
-1.372825402002310682e+02
1.386672824017775838e+02
2.634062421482443028e+01
-6.869162457554811851e+01
1.144058145897544279e+02
-4.724825166084873018e+01
-9.505015032727736468e+01
2.569732970406359485e+01
7.913412691644498409e+01
-5.578058078078824167e+01
-6.957740389335894804e+01
9.534819540832856433e+01
6.315739385823468943e+00
-9.766261623444917461e+01
9.505729554397763081e+01
2.241691489905614532e+01
6.149799574074576469e+01
-1.482213915088345573e+02
-3.870240576406100530e+01
1.232839730292748186e+02
6.365068445030041033e+01
7.643758379516947699e+00
1.117084125573929470e+02
1.001737439013681730e+01
-1.809151093288047321e+02
-2.663924236921564415e+01
-1.797526736144435802e+02
2.031569383886964886e+01
2.563925672740259998e+01
-2.368609700999172674e+01
1.700640342349837226e+02
3.164389247891969958e+00
-4.885291768418107949e+01
-1.387769353471421709e+02
1.326668643556795644e+02
4.017762632258008182e+01
-1.071009542856583252e+01
-1.995365128526088938e+02
1.536063877904956954e+01
-1.253769217737393760e+01
-1.947511030786382094e+02
-2.117716413425139876e+02
-5.400227446538763409e-01
1.523679701746223714e+02
-5.616328628445143778e+01
1.753255327127644705e+02
1.954808042228727913e+02
-6.326198809098558939e+01
-7.696450945254522225e+00
-2.089311248675119614e+01
-2.589693166596217679e+02
-8.096533504770977174e+01
-7.251718513251818266e+00
-1.331630836849890613e+02
-4.108682126465772910e+01
1.438535196703161887e+02
1.411183138459006337e+01
5.436257717745314721e+01
1.543813548832802098e+02
8.442669285444080174e+01
-4.577963083455280469e+01
1.563512840704601388e+02
6.373003401583331851e+01
-6.404610865913767270e+01
1.394546415177094048e+02
1.596858921100170789e+02
-1.076983914297608607e+02
1.255089789095254673e+02
-1.203528517408689140e+02
1.290004971786984527e+02
-1.115678114425429897e+02
-3.957017478725375348e+00
5.579948253397954261e+01
-4.545098046391206736e+01
-8.597998880479295281e+01
1.616899981900771763e+02
-3.897433070873235295e+01
-5.539467381800619705e+01
5.569850287724413107e+01
4.036895449440867623e+01
-2.932725408306353643e+01
8.544477628447917539e+01
1.491326462061261111e+02
1.718602233815598268e+01
1.023711930510231269e+02
2.951833383677070799e+01
-6.311845923208785791e+01
2.012348110750242256e+02
-1.189818969524115602e+02
-1.876328745479580675e+02
-1.124746592984412388e+02
1.261584412285503447e+02
3.195601997952684670e+01
-1.590191105638355396e+02
5.484537016447786328e+01
-1.661886338133067227e+02
-5.175922384147069977e+01
-2.783544188889658955e+01
-1.505533631126687055e+01
-1.079389958144922446e+02
5.173308529701022707e+01
9.902016868855434950e+01
9.354068313646837396e+01
-2.707143107921293090e+00
-5.584836741134539295e+01
-1.062221035015437423e+02
1.185432761618836253e+02
1.476550706879032475e+02
-7.592561738410530836e+01
1.450779063441665357e+02
1.893300651816770710e+02
-1.108946161748749581e+01
-1.147270521542635748e+02
2.076077297544115083e+02
8.990096186292781510e+01
-4.105231542598136230e+01
-1.272176325696501920e+02
-5.815371153567859608e+01
1.230553823358738583e+02
-8.118843442290501855e+01
-2.357421657767266154e+01
9.514905214529842681e+01
-2.931549573938390552e+01
-2.440569249123906204e+01
-4.626459842791037147e+01
1.212125111030521794e+02
7.703638906748984994e+01
1.445189779863619606e+01
-5.534172637492279989e+01
7.383101241454190244e+01
-1.044064813660755107e+02
5.909244825409964363e+01
-1.237763267392937365e+02
1.074630621825955501e+02
-2.068948861597754671e+02
-1.142074582048334577e+02
5.400868025227612002e+00
-8.216154581456596873e+01
-8.290252646312200113e+01
-1.167080439691775595e+01
1.195938376491921140e+01
-1.127460005897101070e+02
7.736601560293910040e+01
5.964788029780995515e+01
-1.084082273309563647e+02
-4.034985885099522562e+01
9.162880936275065835e+01
-1.784108727213338597e+01
-9.561884382054481080e+01
1.703560175319674670e+02
8.250321430375208820e+01
-4.247246753845249145e+01
-8.012170067814598440e+01
-5.496628003257345085e+01
-2.284716472155384963e+02
4.313418029055216607e+01
3.372614934065011738e+01
2.400277494287699209e+00
-4.837395048995282565e+01
-7.312296883492273025e+01
2.355507916129499506e+02
8.462549615463117902e+01
6.510685936522553163e+01
1.852933425311125006e+02
-5.009406616991363137e+01
-1.489455688221602792e+01
5.341557731587113267e+01
-5.609589270015296592e+01
6.634065705960850323e+01
-1.819608800237488708e+02
-9.317027666478283265e+01
3.666754938367112970e+01
2.590092186232246263e+01
-1.459531212186773530e+02
-1.604900554350593467e+01
-6.419444537117965410e+01
1.782948101787603079e+01
1.376532464086979424e+01
7.553613877811422128e+01
-6.441578931637783967e+01
1.160194636246752395e+02
7.433004405409721471e+01
-1.173444297253130912e+02
-2.513863474885310367e+01
-5.818727946194612599e+01
7.190371361843502029e+01
1.673474284458029899e+02
1.149538922050607965e+02
9.513712170593612427e+01
1.933129722125337935e+01
7.299489588435508836e+01
9.773139572602002545e+01
-1.059260646980647635e+02
-1.317429007937665517e+02
1.718529083327425866e+01
6.305244949089779283e+01
-2.171170477887725525e+01
-5.331003792650037099e+01
-2.588358543749985685e+01
1.424280164118254000e+01
6.515206758302164758e+01
2.438639336192266427e+01
5.025028478203937965e+01
9.951494447978491564e+01
-1.097300612662979518e+02
-3.430920702203064110e+01
-6.974747887518047662e+01
1.376608334621465133e+02
2.084523990238117719e+01
-1.733585993153923699e+00
3.258156900319010418e+01
-1.076732465233530860e+02
-2.319679190373546618e+01
-1.651491240491318280e+01
2.516743609231926726e+01
2.154562393581661794e+01
-2.421454809535810284e+02
-7.275493472563330499e+01
1.757045464340080088e+01
1.044219257791300137e+01
3.381029303721334855e+01
1.064339445422263566e+02
2.479612584240401318e+01
-5.673273089951438664e+01
1.186852894386088195e+02
6.828156949112945995e+01
-9.700420526143919631e+01
2.230281295500471472e+01
-2.343064269753363860e+01
7.583914899793181519e+01
-2.400983740205341732e+01
-6.244009819470278444e+01
-1.285292155442070055e+02
-8.316514959732596424e+01
4.406302429391093511e+01
6.235084465366968232e+01
1.562475761514139094e+01
4.494441172415342578e+01
1.169748294801739377e+02
1.303949050589642056e+01
-9.887634199977780369e+00
5.900815233592098963e+01
7.347952152185267494e+01
-2.581487308299659276e+02
-7.875317136036802879e+01
1.367733969131667893e+00
-4.354535904426970205e+01
5.622063640003675999e+01
8.419688136049016336e+00
6.135416109649067096e+01
-1.440526496428281575e+02
-7.555616498846663376e+01
-1.473171322048484058e+02
1.927698869691360173e+01
-1.652012288036340806e+02
6.996426202233895708e+01
1.158198412787373428e+02
-2.885947697504936400e+02
3.855108464179828331e+00
-1.267897355257427883e+01
3.179248370791056644e+01
3.991801095377903863e+01
-1.067937213109586594e+02
-3.229800851796163386e+01
-1.081992490838880272e+01
7.562200679009544046e+01
-4.746085532650909045e+01
-7.403663533649591955e+01
-7.021930836493437766e+01
9.073018492025703097e+00
-8.737140367367894100e+01
3.930567603319953207e+01
5.772883738191286973e+00
6.403494220683754179e+01
6.452820062921328770e+01
-5.675053681182515675e+01
3.560331857871756256e+01
1.035383510592445475e+02
6.199113530622245349e+01
8.692727408876216089e+01
1.118181568081143098e+02
9.400524446470416295e-01
1.022983976117501292e+01
-6.878229999794837113e+01
-1.511430822372199714e+02
-7.613687204737957792e+00
2.650734790697465115e+01
-1.833741243289989029e+02
1.693681252562986970e+02
-1.488758910716195238e+01
-3.935528008841764347e+01
-1.069155162430699022e+02
-1.221250318134737611e+01
3.441944890419064507e+01
-1.065786271100860461e+02
-1.021294900449795904e+02
-3.005053881018303841e+01
-9.657696677270539709e+00
-4.290418065589674512e+01
-2.629434802966913409e+01
4.996242109335463510e+01
-6.590649134304771906e+01
-1.174472049152225850e+01
-1.000740660614479793e+02
6.079334372818719601e+01
7.725062201687808283e+01
1.742957549564494002e+02
3.819869965973940396e+01
6.451558849999621259e+01
3.688245977289084010e+01
-6.507429116513414158e+01
4.040339697348512260e+01
-4.312437832287173478e+01
-3.288501451051135405e+01
-2.115303148331214089e+01
-1.217277685475924898e+02
-8.858871312198034786e+01
-4.613321880787328411e+01
-1.394230326183250490e+01
1.615954570662515835e+02
-4.764558760047557939e+01
1.242509390097651050e+02
-9.074924024996278149e+01
-4.568843960950587046e+01
-8.997159621356704662e+00
-8.513034152246670772e+01
-1.148877512626236097e+02
-1.694740708955448270e+02
-1.292389817138153774e+02
8.343805683757813085e+01
1.154482147927362092e+02
-1.283610526472733113e+02
7.735933669960878944e+01
-1.117582990789693724e+02
9.367377849550067026e+01
-2.862196384710076558e+01
7.818338429018302804e+01
-4.093364246999339429e+01
1.659446302839991176e+02
1.595087513625170983e+00
1.854180444592077777e+02
-1.010072198881761096e+02
-8.183427533689258837e+01
-8.296967895985478947e+01
4.818852074364869509e+00
5.370072621022798920e+00
7.807987075165675606e+01
6.794085727291167665e+00
-2.880270092764679379e+00
-2.378940861285789481e+02
3.155927041163377922e+01
-4.941909972723774302e+01
-3.853502279741598358e+01
1.098214226267909481e+02
5.563319469591924360e+01
7.862112701358257993e+01
3.853562600405278715e+01
6.612543688519768637e+01
-5.472468407134807755e+00
-8.950889303947442954e+01
6.595887336027412573e+01
-3.214585013085707033e+01
-7.118996328137895091e+01
-1.661809815204093752e+02
-1.042371435441523602e+02
1.341370425679779999e+02
2.684713136778012554e+01
-1.200839426680513498e+02
-6.371047905605089312e+01
-3.759782060500212708e+01
4.455571453407713989e+01
-5.662332849579993166e+01
-9.077346521878803642e+00
9.330726704490824375e+01
7.843341481078167021e+01
1.726510918986355421e+02
-2.493564122093353319e+01
1.713226750692566824e+01
4.047019873833998105e+01
8.792838584030170068e+01
1.867891034282350304e+01
-1.494413160718650957e+01
3.384986054159436009e+01
1.102097752610462322e+01
-4.905790317987725047e+01
5.267603442267186864e+01
1.082607740505202685e+02
-9.409629994242089879e+01
5.886204441920891384e+01
-5.254309795728816823e+01
-9.804398356262591108e+01
-2.794012949532181551e+02
-1.304515738748828539e+02
3.778051962313873702e+01
1.861018280683288424e+02
-4.146185659718870653e+01
-2.522534843016448391e+01
-3.195426166771992094e+00
6.426495154802023535e+01
1.595524975751381191e+02
1.689630873446859027e+02
-1.201610268031141970e+01
3.084161573112759811e+02
4.831500491294758781e+00
5.150229213803029893e+01
1.152974058250065923e+02
2.615481735135298180e+01
1.484677067046252930e+01
-5.247972987956657676e+01
-4.210214527205331336e+01
-4.947082602323320089e+01
9.877422744641233265e+00
3.833657931435655541e+01
-5.838627035621164652e+01
-1.838112824220241350e+02
-1.496566737958431759e+02
-9.489531256459940778e+00
3.190379010410883254e+01
5.461239101177744715e+01
2.812060077580660788e+01
8.443103303114713754e+01
1.040825873706239122e+02
-3.366179960676215188e+01
-1.492967856415994561e+02
6.418206931736946785e+01
6.081093640444701265e+01
-7.194280941228467441e+01
6.007593578480338437e+01
7.211890028492240390e+01
-7.087744954166581124e+01
2.865920307972457781e+00
1.064223046113941109e+02
1.832704176660010020e+01
-2.268357105028628951e+02
4.648983870336881097e+01
-6.060787490227450292e+01
-1.241761668885677850e+00
2.050954833026249347e+01
7.579006902770267118e+00
6.965903473593174056e+01
-7.361936600369392636e+01
9.124763114956277832e+01
-9.054282338265106489e+01
-6.362828435040940889e+01
-7.890171507794713079e+01
1.934556390064730991e+01
2.344391309027700743e+02
-1.282494988128815550e+01
9.546996921319741602e+01
5.068574036352637791e+01
6.617249938508750517e+01
-8.009536779924144412e+01
4.472923459044794470e+01
4.187028336360326364e+01
-1.490118107343396900e+02
1.014569257157432389e+02
3.678475096761757612e+01
-2.518203013495488563e+01
-1.044731569692751378e+02
5.217992044413532682e+01
-1.886232053294998821e+02
-1.510878205941408225e+02
-3.967560982316744855e+01
-8.373080061880180835e+01
-1.231071563926874823e+01
1.751106267924988913e+01
9.740773614497987865e+01
-3.638784337557218151e+01
-5.118086686192532397e+01
2.079236834111867083e+01
-1.450814131523232220e+02
-8.875222470430463773e+01
9.985385693765378790e+01
-4.961086231338076580e+00
-1.875358646351884673e+01
1.099824883504330302e+02
-4.871232612432331166e+01
-1.230427366399806886e+02
-1.182927785352748913e+02
7.141202962138014243e+01
2.843639834571720471e+01
-1.135381071099286174e+02
2.576123972309637793e+02
2.282779344637991699e+02
1.084220094086634276e+02
3.733073976767847313e+01
-2.311990188039553402e+02
-2.421998270470564307e+01
3.065216165464774534e+01
-8.252164527434237584e+01
-1.082423314956581493e+02
-3.774895906241339105e+01
-1.223864562441103487e+02
7.065348351698077067e+01
5.589672245676986506e+01
-7.344996088635328135e+01
-1.834811917244232120e+02
-1.504087256189233699e+02
8.396726409935092761e+01
1.331099462836051828e+02
3.863140105572495031e+01
-1.255632860883872581e+01
1.322113160255271396e+02
-1.254851723722755565e+02
1.613062444474756330e+00
1.494860648992528525e+02
7.316948246834988367e+01
6.792100645108068591e+01
8.611348021988546009e+01
-2.347658002762129854e+02
-5.088601563001514450e+01
-1.277353088586723970e+02
-9.268113249816529731e+00
-3.609953513572168049e+01
-2.584120623395495286e+01
-1.069447345992872442e+02
4.870108896318264868e+01
5.311662501953049542e+01
-1.095213976703914405e+01
7.019669486572195183e+01
4.980823668818578653e+01
-1.236268405726508632e+02
2.897787445916208426e+01
-1.438835911281301492e+02
-5.751864641274894296e+01
-1.010895051058273424e+02
1.494412496948183957e+02
-1.242027256463653728e+01
1.593346658934537885e+01
-4.488081142632548648e+00
-8.022207897244013619e-01
-4.334161703825494527e+01
2.945075625346792947e+01
1.443796832391998066e+02
-3.166144443002331244e+01
1.973321163256158783e+01
1.846970577816049115e+02
-8.464503112957717690e+01
1.109095395660609142e+02
-3.236597142848497555e+01
1.600843315933507256e+02
4.066947163053811209e+01
4.048404804370404264e+01
1.294167462077228992e+00
5.543279174758932015e+01
1.377542278577430750e+02
2.890952923978788931e+02
-2.414202797821788593e+01
1.211766579446274363e+02
1.313219583873688734e+01
4.743907074487645303e+01
-5.511777159864863762e+01
-4.093417656001471272e+01
2.923609755915107300e+01
1.652639576757237805e+01
-1.261337723752254618e+02
-9.489364508360722539e+01
9.975329886312192684e+01
6.296274893043398713e+00
-9.964645628152688062e+00
-6.926660160730160953e+01
-4.933162123982948088e+01
-7.113592494493947527e+01
1.158390814057110987e+02
-6.079719947880614939e+01
-7.767519904813309672e+00
-5.088029935135109838e+01
4.632767545730908409e+01
-1.507251797100507273e-01
1.090291697190143694e+01
-1.921039260514463720e+01
-6.634597317576530884e+01
-1.525483711640117868e+01
-2.592278552099207189e+01
5.438265501573184224e+01
-6.155504710811503344e+01
-7.212517368309553945e+01
-1.298477528039139770e+02
4.077835030887136725e+01
-3.094507104157920629e+00
-4.371821816764497015e+01
-1.197483734363680412e+02
4.463787229965326020e+01
1.031408564493010829e+02
-1.629309513442900936e+02
2.643799057699452533e+02
-8.307459334741960078e+00
-1.727852021448461244e+02
1.265685622532228081e+02
7.055236678840809361e+01
-4.075567948025120302e+01
1.452975215368122797e+01
-5.010418847399559183e+01
-1.795290691700748482e+02
1.267093770270154351e+01
-6.431032103533780742e+01
-3.105235433437499992e+01
-1.764457358033809555e+02
-5.621206119527094813e+01
8.748738983222317245e+01
5.281882320705087608e+01
6.744808705891716727e+01
1.718844175940119783e+02
-1.600576564617084330e+02
-2.317125973432023613e+02
7.915687104938625396e+01
-9.253854287480039886e+01
-3.231380054039754413e+01
4.367462265560253343e+01
-5.851157423223621201e+00
4.415609192337614530e+01
-5.436061260511034021e+01
5.643338808037465526e+01
9.010895800786366294e+01
6.596831990023246384e+00
1.026061648504373665e+02
6.180283536898464547e+01
2.228239985383776656e+01
-1.168700949365192656e+02
8.187868559626305398e+01
-7.136868723727010888e+01
7.698761064719646185e+01
2.571807678089688665e+01
8.773557811868313649e+01
1.595168435865729180e+02
2.443952977160958895e+01
5.528726670696347156e+01
4.730593430558963064e+01
8.002056750800549878e+01
5.946268089135196888e+00
3.173519800954811032e+01
-7.555730908738935625e+01
-2.131037206291512476e+01
1.141136141724835653e+02
1.104273951200002415e+02
-1.255200090148439500e+02
-6.326750265629173953e+01
2.820023311104801067e+01
1.258696509276995954e+02
-1.100636959483322670e+02
-1.384751920449672298e+02
-1.159030196947675648e+02
-6.425208329141688068e+01
9.345157337715312451e+01
1.456680994234385018e+01
2.053754787469476994e+01
-7.416904249546531958e+01
-2.067454671275610423e+01
-1.322998336107158650e+02
-2.081712511450417935e+02
4.796403078151779908e+01
-7.613893907438470876e+01
5.829601218055481127e+01
2.284998115234621423e+02
4.212959894463566712e+01
-7.517065691236047087e+01
-9.538623162725075133e+01
-8.950359748617803746e+01
5.536305419397331917e+01
-5.279430757748063741e+01
-1.355308659695529343e+02
1.208517943661330634e+02
-3.880572215097217992e+01
6.435886133594979697e+01
4.175642423052664043e+01
2.100744151088204887e+02
4.487997411328752406e+01
2.105214715755341004e+01
7.588187098370526940e+01
-3.323798631436843465e+01
6.615690500872763380e+01
6.127114795564165917e+01
2.833803948754734847e+01
4.201666876094972025e+01
-1.934065351277884304e+02
-2.776149461159315734e+01
-2.669044968373118110e+01
-7.149924856221821301e+01
-2.848149572432253862e+01
-1.071514371291823124e+02
1.309690686560516326e+01
4.490236745368595450e+01
9.029305453897815426e+01
6.215115991548179863e+01
5.006683875304150177e+01
1.744230886920121293e+01
-3.405202404434606223e+01
9.247033558988240642e+00
8.762996008362411260e+01
2.241360712826277179e+01
-9.194286864078607380e+01
1.916214432688317117e+02
-2.171622576640806699e+02
-5.360323247335462327e+01
-2.315538365819836741e+01
1.291460372012381015e+02
2.525207016078236322e+01
1.054637427750787282e+02
3.815590296305139617e+01
-1.198746098469661945e+02
2.231388614502334988e+01
-6.116048852700042460e+01
5.056252926246341595e+00
-2.221912783629325361e+01
-5.734635779536922939e+01
-3.231385253240744504e+01
-2.285996341038080359e+01
-3.425114823678867992e+01
-5.491112250070895584e+01
-1.719678093564505446e+02
1.840719866709973758e+02
7.456046379022373571e+01
-4.278599704307755047e+01
8.107779499514670363e+01
-1.900111955777341066e+01
2.001587603705919349e+01
7.411130072086064047e+01
