2.076494316057737990e+02
-4.096217444718556067e+01
3.816089179331753911e+01
-4.695637490430929262e+01
-1.376065955881223886e+02
1.336056440329624024e+02
-3.212198383466580935e+02
-1.026785275997976328e+02
-9.882545986521506620e+01
1.591745326768509585e+02
6.037637655285260507e+01
-2.598755435806066671e+01
3.954211386276017492e+01
-2.603306121019229025e+01
1.408430574953102905e+02
6.762053906773407164e+01
1.953145524707608160e+01
-4.801751896325458802e+01
-8.441329385407063057e+01
-5.181128117487367746e+01
-3.365856361249822015e+01
-4.495878999383034369e+01
-9.575499057838791828e+01
-5.614303390396084836e+01
9.624378880391992652e+01
-3.144468362519069871e+01
-4.656080737033448003e+01
-9.423925530071967671e+01
1.240767073346174669e+02
-2.138467072708826322e+02
-1.996634776771949404e+01
-1.206746428559346551e-01
-1.368709100639492249e+02
2.602258631688429347e+01
1.846213209221853901e+01
8.922013711585408657e+01
3.940410902452362052e+01
1.374308723133591172e+02
4.157563044389781304e+00
5.956495565424293659e+01
8.870891682749855534e+01
9.916708793748334472e+01
5.210130730570773494e+01
1.401531923489765745e+02
9.143874185103074126e+01
-3.450058962191000234e+01
5.534180410817894114e+01
2.989752738021998368e+01
6.938807377745881411e+01
-1.075527088966855587e+02
-3.151690173593654976e+01
-3.006314432786038182e+01
7.227925269411032616e+01
5.806750619370217237e+01
-4.078549678925212874e+01
-1.833801473644621893e+01
1.172818222972423285e+02
-1.540004442098569939e+02
9.770211109093997948e+01
1.482372386201942049e+02
-3.677422251888423688e+01
7.465413770441401198e+01
-1.770855648748885471e+02
5.072154895843821265e+01
-8.255827554473860630e+01
9.593921142295363325e+01
1.046454984587686567e+02
-2.675795522188908038e+01
-1.642847763864338049e+02
-8.317871360496971533e+01
7.873358238831511358e+01
-5.530951333851756146e+01
1.977327718893532165e+02
-1.082585653196071860e+02
-1.415928902711797477e+01
3.104859931617205859e+01
-8.934363126507589570e+00
-1.612873815283775798e+02
-5.352512403118504736e+00
3.457746144315015613e+01
8.447240544245421745e+01
-9.537667680517286328e+01
4.911480795373501707e+01
-1.121332369926698291e+01
-7.732877020907729104e+01
-4.730877151080294851e+01
-1.090175429256045589e+02
5.626683667199861105e+01
6.179236868831914364e+01
1.882483669086078493e+01
-1.509640306870983295e+02
2.345183752832887336e+01
8.656954886530850501e+01
1.342249816689113970e+02
3.547522027640275244e-01
-5.412852084559258259e+01
-1.979289649723976368e+02
-8.616361441478008487e+01
-3.116204394663622779e+01
7.671721408737064962e+01
1.492512732185484765e+02
9.722754475704516608e+01
-6.250771775797102947e+01
1.394568545859455533e+01
6.532318676652703004e+01
5.393747375518444898e+01
1.282699108248275763e+02
2.267186542292456011e+02
6.540899483400711745e+01
-1.431845238852022248e+02
1.221356355209018432e+02
6.987464510850573163e+01
-4.713649886545343293e+01
-3.127034718040734163e+01
9.598698626206376616e+01
5.304242870889405026e+01
7.897961403215458631e+01
-4.734387147520066463e+01
-1.865681320729323431e+02
6.987209086039251060e-01
9.452932660721056379e+01
9.607423490803503796e+01
1.155081838969232066e+01
-8.463802358095138700e+00
-1.240032412106572508e+02
1.982772137835715682e+02
-7.252370115211567736e+01
-4.637026301004829065e+01
1.775735717585487450e+01
-7.126407677235036431e+01
-5.716440085511831626e+01
1.292541857120631335e+02
-9.059703369693497166e+01
3.441046227399358770e+01
1.426634017332617361e+02
-4.759633564443499054e+00
1.252485558382491249e+01
6.425315953295623217e+01
1.192025136702684591e+02
-5.146338438051073894e+01
2.351847600363309141e+02
-1.077581706487135733e+02
-5.802641029949582219e+01
-1.278408355321214174e+01
-1.527991164373941402e+01
3.548662241332538514e+01
4.816728546694649893e+00
-3.077486277152314287e+01
1.552922080172742625e+01
8.156369771696061832e+01
7.725652796564385483e+01
-1.613973970840776246e+02
-4.016667866669570941e+01
8.999248380616519682e+01
-1.165646105470679004e+02
4.765663318177323760e+01
9.834592477932881138e+01
-6.846207190413713306e+01
-1.775563037147401158e+00
1.926729451177513397e+02
8.060184111218683256e+01
-5.038418239095290296e+00
-5.463894834221500219e+01
9.376595912351957907e+01
7.830467708806293281e+00
1.268810996833135221e+02
-1.139848102689883120e+02
-1.898469211859900696e+01
-1.250747359336690856e+01
-6.518761621305579901e-02
-6.370967680230432251e+01
1.779904336479694393e+02
1.752788287492549557e+02
-1.200665012522609709e+00
6.857895112338864863e+01
1.134607432892522496e+02
3.881541014884784602e+01
6.948007825331937681e+01
2.411588621809829291e+01
-5.794548344171630561e+01
2.191665975244092834e+01
3.641497715660998580e+01
1.156692179913490293e+01
3.006603929199096683e+02
1.673405900091126739e+02
1.508958300643566020e+02
-3.773273008573094245e+01
-3.579340633317904530e+00
-2.846730370049745318e+01
3.649445916973949267e+01
1.030899252674874162e+02
1.311657639443738788e+02
1.948968185703563805e+01
-1.619585958538614818e+02
-6.093178657753976069e+01
-1.110720429445136546e+02
1.374282792343556814e+01
-4.502401330303980842e+01
-6.264569419113861670e+01
-1.288172250207303193e+02
8.084282389984124961e+01
-7.645129106344576542e+01
1.396806663087642733e+02
1.147913874227784561e+02
-1.024190688342345084e+02
-1.117817284586497628e+01
7.761174797760170918e+01
-2.589632639810299679e+02
-6.907019171360030896e+01
8.965890694215555357e+01
3.861715657650984923e+01
1.993702187257473497e+02
-1.764211356337688699e+02
1.893712818523331975e+01
-8.208677552914865316e+01
8.139101979953444754e+01
-2.657632788555269343e+01
-3.602715757719797551e+01
6.437318190517123639e+01
1.833617887709548810e+01
-3.867672386800878570e+01
6.574445943756434474e+01
1.507755672119661483e+02
1.353384934095039966e+02
-1.499378634131181798e+01
8.864401270525485188e+01
7.656120329982870487e+01
-9.466901409173769366e+01
-1.285762555958123698e+02
2.286583536371911975e+02
3.051735386478951639e+01
-2.133230400432926999e+01
-1.989399189881904135e+02
4.966766307417235282e+01
-2.089995038102495784e+01
7.152369762964343636e+01
5.298907576176738132e+01
-1.936295205099424948e+02
-4.435354924005974198e+01
-1.508450131234425484e+01
-3.485966111289651792e+01
5.597841185664588437e+01
-7.606088825178916579e+01
-3.910231189590794543e+01
5.471157549618607163e+01
9.357464902532207418e+01
-5.113261983841107394e+01
1.849472009123766156e+02
9.008013470002072154e+01
6.960565518048234424e+01
7.119333033292157609e+01
6.866669656244967257e+01
3.990479115074367655e+01
-1.106809039589833503e+02
3.265128416176600012e+01
7.900552046394835770e+01
-5.825905853940718515e+01
8.329173932685031900e+01
-9.233650190527463053e+01
8.456304600937667715e+01
-7.999210093722949466e+01
-7.892260930910502736e+01
-9.043663949899152499e+01
-3.461351177176500471e+01
-2.145382893301128036e+02
7.072631676856286731e+01
6.206630088353113450e+01
-9.326134178501308725e+01
-7.945901037151614332e+00
-1.198872153874006301e+02
1.554455923404761020e+00
-6.893914262270362769e+01
2.137738254047637554e+01
6.521525170103355151e+01
-9.539235732544838697e+01
-7.806595942589524384e+01
6.125610351389102703e+01
1.118196959861867512e+01
-1.267486537791142069e+02
1.027254695821102217e+02
-1.861200153966393032e+02
-5.627200097370646859e+01
9.918512482832741739e+01
-5.397483197410883449e+00
4.675051628671101867e+01
-5.483137209706421089e+01
1.438155929098014951e+02
-1.661117636775311439e+02
1.824090330446434791e+02
1.076432102681404075e+02
-4.046871100461413562e+01
8.958791868122659707e+01
-1.937772661806156194e+01
1.066148792368327207e+02
3.884849065171441396e+01
-7.792553848585681919e+01
-2.849900733701483091e+01
-4.744520602463158099e+01
-9.690017571445602584e+01
-5.719137371486066002e+01
5.820176790681207990e+01
3.765145961092346738e+01
-1.592102044493060120e+01
-8.637062783475251138e+01
8.495675492230959946e+01
-1.069827774719713034e+02
-7.169757931585608901e+01
-8.974245233897345031e+01
2.886228574912690306e+02
-1.522737486886537113e+02
4.939670767782201466e+01
9.028019659294785981e+01
-8.834867281697688668e+01
1.190896335081542290e+01
3.925947367329267479e+01
3.042762291457821533e+01
1.672108513931893015e+02
-9.635421123121385278e+01
7.450549966314567030e+01
-1.439130234575380882e+02
1.310807745398912232e+02
1.885890574631290519e+02
-3.903468536732571437e+01
-6.913903936729139055e+00
1.401443593480522054e+02
5.722654503996126607e+01
1.212875535536917653e+02
6.525802906481055743e+01
-1.083472832192072701e+02
2.949890037472182058e+01
3.408339026271377037e+01
1.298279157532161321e+02
-1.238966537764598570e+02
1.748282614611185011e+02
9.001988189038588928e+01
-1.730449488749186457e+02
-1.160046914525623549e+02
-1.455834469687254966e+02
8.023391904918518946e+01
-9.838593869212631660e+01
-2.169349933817354099e+02
-7.676832231873807189e+01
-7.982197099712591637e+01
2.569675123944043804e+01
5.898059904177775792e+01
4.877159664225926150e+01
-1.904725835374597125e+02
-1.103970192658535723e+02
4.295697506900318530e+01
-4.990310466885190976e+00
1.952670085998272853e+01
-3.979960393053159606e+01
8.520543640567255750e+01
-3.771432720692347118e+01
-1.223625753868952586e+02
4.994502902809159650e+01
-9.773216309399171564e+01
1.227421040003590065e+02
1.584992683665007576e+02
-6.685752381540119416e+01
4.791003974641558472e+00
3.992453166934784292e+01
-2.981389225061615278e+01
5.169768701528091981e+01
7.417776908460984941e+01
-4.354308716827857495e+01
4.680661948933686745e+01
-2.129769538212475055e+01
-3.489201287067167101e+01
-3.006164170218968223e+01
4.687799264611342664e+00
2.280101800293237702e+01
-1.224582997134557871e+01
7.505600626339818859e+01
9.052680072905214104e+01
-2.739454974984428759e+01
-4.129821090881722512e+01
9.634277924919318536e+01
3.471583499726614264e+01
1.562414155816548771e+02
6.375281844926351482e+01
-2.333122181781291005e+01
-1.188196070555827646e+02
-3.214849997999801978e+00
-1.376529194096852393e+02
-2.182949312192533853e+02
5.313846482582903263e+01
1.133349722193262181e+02
-9.361901536290480408e+01
2.623238727195865181e+02
1.104624322016258731e+02
-1.371023329954878420e+02
-1.930905383544868812e+02
-8.150248172491023979e+01
-6.419618396411402728e+01
-1.811592974117766630e+02
-1.516786925710108846e+02
5.612769051526608166e+01
-9.517152485375142135e+00
-1.638171432982599995e+01
-6.986593014549512759e+01
1.556901455253683650e+02
-8.725907972877701013e+01
5.097075985622877781e+00
6.870488234134192851e+01
2.296566424789838123e+01
-6.400923025265483091e+01
-1.475603611485164492e+02
1.389395478533258483e+02
-4.867159445659554962e+01
5.889075916233106334e+00
8.908272672516605439e+01
-4.720850632242179046e+01
-4.346173853518980223e+01
-6.805509362853548794e+01
-1.604079038643084232e+01
1.535637058922003462e+02
1.249367653578520105e+02
2.201020192544577583e+02
7.145188795113537594e+01
9.337077895433607466e+01
-6.954938907366526735e+01
4.380807985425321505e+01
1.094889594110417192e+02
9.417088727983546903e+01
2.195687326472333893e+02
1.798079437366159539e+02
-2.636622312233546239e+01
6.568277333568259735e+01
-1.242057389374703433e+02
7.956224289717196996e+01
-2.432733891285211669e+01
-2.262951174579358948e+01
7.964579216491522118e+01
8.034980294824451619e+01
-1.941400983559468330e+01
7.645226711356566796e+01
1.971425794512965979e+02
9.349381054030821758e+01
6.945006963798812194e+01
-5.412173173069506404e+00
-5.192564217380255087e+01
-2.311810209520218251e+01
1.541258192609437749e+01
-1.049445077313175574e+02
3.046511010912281847e+01
4.738959351273018683e+01
9.198019527966555131e+01
-8.869437792656848174e+00
-6.646944788423503780e+01
2.408535115703890881e+02
-1.780455760335715354e+02
3.847258946966089610e+01
6.095153568998382809e+01
6.280800750074904126e-01
-1.703940866868911996e+02
1.008503528912199556e+02
-9.143672630157600167e+01
1.567579807475984310e+01
-5.311995008831124210e+01
1.024054581489884441e+01
6.380728161036973489e+01
2.126830478745420407e+02
4.459148839123844255e+01
-1.686557138186431359e+02
8.163125363265869794e+01
-5.071179851601892885e+00
3.577935945696085440e+01
-1.257992573149126514e+02
-5.497127764205457368e+01
-5.293931705269337584e+01
9.308399926727560114e+01
-1.144555346488630505e+02
6.951418715207294596e+00
2.420537803484059580e+01
-1.610064247153521535e+02
-3.430171982068443270e+01
9.742146928006823714e+01
1.552505565577471316e+02
-7.511859088391165074e+01
-8.040940370693145667e+01
2.664380581881925423e+02
4.194144181609826916e+01
-7.941636764509084401e+01
9.017652491807021420e+01
4.448193261947646704e+01
1.138254074544044698e+02
-1.002870726549203795e+02
-4.021298428989586426e+01
-7.659758399826942288e+00
1.448204021098250109e+02
1.245222838626705482e+02
8.718034939080370194e+00
1.612449825713669327e+01
-4.956828421787711392e+01
-1.177382019556584680e+02
9.208096761916955586e+01
8.757668820974706136e+01
-1.493624344060386875e+02
2.009383353534619499e+00
5.564681408102350701e+01
1.419528656883916824e+02
-7.357935233024529964e+01
-1.021102400514051425e+02
-1.357057268975028741e+01
-6.361453661839841800e+01
9.129310892920176457e+01
-1.982422700972118150e+02
5.442563539193130140e+01
-6.918752098471922807e+01
1.439624736065780439e+02
-2.686323643570147368e+01
-4.759717403138809999e+01
-4.619827581933878236e+01
4.676224853282214156e+01
-5.089589905983580564e+01
1.411507200902674874e+01
-1.502517404925313294e+01
-2.764599810385925949e+00
-1.774792986347358976e+02
-5.204584069900220555e+01
-6.551388693394827101e+01
-3.511370899959953107e+01
4.293617160264532551e+00
-6.747352387565955212e+01
-1.080185191914539367e+01
1.476218295754188148e+02
6.108201672128705439e+01
-6.980564003142133345e+01
1.089551523927019616e+02
1.521476476519681000e+02
-8.851444740428982882e+00
1.095408875078976791e+02
1.017381150421576308e+02
-6.034643080842012353e+01
-1.087362744609083762e+02
-1.020271156696498025e+02
-1.511968976777775993e+02
2.751833238335817668e+02
8.676558290019855235e+01
4.774527723041791916e+01
1.370578585263408797e+02
8.490405319495860681e+01
9.498915876082132570e+01
-3.728180522131553687e+01
-6.593968726115809886e+01
-2.852476768690117126e+00
4.496872767376567026e+01
-5.427298185290571553e+01
8.174388974442108236e+01
-9.748664594710739095e+01
-3.873122807347557739e+01
-2.124315476416744843e+02
4.462228707357405000e+01
-3.367613399822455733e+01
1.963498602059920728e+01
-1.245202542642829542e+02
1.138464448961176601e+02
-2.748480080240996770e+01
3.326712606080173629e+01
-1.152825792469750894e+02
-1.110369578588456960e+02
-5.775529196662666465e+01
-9.034553791644764686e+00
-4.724354969185218067e+01
1.061029793663051208e+02
1.045697803331578939e+02
6.047347381080933815e+01
9.812023850029814298e+01
8.415779758608721295e+01
-3.561494884386390680e+01
-1.487898073061989956e+00
-2.034239907375825496e+01
-2.430646801087928921e+01
-6.058393928892370184e+01
4.506627455448141362e+00
-7.220596006719119941e+01
5.903306191533814484e+01
-6.206906232306433679e+01
-1.249095117923400693e+02
1.283750609355246866e+02
5.932354458792823948e+01
-1.524715860410752022e+00
1.049402982576748968e+02
-1.170621251453881584e+01
1.282194128515858722e+01
-6.582484091975678098e+01
-1.988992628256051276e+01
2.041934043739049400e+02
-1.202492728817985466e+02
-3.867465902535705879e+01
6.752554908080090001e+01
1.237046560292317920e+01
2.009331567514973926e+02
6.426344118687730145e+01
-1.479047444242922325e+02
2.247262519072436362e+02
-6.065790054973778211e+00
-1.697943441145529064e+01
1.916768961866299747e+01
4.123871073005551580e+01
1.009073043044278961e+02
6.682227158378883303e+01
-1.771670894761791715e+02
3.568361739521730414e+01
-1.441256473230957802e+01
-8.920710439366116518e+00
-2.558284468511430276e+01
-3.058742359287957768e+01
-4.814996539056961211e+01
-2.052099059440866142e+02
4.399185587106212836e+01
5.028947432524847727e+01
1.976507968121964325e+02
-5.451021647972893902e+01
-3.114146480376978943e+01
4.334260399586548829e+01
1.231986037605386208e+01
-5.513526466816995875e-01
-1.553884138761459326e+02
-4.461569158572606142e+01
-1.242724312487160034e+02
-1.159705097724495886e+02
-2.435287741528549432e+01
1.229878471236173709e+02
-2.796085433644041984e+01
5.218392500780712595e+01
1.321917168578984736e+01
-7.376878177836753991e+01
7.228506439946495732e+01
-5.829902641501409732e+01
1.154354248561038432e+01
-1.213432680647631656e+00
-4.601573681406915739e+01
1.270204033574588287e+01
-6.336005485202094434e+01
-1.529511590623819188e+02
5.432028091708600925e+01
3.571916687968228388e+01
-1.732792124798326583e+01
-7.558597394651232548e+01
-9.562350992548797990e+01
-1.536151585210647568e+02
2.599353947208240534e-01
-1.254628324008779430e+02
9.891860197593840098e+01
2.176878785714681896e+01
-4.560085541624581396e+01
-2.179417430063136010e+02
1.863519639502287362e+02
-1.426532253466503875e+01
-9.853373958867774718e+01
3.121757484603784505e+01
-2.050973826379420757e+02
3.115158472890533758e+01
8.513766191591744814e+01
-2.310361046090690706e+01
7.304104342948433271e+01
-1.582520558332180372e+02
-4.163656392366779357e+01
4.016035059097468007e+01
3.223153694378208911e+01
1.824286768559578675e+01
-1.235382774559137573e+02
6.033010388061884832e+00
5.580369023745556945e+01
-3.724632219199909855e+01
-1.180602703619796898e+02
-1.063156073594168163e+02
1.075350165552449511e+01
8.077094968865212365e+01
1.165713868518017478e+02
1.523332280439110509e+00
1.092290957720557643e+01
1.448147693153164495e+00
-9.528193231145614561e+01
8.066818979093278585e+01
-1.544242834322758817e+01
7.282451534160091455e+01
-3.405598386662914123e+01
1.373864462023281874e+02
3.434818999519181659e+01
-2.055301129033222907e+01
9.593466545954299818e+01
6.531494862192799644e+01
2.319763497498808391e+01
-8.845678634679735808e+01
9.909942994059191790e+01
9.230475594460264688e+01
-9.956653959510079233e+01
-1.797296462173845839e+02
1.167085453447388588e+01
-3.783006163053907756e+01
-5.606777559580191195e+01
-4.977003466493576056e+00
1.829206758836305085e+02
6.937461431280313207e+01
-6.365841039881537000e+01
-2.047955362497975784e+01
-4.262426675095718309e+01
7.370769918872713333e+01
-1.225610725133828112e+02
-5.243842211150170840e+01
-2.171436790648816739e+01
5.867284379220736668e+01
-1.773759635576363891e+01
7.078658117976867459e+01
9.691298154939995868e+01
6.429294992072338744e+01
-3.739884651145512606e+01
-5.119887817768189109e+01
1.318387621040193665e+02
-1.371361948423852652e+02
-2.292012014102363793e+01
-2.594044851885785974e+01
-1.233193459537562831e+02
-7.781103580134884901e-01
1.692383607634181146e+02
1.105561837384843216e+02
-7.173919956418875188e+01
-9.919969640952299983e+01
1.056883130208778283e+02
9.704065777580555618e+01
7.710489272604733912e+01
-8.641587138558374193e+01
-7.855893707243851054e+01
9.938095393285470891e+01
-1.060229768645764281e+01
-1.920255306799197399e+02
-4.414377890594846576e+01
3.433742383105281704e+01
8.479441430849496442e+01
6.985762119332764541e+01
1.439385631575235891e+02
-7.784805063075420151e+01
-6.124330271572235063e+01
1.382825238737179632e+02
8.790518999616995188e+01
4.563749845434511343e+01
-8.340710985894693863e+01
5.930831769288153765e+01
-3.801760308721619452e+01
-8.396717737080464872e+01
-7.287852714787024233e-02
1.538972499636080897e+02
1.132530780842194496e+01
2.417734276442290720e-01
-1.431254861268786840e+02
-1.120375697276042359e+01
-1.698008725911506929e+02
-7.909374538620379091e+00
5.666498394488349533e+01
1.137841684825809665e+02
5.287859209950757133e+01
-2.079347119478082817e+01
-8.021013015621048226e+01
1.360704085489508088e+02
2.322326317382220395e+01
2.323372853691125073e+01
-1.820313173154708295e+02
1.602864500534348835e+01
9.815112709333965313e+01
1.365745015290085860e+02
-3.996684734338893463e+01
3.695072550746683504e+01
6.803603214383184650e+01
-2.658932188029075050e+01
5.002320550284854761e+01
-1.306513387492355207e+02
6.807174954987205240e+01
1.460480736168086651e+02
-2.569137729252438476e+02
5.143998925859617088e+01
-2.143985415547630566e+02
6.535268768727523536e+01
-2.570119008164139629e+01
1.158722377295418227e+02
-6.262105079405345975e+01
-7.896409107251115245e+01
1.442033410490812706e+01
-1.678099113690663842e+02
1.924814641366991452e+01
3.355762702180738444e+01
-1.077818835095942092e+02
-1.089389881842941463e+02
-8.881795015791607284e+01
8.751670115494130187e+01
-8.606702810814049087e+00
1.015093882356515849e+02
1.086440817129164031e+02
-1.044726754140014293e+02
1.233173117635303484e+01
-6.202849199040175421e+01
-6.241531530397065097e+01
-1.118638207935892979e+02
1.427406344849287905e+02
-1.017720886971026601e+02
7.491367544666576350e+01
-9.468304599296455137e+01
-1.732267193473980171e+01
-1.714757765136992020e+02
4.016903195023763118e+01
1.796153312256279833e+02
1.269138815758046519e+02
1.883692594596829508e+02
-1.972479347732260351e+02
-4.363623507105470622e+01
3.001016304054982697e+01
-1.507953480318219341e+01
-3.576890167932467790e+01
-2.778589064120156138e+01
-6.856163549243544253e+01
1.192860460899201485e+02
1.760877451799148616e+02
3.073341802961699543e+01
8.322434877076381099e+01
-3.528336609939511703e+01
6.389568403708351951e+01
8.313168110381219833e+00
1.270150777999550797e+02
-7.765281140514652236e+01
5.405815801835827727e+01
-5.087385758369386934e+01
6.338534857176927062e+01
-5.803476992677942548e+01
-1.573664716620699835e+02
3.186233967355310526e+01
-2.162123542883277949e+01
-1.195339243563359304e+02
8.853351871417447683e+01
-1.196128850729749331e+02
-1.973482752974215373e+02
-5.307224822900914241e+00
-7.112536518093725135e+01
-1.020297204929933912e+02
1.074316182420237169e+02
-8.525489472058534091e+01
-4.471589213932883666e+01
2.120830772083966167e+02
-7.521701761600026259e+01
5.376587026610216924e+01
5.456894102862981555e+01
-4.827361533305394659e+01
1.188773964668461218e+02
3.221098311796042708e+02
1.981303036417048702e+01
1.482120146257463773e+02
1.417594095911344709e+02
9.183763640734885314e+01
-7.963808524596225880e+01
1.354344238401333484e+02
4.901852697469857389e+01
-1.013954979313368199e+02
-7.452140360571887356e+01
2.391295158750765779e+02
1.164711184275502376e+02
4.279845660297453946e+01
6.838225128470780589e+01
-2.991038387874421645e+01
1.031584408301845315e+02
1.340529033605179876e+01
1.757636056986395090e+01
-1.013036471122661055e+02
5.538701063643630818e+01
-3.000556152617874872e+01
1.300533514018789845e+02
1.715315838595223568e+02
-1.455224247036031500e+02
-1.095547514615126232e+02
1.649408088918638668e+02
8.875478311621259309e+01
2.825542574601101009e+01
-1.929753990545464148e+02
-7.181544367869094891e+00
-1.664515587272666153e+01
4.147719739733221900e+01
5.184875172186258396e+01
7.891927917927270641e+01
3.031565021310334274e+01
-3.887471527341728006e+01
4.870718695845160795e+01
1.613370504198261131e+02
2.433272307413839286e+01
4.609270489962073469e+01
1.185512003001190529e+01
-1.508421221375550374e+02
-1.810147357362635887e+02
1.437285686133602667e+02
-8.900419143231454999e-01
-4.299055175990056199e+01
9.246968022896460582e+01
-3.837469953542441203e+01
8.627700328699505405e+01
-3.852785970029350437e+01
1.074731201120429489e+02
-6.491004922759935880e+01
5.541554891449145259e+01
1.365016349515178149e+02
5.159836553201103726e+01
-1.203747117916859954e+00
-3.403197624202174154e+01
-6.715333528587923695e+01
-6.258650002391861022e+01
-2.269135855069435692e+01
1.001521972855875475e+02
-3.616823202430563811e+01
-1.891818020338373287e+02
-9.230905191449819824e+01
6.374294954643676903e+01
3.509004851984434481e+01
-1.768766140975085079e+02
-9.052964474081343837e+01
1.668603912576267021e+02
1.886432097818553189e+02
-5.283144471801703901e+01
-1.613264771884148843e+02
-1.026951090045924886e+00
1.164018548585012081e+00
-1.593373689185052910e+02
-2.940685716980983244e+01
5.309387823192273714e+01
8.969918466930164413e+01
-9.126470398674918272e+01
1.095237438803243890e+02
-1.305969780990494371e+02
6.920004175708652383e+01
-1.257554982059568829e+02
5.430304944743233619e+01
-1.654413276705257019e+01
4.523983404819099974e+01
4.509454888976451059e+01
-1.713121325193748046e+00
1.619015625482061012e+02
-3.596349625388413784e+01
-3.933864905215342134e+01
2.136387532973980896e+01
-2.097001664709424418e+01
-9.811258641548998582e+01
6.790531003764562534e+00
-3.287879535400592346e+01
4.089166168717552097e+01
1.001056637452169440e+02
-1.259773605656891675e+02
3.205503564117706361e+01
1.545449086766068625e+01
-2.436468866115583580e+02
1.177159946696009172e+02
-5.057428973118657467e+01
-5.471625320906353096e+01
3.479044430783519459e+01
8.897286269577350026e+01
1.676880392024486355e+01
1.399904469109114018e+02
-6.998606415937524616e+01
-5.465248506735363065e+01
-3.030198978088672490e+01
5.195101633442649636e+00
3.748449159122498742e+01
3.553565933924785014e+01
8.879277690875541396e+01
-9.054468196893046184e+01
-1.453796633476594593e+02
-7.594783005648395147e+01
5.804502878538828980e+01
-1.215503306248881756e+02
2.810308603348307699e+01
7.304850916508286218e+01
-3.134324610639481890e+01
1.252185082762135266e+02
-1.664602240993540363e+02
-1.545092244242927109e+02
-1.079602179218208136e+02
-1.191149723816328390e+02
3.822059313743493902e+01
-1.398456451507268525e+02
-1.123542186605062341e+02
-3.707165020900643526e+01
1.013145485217632995e+02
-4.445069348661731112e+01
1.025803898794089832e+02
-2.051132826598128744e+01
-8.911072506134934201e+01
-2.208137702103926472e+02
1.341712257963057766e+02
8.640405742563218894e+01
-1.042865121309869210e+02
-5.266479723271080360e+01
5.725211912322486540e+01
2.671965633984958686e+02
-7.654704965189876020e+01
9.385772754755811320e+01
8.995164750654276986e+01
2.017494386812989546e+02
1.140980478264498643e+01
1.787462633812214392e+02
4.652303280459341828e+00
2.204148943374361025e+01
8.806343961634092921e+01
-4.258149159434650954e+01
2.718322791935377580e+01
