-6.899013652497063731e+01
1.130048124798156408e+02
-1.687840456400024607e+02
1.296863892047344713e+01
-7.173324188873267815e+01
-5.181121253680530714e+01
-2.358930955512845458e+02
4.219888729612291556e+00
1.082484890885040727e+02
7.046777358630875199e+01
-1.880420630545703773e+02
6.544789247455948100e+01
-1.168809499159764158e+02
1.240315814976129474e+02
-3.771049634213575530e+01
-1.134886400168948626e+02
3.812822109591917474e+00
6.938348349998173958e+00
7.455435703572646844e+01
7.556838986096187227e+01
1.425162416461208181e+02
6.801521903316231032e+01
9.692144552405368074e+01
-2.296718899775297729e+01
-1.924159702344232699e+02
4.578914160992784588e+01
6.508626621991521688e+01
8.710631688804276962e+01
1.074871382709779688e+01
3.126687789015262453e+01
-4.675585606223421564e+01
-4.761679335960244686e+01
5.809628093654008296e+01
-6.218829984514727016e+01
7.447950791148511485e+01
2.211897515396503522e+01
9.404299046777337878e+01
-1.127106264634517032e+02
-3.167254525072967297e+01
3.148199689802856227e+01
4.496464605576954909e+01
1.252462899519996853e+02
-5.131434888700682961e+01
-6.866395936138282252e+01
-2.006656455630746620e+02
1.249026288939782070e+01
1.516424382845972048e+02
4.212809337794204367e+01
-2.161638769993642484e+01
2.278472866802138341e+01
1.340379612137824594e+01
1.481104021404479738e+02
-1.062306867901727969e+02
-1.624849946893371211e+01
-1.247840826327553714e+02
-8.490448598552208637e+01
1.911187556968666286e+02
2.189885878268481889e+01
7.667019102808608011e+01
2.063096141481990387e+00
8.997023200833268675e+01
3.019043257163765404e+01
6.343687909343423570e+01
-5.121273551033031879e+01
-1.071131913329777774e+01
2.105624171079884377e+01
-5.303663030480210239e+01
-2.771309184286189975e+01
3.514720997964804639e+01
9.441596769755498997e+01
-2.260160500465300970e+01
-3.448406279127100049e+01
-5.939704585438337681e+00
-4.751198760339599403e+01
6.478218814452165475e+01
-1.463323447537918014e+02
1.182669415729704667e+02
4.240938769607051739e+01
-1.491181462611083361e+02
2.271860455468806492e+02
1.346021629322682145e+02
5.854546011913183179e+01
5.195448771691985002e+01
3.189358695127440910e+02
4.056028129007996341e+01
-4.958029601354972016e+01
1.300897121498718150e+02
1.465914818039213117e+02
1.766914778478686969e+02
1.495434122387991849e+01
2.824747800557073418e+01
1.067388243194051967e+02
2.532909714108233956e+01
-1.952359787309249484e+01
5.499981078192374895e+01
-5.170481918243645225e+01
-5.900393641929322541e+01
9.977697949789077825e+01
7.977315691591662983e+01
-1.750304559931567994e+01
-7.938235610525065766e+00
1.775530271205660995e+02
8.155258887982536464e+01
-3.837620509549314107e+01
-1.523641342788171187e+02
-2.883136265583148017e+01
8.403884106671938525e+00
6.087378088715957869e-01
3.394980517713435830e+01
1.385240140573074008e+01
2.834975734676208603e+01
-1.460249722122457570e+02
1.845197491182714344e+01
-2.842712942893818706e+01
-2.023302303067678167e+02
-8.481435098093494673e+01
-4.356228126214104179e+01
-1.695111160718328946e+01
2.988623677483694507e+01
4.592277868420460862e+01
-7.519757404143651058e+01
-6.470764059024500625e+01
1.941713686298187440e+02
-6.035845795096664546e+01
3.724666905528916772e+01
-6.755358256762860947e+01
-2.230351613115631082e+01
3.488573245615648233e+01
-1.010002553801762275e+02
-6.154426186479970085e+01
-9.523332646532537638e+01
1.570572564621681693e+02
-4.191140144658214695e+01
6.449443103607771377e+01
-5.254580804685620876e+01
2.499371071475782458e+01
-7.587466023934636894e+01
2.062268766375627038e+01
2.195447543378472943e+01
-2.564274332143439139e+01
1.543009819094568229e+02
-1.180870994338974533e+01
-9.711307051073241325e+00
9.481677637085107335e+01
-1.487017400394185529e+01
-6.872709431536131319e+01
3.298963515261923618e+01
-7.006602833531775332e+01
-2.284638033749959618e+01
1.151923232596534348e+02
-2.087388509328049757e+00
1.322281927312047500e+01
-1.486099656026439106e+02
-1.839514200619446527e+01
-3.867921288109639733e+01
-2.728793415639798781e+01
-1.597600570503727369e+01
-1.612621944399882068e+02
3.439900917259802071e+01
-1.481024990317523304e+02
2.384838653202132974e+01
-1.374696142304383102e+02
2.514703908059577886e-01
-5.080279692519339108e+01
-1.205624034465339811e+01
-4.166241558143770618e+01
-2.117271703784220733e+02
-5.174500585490883964e+01
-3.708193039281798065e+01
7.637901272211433934e+01
-3.845418100068206257e+01
-1.350329295418341680e+01
1.307590996675196848e+01
1.300033685742053535e+02
9.063602936900631235e+00
-2.655208361943692097e+01
2.858501766485962747e+01
-1.439240962659079059e+02
-3.122108899900132784e+01
1.281531793248750617e+01
-1.606434253439119075e+01
-2.207249267915274515e+01
8.618211398063240836e+01
8.670644808579288565e+01
8.816292196309576390e-01
-1.412697882030077778e+02
-5.189269482056842797e+00
7.715664549814184170e+01
1.118283263899480140e+01
1.089872293263931624e+01
-1.846989126193579978e+01
3.709255755213686889e+00
-2.950936656018666326e+01
1.804881744635018777e+02
-7.141221282912162849e+01
1.853273520659942264e+01
7.419736701541812351e+01
-1.473295010498021327e+02
-7.546526006272102904e+01
1.068717005954126051e+02
-7.375114536803715737e+01
-8.737267273789133526e+01
5.509619697542237304e+01
-7.178528587103445879e+00
1.713273003672913433e+02
1.162977762518640645e+02
1.369833175487456245e+01
-1.827238807558713063e+02
2.076159784932206875e+01
-1.886736721920259185e+01
3.665011950770171723e+01
-1.204715361118425534e+02
-1.467279331538517795e+02
-1.016186453691066163e+02
4.159861964793345379e+01
2.995074646259745776e+01
1.433055032824995010e+02
2.070821930341959316e+01
-7.501608284667263149e+01
-2.057766952620930212e+01
1.550088886996454463e+01
1.244121033871928006e+01
-1.225147918028133276e+01
4.450786459256610783e+01
8.600791516420879645e+01
-1.086181030053517702e+02
-4.301887038276360187e+01
6.159853646033311492e+01
-4.378604148514563832e+01
-1.754721355628784920e+02
-1.274588596634379059e+02
5.318807952113797910e+01
8.700033999603034829e+01
3.625260324422518465e+01
-9.336489090352372955e+00
-2.141867982529438663e+01
1.036102856520557225e+02
3.242160453560484967e+01
-9.375420871519381194e+01
-2.013070154442209869e+01
-1.474413412056507298e+02
2.256205357581721671e+01
-6.001733475385632488e+01
-8.398798262444788065e+01
-3.288295291135928977e+01
-9.615818842132703992e+01
-2.992560680911131143e+01
-1.214616294142066835e+02
-1.331085053558718414e+02
-4.827318348493854216e+01
1.026227256073758198e+00
1.197268512210271894e+02
1.372804813768299539e+02
1.613120141170837485e+01
-1.118526968541332245e+01
-1.280494558012382811e+02
4.540931599543503694e+01
-1.998985381921987141e+02
1.172473471692354394e+02
1.597863321403582049e+01
-9.203843057090925583e+01
-9.729979125282036989e+01
-8.946787728850290833e+00
9.167454675679520903e+01
-8.228788261647429181e+01
1.272903898180065738e+02
-1.927626971485805427e+02
8.813156289356736295e+01
-2.917014859900584511e+01
1.231186814308356645e+02
-1.456363296170334998e+01
3.834923030241220232e+01
3.917349994126822565e+01
-7.594807620294784556e+01
-7.680643719491314414e+01
1.872796621065391776e+02
7.028638208283652489e+01
2.914964680691143428e+01
-4.328707109177760515e+01
2.999528768892463404e+01
2.684152898613308125e+01
1.027743638627886753e+02
4.597294020871801834e+00
1.732566893314150391e+01
5.844922855389050653e+01
3.059197165011777031e+01
-4.808649026384920688e+01
2.232668127314156692e+01
2.184920348409590574e+01
1.958280180191594013e+02
-2.416444606566932762e+01
-4.737277039468526141e+01
-6.398432212013033649e+01
5.066757055530406717e+01
-4.145065123646954675e+01
-3.885208132403087689e+01
2.384229074932745363e+01
-6.089763961264598890e+01
8.272974082623041170e+01
-1.550990666560666531e+00
-1.315588282732452683e+02
-1.723561030814172739e+02
-3.807030373115140520e+01
-1.226553317179098173e+02
-1.128757059845101054e+02
-1.006279443445955621e+02
-1.382159013028326626e+02
4.212364342563769526e+01
5.443928580670991124e+01
1.361194324077593194e+02
-9.930139181949126481e+00
1.752385835297996408e+01
-1.438043345535827484e+02
-3.853761753805970613e+01
-1.582460690957822358e+01
-1.401543826069111276e+02
7.475920179224002649e-01
-1.679408591692949528e+02
4.318572820895598241e+00
-3.068237322883458873e+01
5.299352176048560636e+01
-1.505256804340594101e+02
3.531621797503954951e+01
-1.224387969744692128e+02
6.203062585908304527e+01
1.502723534497898328e+01
-1.041960944241135252e+02
3.187731206887987767e+01
-1.069361397591272578e+02
8.400913557389854702e+01
2.159232981081735758e+01
1.751256765656196634e+01
7.476514162005496189e+01
7.830352639011627502e+01
2.612365234176495576e+01
2.099590169233530048e+02
1.209846860510909323e+02
7.763694508293743013e+01
-2.447111137464781194e+01
1.327831489950407331e+02
1.435873472922963003e+02
1.192573547975065225e+02
6.390094522349583883e+01
1.179866008443981258e+02
-8.289588244680111018e+01
1.222101365869415801e+01
-6.429479880305815698e+01
-6.615551243105082335e+01
6.937222413776419216e+01
-5.035524070278770914e+00
3.330374027274236592e-01
4.053932914872904547e+01
1.320445274540715275e+02
1.329265163877543330e+02
-3.362561554148585685e+01
3.385514175932973302e+01
1.156604560053752664e+02
5.229939430422277269e+01
3.848090835695153800e+01
8.659166585002373040e+01
1.061861288956991878e+01
5.434824078525033286e+01
5.003688849073155609e+01
1.578244593642741620e+02
1.488161859105341378e+01
5.042769447560368690e+01
2.859389095543676973e+01
-6.531745368084213510e+01
6.332787388178088150e+01
-3.840267154115992287e+00
7.208809077637415896e+01
-1.505228592666285863e+02
1.110378174483920475e+02
-1.699426754299379283e+01
-3.605592886553014864e+01
-3.626422755382835561e+01
1.122015406841983065e+01
-8.120692681351769693e+01
2.735142762144370820e+01
-3.742149662953625011e+01
2.359594500834256792e+01
5.006140896154322917e+01
8.457178831906146854e+01
9.902355733459089038e+01
-1.502206127560397704e+02
9.136316144411999574e+01
-5.440266763821347240e+01
-3.635565090182165449e+01
-7.358541269359440662e+01
-1.613719392370443018e+02
8.545280808900187708e+01
1.143421173576760452e+01
-1.555312648066395242e+00
-2.178246656922442170e+01
1.332922648296232069e+02
-2.025490677278617824e+01
1.416387204703726752e+02
-8.044712600562127136e+01
2.548156156751343460e+01
-3.733496018354581736e+01
-1.103085819951564304e+02
3.137669352251547039e+01
-2.676029087239683335e+01
3.957945269124774068e-02
3.523038967163277846e+01
4.119319017581077702e+01
1.411721731000345130e+02
1.086490051226110012e+02
8.424340909310153336e+01
-6.685430140631476448e+00
-2.232005197788195971e+01
-7.240512348391943931e+01
-3.862914446476651165e+01
8.340135510206042113e+01
-5.889274064681760024e+01
-7.114117628792262948e+00
6.011638735739118999e+01
8.008054687072230138e+01
-1.338358648606656232e+02
1.771101832444098534e+01
-4.536173876059039145e+01
-3.746217591746625430e+01
8.688946198271104038e+00
5.193669783132207840e+01
6.205621343489907105e+01
1.213092569337013629e+02
-1.875899885354444763e+01
-4.167241938238226595e+01
8.530272430722834542e+01
-3.488133776085098958e+01
-6.221519975425812987e+01
-2.102163631881201766e+01
9.437350326843898074e+01
-1.085726948911996317e+02
-4.966472450509850489e+01
-4.246590521499307869e+01
-8.683538702890726313e+01
7.664024114887001815e+01
-7.638063972251957523e+01
-1.201380954397444043e+02
-5.999078659354996290e+01
2.181690287944467599e+01
2.285310603845630908e+02
7.914035523833716468e+01
5.001774221223862327e+01
8.551930823808483240e+01
-4.473916693242018283e+01
1.860118080453793965e+01
-8.081065949869137910e+01
-7.488995453604748320e+01
8.503183405584762511e+01
1.227495255229114335e+01
4.323170620001950404e+00
8.422162611458901438e+01
-1.407943028414075748e+01
5.656176212411607906e+01
9.205227645470513664e+01
-1.826765686563286977e+02
-8.481963151901607034e+01
-1.794056666081357676e+01
1.209064158468827941e+02
4.616403714932934577e+01
-8.726988549573032117e+01
-1.018970647338492341e+02
-1.870791928020712191e+02
1.246564263888337791e+02
9.191114084403932338e+01
-1.620871861134661458e+02
9.156846680383510773e+01
-3.895221038071916553e+01
1.135616248300361661e+02
-8.173539834074308885e+01
-1.720947069628199984e+02
3.915177703646181584e+01
1.154182222611387942e+02
4.280887569692675498e+01
-8.256774561669682555e+01
9.949410625198053992e+01
3.100222505048667543e+01
-3.200125157406117182e+01
3.512486849979116954e+01
2.897948525132112430e+00
-9.155197498346294083e+01
1.247288827918190846e+00
-5.682170071217719709e+01
8.207418424239077126e+01
1.263848145703718302e+02
-4.417883424101603396e+01
5.758645592374745092e+01
-6.136446684054710943e+01
-2.564438260296687488e+01
-2.861244468252383655e+01
1.794103984840592858e+01
7.993778522467002290e+01
7.372821227635726871e+01
8.554434292134645546e+01
2.080759780707591489e+00
9.313441116126094244e+01
1.129452352709455170e+02
7.466756465313126867e+00
-5.262921129074592130e+01
-1.231411825109480986e+02
-1.109285718559090554e+02
-1.283362915540783717e+02
-2.499855245876921828e+01
-2.364353745385651351e+01
-3.297742026900510837e+01
7.155040850267076280e+01
-5.936555645834426542e+01
-1.395011822464534248e+02
1.103911989439329062e+02
6.969209770703159279e+01
-1.745962790611703497e+02
-7.465960199409849452e+01
-1.220595712356338503e+01
-2.787418865619172692e+01
-2.067277412503910128e+01
-1.356366383413361802e+02
1.221148674237580707e+02
9.035379824085855205e+01
2.526730793851750700e+00
-1.920842834965753809e+01
5.127967333415778484e+01
-4.991474344135941266e+01
-4.258132152269452320e+01
-1.433383070158178896e+02
2.001500006685992048e+02
-8.399324392794414962e+01
3.393968424779247073e+01
8.691519182303352409e+01
2.703334570133092711e+02
1.653250109751912333e+01
-1.136954085135511150e+01
7.017006936825923447e+01
8.090662851878208528e+01
-2.824389393011028559e+01
2.755549205655843892e+01
-2.884207406276641095e+01
8.496087684057769707e+01
7.558855590000682412e+01
3.192055793778139616e+01
-9.169494274710147863e+01
-1.674713511111382900e+02
-1.608599078805440730e+00
-6.443960904035532167e+01
9.558395221602374647e+00
1.455512701164892064e+02
1.030747534004528490e+02
8.623957753519989922e+01
-1.264174074694831518e+01
1.169550240051123211e+02
9.756321509917288637e+00
-1.309058472610973922e+02
-1.157237044939219572e+02
-6.303949384505443732e+01
-3.875548203127943481e+01
-1.210536127254628411e+02
-6.977395004895139152e+01
9.164063820271161376e+01
1.261774662399609781e+02
-5.822968741152106986e+01
1.688490035718746469e+02
1.627483300813666744e+01
1.213869326664030552e+02
2.201632710191998044e+01
-1.469324007678934896e+00
-1.193862995112050740e+01
1.731873501879274784e+02
3.268393337945134647e+01
-1.261985626167956127e+02
-6.253138806504834690e+01
-7.973229368956509688e+01
-4.099102935289764105e+01
2.279884149884172118e+01
3.880501096390692339e+01
3.307700183782041137e+01
-1.827129163114986099e+01
2.590640077243027406e+01
5.991207634184343789e+01
2.181429860548388788e+01
-2.038543157304054887e+00
2.684701504477341061e+01
1.339803251578440779e+02
-5.134686074654311483e+01
-1.645513775664061598e+02
-4.419584258264011112e+01
4.099238464302358942e+00
-4.488880862516758441e+01
-1.248336585192232064e+02
1.328484378744346941e+02
-6.991940720922139008e+01
7.251303665980468338e+01
-1.374114979249735029e+02
1.037332908786886918e+02
-5.352463240150976276e+01
-3.877582248350272209e+01
-3.838022015546964383e+01
2.281160149251418545e+01
9.926583856789145344e+00
-5.498729151431367512e+01
1.224134754674072241e+02
-1.108586321984341794e+02
2.093823862498826571e+01
2.521587375881855664e+01
2.277392167500292430e+02
3.345065501659635032e+01
5.567872999193618000e+01
-9.838984948293899890e+01
-1.975241601680490930e+02
3.698601770282549950e+01
2.420226890325202618e+01
4.453168461034538694e+01
4.137448505740016458e+01
-5.540074850981092425e+01
-8.668821831335475281e+01
7.834078438098033814e+01
-1.567601309092527231e+02
-2.920464124135289907e+01
-1.278961897339183338e+02
7.877708768518128402e+00
1.592270872219724964e+01
1.073692810933424084e+02
2.771516544095188195e+01
-6.046554726227292775e+01
7.902594295000692171e+01
-3.331714079599006340e+01
2.716547209629904458e+01
2.139271426370142848e+01
9.986145198478452301e+01
1.633109494497720391e+02
5.605223113024698023e+01
-3.503056644732738079e+01
-3.727639289908830023e+01
1.719617998793380176e-01
7.718156847865206771e+01
-1.338389689458776033e+01
-5.200057972166586495e+01
3.320538419240109818e+01
-1.150676866700814429e+02
-2.532075456048472262e+01
1.556858972913153494e+01
3.034083924300197310e+01
-1.006703230772486677e+02
-1.427872546680958799e+01
-3.167297113284215726e+01
-1.636374321674065868e+02
-8.622668125538257300e+01
1.015592122151998211e+02
1.930035148744564566e+01
1.605481513049031150e+02
-3.418491839577490765e+01
-2.830407943527423242e+01
9.658668100098543619e+01
-6.467698426552085778e+01
3.787258742530744904e+00
3.089577813079660729e+00
-1.028690463022520447e+02
-1.243127311184278199e+02
8.567338561746133507e+01
-1.706571866567159077e+02
2.294363973106012367e+01
8.161642911899005526e+01
-4.397126425621093659e+01
-8.436189953947545916e+01
-1.996326356087005536e+02
8.035699172168274629e+01
-1.010837197189285206e+02
4.293398169768435935e+01
-1.369549720419349228e+02
-7.743482246802401825e+00
6.844718626290215013e+01
-4.391692068572218233e+01
7.405069728576505916e+00
1.292547272558855980e+02
-1.036222700469689499e+02
-5.981508709267227175e+01
-9.063637455177618563e+01
4.904853520212644469e+01
9.980237911717938459e+01
3.382354175756148607e+01
-7.317635098258311821e+00
6.803147353521578111e+01
6.544005032656116327e+01
-1.546485432410387659e+02
6.215987665879089974e+01
-2.594194140167316931e+01
7.083755896729654467e+01
8.721769157965178465e+01
3.814158673854999648e+01
8.445788058519576680e+01
1.528636623764989508e+02
-8.039894786098992085e+01
3.381800136704480053e+01
-1.875232059802326745e+01
1.218976697424911748e+02
-1.205091609246530453e+02
2.769855142443596208e+01
-5.530469829031485318e+01
-6.082402890722119082e+01
-2.316303037181215529e+01
-1.950844064586945947e+01
-2.271427709986956600e+01
9.658516033167077808e+01
1.482533654778856089e+02
-5.969866327663631012e+01
1.043169944233959967e+02
-4.708016813976343684e+01
1.755561247351558620e+02
-2.157238326152036905e+02
-1.655516501735255304e+02
-5.088900437776058538e+01
1.391545177365565777e+01
-5.854213615253484448e+01
-1.298798588652504975e+02
-1.432766140683266087e+02
-3.199311501009740510e+01
7.068397553819261159e-01
1.563582222217031692e+01
-1.450726221286027595e+01
-1.803586336817600397e+02
1.675260349089831493e+02
-1.179632700646111516e+02
-1.155520185880806139e+02
-1.416141084562047858e+01
-1.149503532003555932e+02
-8.162374664358409859e+00
9.006114403297011961e+01
-5.160176659324728021e+00
-4.905688718534234027e+01
-1.754258121988929133e+02
4.961339802236076224e+01
3.538129370986028732e+01
-1.464208655153089751e+02
-1.669537045759389855e+02
-1.704081522647039435e+02
-1.404752320393646983e+02
-1.495660697190272685e+02
1.246139237753071569e+02
1.973975528719661909e+01
2.526504323098537697e+01
-3.077748955521443008e+01
-1.001694030702806799e+02
-3.199465859125790246e+01
2.532300275709445003e+01
4.685689471890166402e+01
-3.154297577754005744e+01
6.784638265827220494e+01
7.165627704235631334e+00
-7.167262474204726175e+01
1.064638289658740007e+02
-1.575489761363830041e+02
6.432003923674317036e+01
-4.681703122255692051e+01
9.052844830535562437e+00
5.549250543011023495e+01
3.265385947178472748e+01
5.721511249573738667e+01
-2.073658446453056214e+01
-9.938899229451591211e+00
-2.446116917432701143e+01
-4.017049126812443660e+01
-1.421016965252030388e+02
1.111197378269959728e+02
-7.271791509990279678e+01
9.014171354397534230e+01
7.889597379732468596e+01
1.914246790764430273e+01
-1.086693820275283429e+02
1.300131919823268163e+02
4.255150531429854333e+00
2.061577618718396465e+01
-1.095037046714302846e+02
1.696093272841945065e+02
1.269979010676060796e+02
7.999459451311892622e+01
1.421609319044615205e+01
8.431930304958287081e+01
1.188273297479753836e+02
-7.531519447801842659e+01
-1.306268408065937479e+02
-2.724231361509215432e+01
3.451975213445178525e+01
1.778129413937669412e+01
1.081430238546814167e+02
-3.305147669702503066e+01
2.820995513267038568e+00
3.818120316570010431e+01
-1.612410055227001493e+01
7.311021953384855010e+01
-1.230344381714927238e+02
1.922984448849394212e+01
-1.141724669578684512e+02
-2.075046903867556480e+01
-5.901361301229342615e+01
3.271829558960085205e+00
-9.091979865127116511e+01
-1.784443420760096544e+01
-8.246812291990746502e+00
-8.056227241039056253e+01
3.682056748985705230e+00
-4.276743721830325740e+01
1.292692164899871443e+02
1.490072215848920223e+02
-5.406148940511148027e+01
-9.045690192065755753e+01
-2.726433798062834057e+01
-7.136884332064744285e+01
-2.849972046846447782e+01
2.584127001218365915e+00
7.441599265119977602e+00
6.399460486895128142e+00
-2.085906746299846404e+01
1.062320151070420167e+02
4.607805101154468019e+01
-5.118332492717438242e+01
-1.996403958558124714e+01
9.092159217808109872e+01
6.022160128486027730e+01
-1.758973920519908063e+02
1.261970201551550019e+02
3.644536719402068314e+01
1.366922745540859729e+01
-9.612660913973563481e+00
-5.976642117597859283e+01
1.146210164244710370e+02
-1.097738101305862841e+02
9.180045470901990257e+01
-1.000858607261492317e+01
4.446880516761224555e+01
4.049530730188179461e+01
6.304504816344752527e+01
1.544935103919194717e+02
1.689951357269603420e+02
2.637379641435671385e+00
-3.353920827186438913e+01
-1.917615476262228924e+02
2.868227432236260555e+01
-2.147084395990833627e+01
5.033621073798150292e+01
-7.679107996976281925e+01
1.699601917424751036e+02
-7.331182156817592954e+01
-1.368930230800880850e+02
-1.521813169124496934e+00
-5.028884342765630677e+00
-2.853821534955849302e+02
-6.745167152475630701e+01
1.573523186850591742e+02
-4.844032148187753251e+01
-2.179791000200249584e+01
-9.950356584628148937e+01
-9.358430083035726454e+01
-1.302418649133249176e+02
6.393227615729133362e+01
-9.384454635889676766e+00
-6.961564816708815329e+01
1.019568818525769842e+02
-4.433534484439348233e+01
-2.422164453568981557e+01
-1.712982381795689548e+02
5.332242581557353134e+01
-3.643133195856879780e+01
-1.621502301257777106e+02
5.543648174441775467e+01
5.478009351556853801e+01
-1.416606057197196122e+01
-1.387500140544679894e+01
1.319176896900891016e+01
3.212965922341128788e+01
5.364014016439325871e+01
1.686031693179915294e+02
1.296036242737845612e+02
9.442190969679778334e+00
3.350161837361433470e+01
2.631127810092960218e+01
-7.285844968772266839e+01
-1.647651479681992441e+02
-1.943586128292465105e+02
-3.831277359598396970e+01
-2.055203072453493292e+02
7.847042641277560016e+00
-1.945990323428877034e+01
1.491227579990486731e+02
-1.218409532508498927e+02
6.451228101064640619e+00
-5.952479502097915542e+01
1.008510126866393222e+02
-8.899574343601115345e+01
-2.147197836080427535e+01
1.931688954333441472e+02
4.055639792301786173e+01
7.317603903906505991e+01
-4.213206406928568981e+01
1.117321778618451056e+01
1.628532184680554167e+02
-4.708044138139535306e+01
1.665740856595684960e+01
1.038476096440220431e+02
-1.112603277590854418e+02
-9.715633891119912846e+01
4.735915087477819441e+01
1.844969223945613521e+02
2.456650571211427803e+01
-8.964696313540944317e+00
7.104334218074150442e+01
6.289026549724662374e+01
5.356227704444281557e+01
8.671715886154775177e+00
-6.244681413810744885e+01
3.965858096847146186e+01
1.968253958563422401e+01
6.535259409920569418e+00
-4.942554944475767087e+01
6.154381215904498248e+01
-1.267975183934219530e+02
-1.802719803932101073e+01
2.911122976893855707e+01
-1.953601658447961142e+01
-4.019060318237412588e+01
6.031431055856001677e+01
8.611940065617993412e+01
6.035199269341083550e+01
1.208747698405289981e+02
-2.225937311551954281e+02
-3.399812145790929208e+01
-8.447942097085723390e+01
-1.149674873981235237e+02
3.094594767039309247e+01
3.524550710526159492e+01
-1.345739641900212114e+01
7.401309390112331243e+01
1.205726289583461153e+02
1.213312004209026327e+02
2.739053147360531071e+01
8.329153967520110768e+01
-2.052515273115194105e+01
8.116992854617669195e+01
1.403611499009832073e+02
-1.190715920232432836e+02
5.118011040741408380e+01
-3.914937825905151492e-01
-8.566191286151369866e+01
1.263556633240166747e+02
-1.183542165242246647e+01
-2.164657829673036105e+01
1.035188154176435127e+01
1.627852864367598897e+02
-1.095381198379724736e+02
8.653030690488037635e+01
-3.224832764560670739e+01
-3.590986621917508614e+01
-7.133929855463431124e+01
-1.648616000234459023e+02
1.061496749669716309e+02
7.990362886431194056e+01
-8.098436072568918576e+01
1.064434588112439286e+02
1.708361047052866866e+01
-1.711662651422319641e+02
-1.679852097620300455e+01
-1.736036161354466572e+02
-1.081841653216042403e+02
6.528836959633484582e+01
-7.349007828126642039e+01
4.571622994257654682e+01
4.391890199707273013e+01
-1.972141803926521320e+01
-1.974964432275920387e+02
-1.054461679927983511e+02
-9.675449284268576378e+01
4.256354135625775825e+01
4.346420420819271158e+01
-5.744743830712706512e+01
-7.093060651145128759e+01
-1.835267633093553741e+02
-7.613143479996882945e+01
-4.142285999111147987e+01
7.561736948636790601e+01
-2.907541602271159675e+01
7.492839016660907703e+01
-4.457476879150822668e+01
-2.997222600781888247e+01
-1.853491947088597991e-01
-4.212458875282381143e+01
1.127639353147119863e+02
1.320515149377897401e+01
-1.574871434366362344e+00
-4.825826092690328295e+01
9.717248899761833059e+01
6.466367243543636789e+01
5.590764743849027951e+01
8.707781366275864343e+01
1.366549535985438801e+01
-1.931324229033256401e+01
-2.767256340356834698e+01
-4.954391350253479942e+01
1.602501586426804536e+01
-1.461154595601227690e+01
-3.476708291400017004e+01
1.414169644518588314e+02
