1.843803323861226033e+02
1.427294126573378286e+01
1.758084389627260009e+02
8.694305660255940893e+01
-6.522940243023030327e+00
-1.416762016954340453e+01
-4.656511480276727610e+01
2.349086611696184690e+01
5.370815095137971440e+01
-8.359238459447085745e+01
-6.620015251372950615e+01
-8.147261814238673594e+01
1.248594614956631332e+01
2.679937273874891090e+01
7.171966521283660256e+01
1.454138885874122522e+01
2.983982718840908532e+01
-2.021869674200210554e+01
-2.950475468498614617e+01
-1.293238163824137565e+01
9.935768591279163786e+01
-5.771076499194008846e+01
-9.933456349253761175e+01
-1.145676043417682308e+02
-7.784211521090408326e+01
2.792364855240432320e+01
1.172515169651387481e+02
5.201656050593325631e+01
-7.226382035952701699e+01
5.467844823287929756e+01
-3.885130799077651886e+01
1.169109398399426141e+02
-4.573569796830022405e+00
4.417765505588746144e+00
1.691143159550738773e+01
1.798248611270437607e+02
-6.374240092184344775e+01
2.017995006772388855e+00
-2.158591459046806449e+02
5.925854232979846614e+01
-2.557976227793559474e+02
-1.443298204218841079e+02
-1.546941375268353625e+02
-1.200750262293325363e+02
2.509051497938603603e+00
-7.182326781457540221e+01
2.234136455101421781e+00
2.763969773374781624e+01
2.687998335299754515e+01
-3.574933389826324515e+01
1.687186786734578448e+02
6.800678926312460071e+00
8.586278844656965248e+01
-1.301156680052902175e+02
-1.120522864974202282e+00
2.783618332146591001e+01
-3.074311616435625183e+01
-1.966417292224693725e+01
8.969651950983777056e+01
1.619484918310469084e+02
1.862399427106183936e+01
5.747207113561469072e+01
-1.099271627098407578e+02
2.766704367030827427e+01
-1.661745155248778758e+02
-6.598565665127013347e+01
-1.717318754824843197e+01
-4.664396898379683876e+01
-4.090537132923487462e+01
-1.179871260898644607e+02
-4.561768747415336378e+01
-1.384987565503789710e+02
-4.307777911760137357e+01
4.686425965421879170e+01
1.778598167627747628e+01
1.671254118743003225e+00
-1.191520877404879144e+02
-3.297509609864630598e+00
-8.634719526339813456e+01
-3.755638558470579369e+01
6.661681591327453589e+01
1.604544887642854434e+01
3.713709416376443784e+01
-3.761862986876735704e+01
-3.758500686996522688e+01
-4.118229336997718093e+01
-1.204406992958524825e+02
-7.640684145593765209e+01
-1.576682321119832579e+02
1.740337011796292188e+01
1.010876673123314973e+00
-9.187775843817209420e+01
-1.415294101952192989e+02
1.823308390505121679e+02
-7.507393639882639746e+00
1.623853740094083093e+02
3.656187893095789843e+00
-2.316559303418688209e+00
-5.226466841013737508e+01
-5.396738307065523088e+01
-2.089445500053543725e+01
5.694221998211578750e+01
9.848279798370587912e+01
-1.135222604948853853e+00
1.276825948755142193e+01
-6.271183821804742564e+01
-4.205907908449438537e+01
7.451560453550654017e+01
-9.409806033297947181e+00
-4.482019654462387592e+01
-6.071204480721434749e+01
1.386509642941161644e+02
1.238516047347381743e+01
9.658875793838471679e+01
-4.227299286482607954e+01
-5.118125101825952328e+01
1.100144562634534751e+01
-5.909434885417223882e+01
-3.499605602449918251e+01
3.267861211491853624e+01
-7.365085320906216282e+01
7.894176645227312861e+01
-9.734735287191467989e+01
-1.172246014604078681e+02
-1.255567871199447296e+02
-6.930780570802654950e+01
1.460518746948144440e+02
1.173844412941428601e+02
-4.306832544995942413e+01
1.488200257274037881e+02
-1.779532576418332468e+01
7.995811950972931470e+01
1.202597960278249900e+01
4.513681017520818983e+01
-1.057412476849578837e+02
-4.356287680643379900e+01
3.686991880021136581e+01
5.372288434710650051e+01
-3.082297166458221493e+00
6.670861032974445948e+01
-2.560442126081424741e-02
6.456661750487877782e+01
-9.674782768915054731e+00
-1.075187775511788679e+01
4.049367291043116523e+01
1.215903804648732773e+02
6.316845603915599838e+01
-1.669054580122500226e+02
-6.194547350275550457e+01
-1.148536711391367859e+01
2.779533237466128170e+01
3.517672932531825225e+00
6.197692126018031544e+00
-6.456661867308170599e+01
-1.163983770037458356e+02
-1.990128886024839261e+01
9.491713384765047579e+01
1.597507599072891651e+02
-8.211415574671535467e+01
-1.763394170739607958e+01
3.497294420138201332e+01
9.229511750537398029e+01
1.971192949104652996e+02
-1.116967638353799686e+02
-1.142481391414695793e+02
-6.947831989940314656e+01
-6.414400345647194968e+01
3.772541609842643595e+01
6.595427602510767429e+01
-1.015751375347043393e+02
2.667338948873477555e+00
-2.298169536737838570e+01
4.122745168203240240e+01
-1.239113128363237166e+02
6.615304529688194712e+00
4.014253571950414567e+01
1.152337899034073700e+02
1.034452444027447342e+02
1.714954537377024906e+02
-6.221998183611596289e+01
3.060822648952204972e+01
7.981177822866933980e+01
5.631210493228080338e+01
6.869257098234184866e+01
1.261798232136270173e+02
-1.038304494564385152e+02
-4.618521964383672795e+00
1.401172304576350598e+02
-1.995484408837117751e+00
-5.274836013930409351e+00
-1.057500835569014441e+02
1.089993987576608845e+02
-1.746677013724160190e+02
1.223883679490914034e+02
7.546078203288960395e+00
1.665704381617480223e+01
3.367461051370432301e+01
-1.073055275683325362e+02
9.152898718093166508e+01
-1.247389063708279480e+02
2.932806980665936862e+02
9.289671291848357271e+00
1.093092957927882196e+02
-1.696874885424817023e+02
1.697352564543488143e+02
-9.949514149587544409e+01
-1.163556070379531775e+02
-6.133835996047042016e+01
-1.018680577107127334e+02
6.085696480684863019e+01
-9.628737469168666507e+01
-1.246406493141886074e+01
-2.762633672706702015e+01
1.320090115263626274e+02
1.117039006303786053e+01
-5.279054204530108052e+01
3.794075854508188428e+01
-1.141946072915468449e+02
-8.330425603240017551e+01
-7.208483905134953318e+01
2.294047421704721046e+02
-4.063330337119042568e+00
2.355681969740569315e+01
2.136007938640750297e+02
7.245112012685733305e+01
-2.281676137051110231e+01
1.746149721430309665e+00
-1.100006572631589279e+02
3.644644723926051100e+00
1.020536774412242522e+02
-7.510174882694754217e+01
5.852683072780231299e+01
7.954271259813522477e+01
5.565909859453294928e+01
3.465224665021858641e+01
3.942243125161060391e+01
-4.198186636736215149e+01
-1.335464930984710819e+01
2.033658897837744917e+01
-7.680256373476876952e+00
6.293225370699433796e+01
1.316925632098976529e+01
-1.254597374377161145e+02
-4.270147003048028012e+01
5.477057551729650697e+00
8.002871749569644066e+01
-5.922598417739758503e+01
9.315013642978436792e+01
1.772063883837398350e+02
9.770402928303141721e+00
6.376896774889398500e+01
4.411844636318033253e+01
-6.587243921197179475e+01
-4.636048377702631740e+01
1.142765139700032080e+02
-2.144236890332061307e+01
6.315174531012565495e+01
-3.688160807898111671e+01
2.634100711380320803e+01
-2.596505590736464342e+01
1.030037419181481795e+02
-1.372048549653495009e+01
-4.351472872426156613e+01
2.018747570920719170e+02
-5.284094472722472347e+01
3.630976001932344133e+01
-1.995378015399932110e+02
-1.000969369894477268e+02
-7.617156776743537527e+00
6.605778830959353343e+01
-1.407718459669970628e+02
4.466204128307441579e+01
-1.046659208456881984e+01
-1.816325835484346101e+02
-1.032991780926749215e+02
-8.120003799858018567e+01
-1.751098225061676033e+02
7.482967502797616532e+01
1.065381926264980308e+02
-4.750453107710121259e+01
3.092118050616857161e+01
-1.204988579477387844e+01
-2.600996761947337177e+01
-1.160107887525589518e+02
-7.616411757974488239e+01
6.943862069781953039e+01
1.216949385817785441e+02
7.256675840996435056e+01
-5.235233142507006932e+01
5.770299917037323212e+01
-3.469191672586084962e+00
-2.336773523901056748e+01
3.507727539567209618e+00
-8.920690462990698677e+00
1.248675327350537856e+02
6.961765947873176685e+01
4.076252534144443729e+01
6.783132084535176887e+01
5.041384785400926205e+01
1.644960790503692394e+01
4.395905002434362885e+00
6.887483002313709335e+01
-2.641696405574887940e+00
9.102249367805376323e+01
5.382390826102857240e+00
-9.806197549047089623e+00
-6.344665845767195123e+01
1.840923692779639964e+01
7.699762721593567782e+00
8.768241843774298161e+00
3.258408496378813624e+01
-9.423793825857384832e+01
3.735165975073868339e+01
-1.704168115326103239e+00
-1.114332394226956424e+01
-9.307418362674827961e+01
1.014226043907648176e+02
2.029832486010949566e+01
7.458956517630514149e+00
-1.737581499403877672e+01
1.115960651857530337e+02
-8.619608793934335722e+01
1.388088701255074113e+02
-1.445657146851542940e+01
5.160035915183251376e+01
8.497723298214911836e+01
2.889460237305870294e+01
1.334710399605896214e+02
3.888550261042554013e+01
-1.243949023825415168e+01
-1.012897423731261526e+01
1.078744318752339524e+02
-1.236030309048236830e+01
-1.191391240400940177e+01
-1.261886863955318177e+02
-9.575051771363204622e+00
4.694351711721781584e+01
-6.185803190363418480e+01
3.726389530859460564e+01
9.855428465630539847e+01
1.862822019726288261e+02
8.709662446738353481e+01
2.444211562993102049e+01
-6.650943763565429379e+01
1.196468423678052773e+02
-6.552548250448134581e+01
-2.765224686626787687e+01
7.035169262080056285e+01
-1.346316923291132639e+02
8.554952790578244759e+00
4.870592936287568619e+01
1.230634955912955917e+02
-7.761854731269892227e+01
1.633467125744345161e+00
2.266089434615071596e+01
7.499410744896694325e+01
1.411019074917721809e+02
5.951010150682331101e+01
7.189903179628913676e+01
-9.774851018387985846e+01
1.160434975764632668e+02
4.332304394065067754e+01
-3.174451720547889977e+01
1.662570663413796979e+02
2.439922378374221879e+01
-2.696938408049061309e+01
-1.222362640194540973e+02
-9.276009973823464350e+01
4.195189358067902674e+01
7.929072481715741638e+00
3.903373474993620817e+01
-2.240019084013216499e+01
1.458541795162371368e+00
1.409544254295552435e+02
-4.785755132047247429e+01
2.935973153613489828e+01
-3.506893530173181972e+01
3.473759822030020672e+01
-1.939494957803925956e+01
2.030748606344770835e+01
-8.289295815925413535e+01
8.423321381497775917e+01
1.399215043508704355e+02
-1.038443758636445402e+01
5.541877480830825675e+01
-3.997654627954157291e+01
1.697898515953037091e+01
-1.074443203054793088e+02
6.164823549877971764e+00
1.019615904986699206e+02
2.882280429458441873e+00
-1.050856732092131693e+02
-9.536854494093850576e+01
-6.600094328405089072e+01
5.849576025879241747e+00
-2.318420594427129444e+01
-1.609896774796879413e+02
8.989973568639247503e+01
-1.113786388886911993e+02
-1.052723331088896828e+02
-1.644127198839990101e+01
1.902490332690347330e+01
-7.088158463425520495e+01
-7.211866565605656199e+00
-2.228146829713486454e+01
-5.748077092411669753e+01
9.354118750621813660e+01
-8.421848901169687451e+01
-7.100758671792087284e+01
-4.407102223598374025e+01
-5.587591676874477287e+01
-8.879935290254152847e+01
6.717855740918994290e-01
-2.443580683426984024e+01
-8.938897341914345418e+01
8.748561167312627163e+01
7.669603437566225068e+01
-1.081049194961242499e+01
8.052712506602659914e+01
1.609242269697644758e+02
2.030792693860845333e+01
4.336902148875820728e+01
-1.064863043940448790e+02
-2.569392569957662431e+01
5.264814268062399094e+01
8.864008576357593938e+01
1.196758184055425147e+02
5.349883096896918033e+01
3.630628027550815062e+01
1.276829765917481829e+01
-7.247002332949611514e+01
1.352153283743822385e+02
-5.557859866226917234e+01
1.721423695247656482e+01
1.388265041465590741e+02
-6.411349812980058971e+01
1.779835541710355926e+02
1.347651807556851793e+02
-3.227956002606321562e+01
1.087443176723544092e+01
-9.566335334750247554e+00
3.324191636173422282e+00
6.323804636691056658e+01
-1.398844937676586824e+02
1.601138171719157697e+02
-8.909810538054922802e+01
4.763658966382959647e+01
1.459409750236587033e+00
8.106287440400666355e+01
-1.239877531586173092e+02
7.236778774828604810e+01
-7.664162809974780544e+01
8.069283573267304632e+01
2.774370143733906247e+01
-5.569983040811953146e+01
-1.611189106362073176e+01
-1.138659463600696995e+02
-8.214668588368436986e+01
-6.163742878300858763e+01
-9.070320982586405023e+01
5.317451476157184942e+01
-3.363821229432507920e+01
-1.779659593499198222e-01
-1.636297316087218121e+02
-9.612107230175564609e+01
1.451330415926388895e+01
-3.295931771422356604e+01
2.441888329880021757e+01
3.900867013525829918e+01
-2.471478726599010400e+01
-2.082960029418194381e+02
-7.761696975430264445e+01
4.474047995618709450e+01
-1.852552224183201801e+01
7.894411206071895037e+01
-7.792719939279956520e+01
2.609216788496549100e+01
-2.706611702657723484e+01
-6.847384808134225409e+01
-1.309159254399529289e+02
-1.078127441796629959e+01
1.389420651250165584e+01
-6.292717108492069400e+01
-6.918201978653608819e+01
1.146610320134596890e+02
2.556923649483530880e+01
5.804345595735557595e+01
4.736873125449439215e+01
-1.051071159873087026e+02
1.275893807289871376e+02
3.060845311359694065e+01
2.800338145434423964e+01
-9.561069196739744314e+01
-1.075857979119165435e+02
1.543507898985135007e+01
8.699825206067814065e+01
-1.371036009668406663e+01
-6.580422556247706112e+00
-5.779644229708343772e+01
7.238576985588728974e+01
3.589275164102410542e+01
-2.642956626512564355e+01
-1.258532585814924971e+02
9.092623482965809956e+01
-3.363183259946770676e+01
1.430601828368344286e+01
-1.037497475562779528e+02
4.473017653223247692e+01
1.841988257343179569e+01
-6.288849239174553674e+01
1.043279893307794168e+02
-5.276312210494482713e+01
-1.087086981325373216e+02
-4.604302774369338991e+00
-1.192409544491580498e+01
8.903341441408072399e+01
-1.746645670760074154e-01
1.478127101825081411e+02
1.377696934328323408e+01
1.156598011977617375e+02
-1.616514465024880209e+01
1.414872510124599216e+02
-5.197075405665287207e+01
-2.802213657983975992e+01
5.662810583204700432e-01
-2.967766109891648441e+01
1.243276591831524414e+01
1.127178621910842509e+02
9.142689105516728887e+01
6.607051167939013681e+01
1.435925927847577270e+02
-4.405840934739262593e+01
-9.420969585419449288e+01
-7.627165950844127451e+01
5.213854951617557987e+01
2.263613022335685621e+00
-5.019337122373438831e+01
1.876076197385349431e+01
-2.207549895633974302e+02
-5.755555776487749853e+00
-2.763568524036818275e+01
2.160842313087274746e+01
9.259400002867660362e+01
-8.999305412347302990e+01
1.361055529851489432e+01
-9.517276802960829230e+01
-8.296982365183039221e+00
5.216303678484710815e+01
-2.872654403398256306e+01
7.619809193945455661e+01
-1.573189432455482688e+02
-1.636595801853103467e+02
-1.987409340901814758e+01
-1.279805335780193474e+02
-7.013756835125651179e+00
-4.123088106841264988e+01
7.752093288000202165e+01
-2.389221283666912043e+01
4.369187972073566328e+01
-4.683524300327796652e+01
-1.596781445100094459e+02
-7.816804143434912078e+01
-1.619384552636270769e+01
-3.287057846112216186e+00
-9.294720365628570846e+01
8.535528534285579383e+01
-1.760378201976564583e+02
8.830761208629640180e+01
-1.411574195177746205e+01
-1.154163927931516440e+02
1.232152225380136201e+01
-7.403572726583392694e+01
1.799735128806165374e+00
-1.969057079022105228e+01
-6.991497462673551411e+01
5.894299874742389278e+01
-5.398937058317707205e+00
-1.817799876045748420e+02
-1.229245975909596211e+02
2.490668610497311164e+01
-2.926632470060396329e+01
1.260516972226379835e+02
-2.070790447346333352e+01
-4.110520478452986026e+01
5.552054721900234568e+01
-6.584858797204270786e+01
-9.520740892239717823e+01
-4.946539556795850956e+01
1.015018116776869839e+01
4.548908809066496417e+01
-7.294055263927880617e+01
1.158112157215504112e+02
-3.710410478566450365e+01
5.830407559377013627e+01
2.068807680875598365e+01
4.491213372550715377e+01
-5.340659862695471816e+01
6.313885127664244834e+01
5.645407462515785113e+01
-2.174512851922827394e+01
-6.909556429267202482e+00
8.296035303982367282e+01
1.668317535301313015e+01
4.943279615709711194e+00
-4.742482175997066918e+01
-1.971568731015704046e+01
1.241076464078920765e+02
-2.659301883126406807e+01
5.146454037111581670e+00
-1.371195553018164333e+02
-6.913585157828742922e+01
5.643285290117427166e+01
-4.028922146493778200e+01
-1.851467291629971257e+01
-4.097575257909188906e+01
1.284578831180729139e+02
-9.735338107837763744e+01
3.481091664907324024e+00
-3.116806049358120845e+01
2.813014902453374333e+01
8.351227533283807958e+00
-7.893685205748053768e+00
-5.351132343436975702e+01
-1.741735007653624052e+02
1.303343766495998182e+02
2.754055493511113895e+01
1.349712347457272017e+02
4.205646800704283805e+01
1.350665386446692873e+00
-7.019845877810064394e+01
4.362526970331992260e+01
-1.042110047601814671e+02
3.606349397747541730e+01
8.737781848678544350e+01
6.464232559622563201e+01
1.603456217239853743e+01
-1.198788762258558620e+02
-1.631115842000196494e+02
5.995409055707155233e+01
3.623855150459022667e+01
8.801589842005300568e+01
-5.277097972087216249e+01
-2.185094160813656217e+01
6.754188643039361750e+01
-3.223353566116755786e+01
8.337734595580931796e+01
-1.283039217717274312e+02
9.322572105344573856e+01
-2.418865591228966139e+01
-6.947904780494965848e+01
-5.350702347822544169e+01
4.725277581612576228e+01
-4.412677402729786991e+01
4.607690757991547059e+01
1.132722576235738501e+02
-1.151551425587459265e+00
1.879048236250228570e+02
-5.004458826066424670e-01
-3.716657261734889062e+01
-5.107031681888548746e+01
-1.844625128167933497e+02
1.979111235413051872e+01
-5.836159193129503109e+01
-7.899684223201344935e+01
2.018717062581957862e+02
1.730363577710211587e+02
8.342356895552105911e+00
1.880629859732066507e+02
5.964503635743268006e+01
-3.107306433754590103e+01
1.920318766894256513e+01
-2.039479143309207032e+01
-6.499417609678560837e+01
1.732705213580761665e+02
-4.951967461905834256e+01
-3.316704566646670571e+01
4.829873433963855689e+01
4.187560917220085166e+00
-1.353192809748861407e+02
6.352013252491375539e+01
1.086813252410972268e+02
-9.619040924033610906e+01
-2.819374834567944177e+01
6.462288724950775531e+01
1.154315694860415409e+00
-4.363734779092907701e+01
-6.634989104744281008e+01
-6.446311839361368357e+01
-1.091515439720029974e+02
-1.035434794690386866e+02
3.847478097895632487e+01
-4.505680102382557806e+01
-5.714766637568705221e+01
1.330440405869346137e+02
9.036318877514906944e+01
4.345808234931647718e+01
-5.709914066714404157e+01
-2.396669686827197054e+01
2.265561102412023686e+01
-3.436629125255043959e+01
7.968739307672146310e+01
-8.232956463820809745e+01
1.868032984090078230e+01
-1.590332530283600043e+01
-9.691117891037082188e+01
5.822336046337545667e+01
8.408674633398256049e+01
2.366170746144673842e+01
6.081244924738648194e+01
1.332502585538925359e+02
-1.389778418277896606e+02
-8.486597999658417990e+00
2.435749933540909851e+01
-6.169205499765867629e+00
1.424116979339185995e+01
5.642472101867103618e+01
-8.352791317468546595e+01
-4.358925590593213428e+01
7.488378558789712258e+01
-2.451002061020173262e+00
-2.206985313025509470e+02
-1.674948170520285373e+02
-3.513584404388451787e+01
-1.179148519055569500e+00
-3.609687664842720523e+00
-3.514326276431681606e+01
1.326857094819601173e+02
7.492225925619483462e+01
-5.164507180354146243e+01
3.475397918677962394e+01
-1.194546229147127470e+01
7.874259077488875391e+01
8.608706565377042352e+01
-2.698469477625415891e+01
1.304837417139549416e+02
-1.098069321874372690e+02
-3.405928415428131473e+01
5.688543629811123026e+01
2.284887448905141838e+01
-7.202894877386017924e+01
-9.628631806245979874e+01
-2.558600001093105547e+01
-1.056259006479480291e+02
-2.833116695675972796e+00
-7.003429531755961079e+01
-6.502704898497830399e+00
-1.294206819790560132e+02
8.627793052739022528e+01
-2.319555048362305882e+01
-1.875439979087504838e+01
-7.433343253086118807e+01
5.481930868725770267e+01
-1.276651834947162740e+02
2.350528858911030028e+01
7.075936922129393736e+01
-2.839086529653289048e+01
-8.918649210111006198e+01
1.068713839570572866e+00
-1.335514256615146849e+02
9.423808517191908374e-01
3.198079811189506927e+01
2.148936632000024360e+01
1.356779196074421066e+02
-1.267683407723310722e+02
1.671159921075295927e+02
1.030909973617738302e+02
7.868248598004817040e+01
1.089753250823447956e+02
-1.188582613796105818e+02
8.932050797008665199e+01
-5.829161239572041353e+00
2.530229466742543210e+01
-1.587873763019549074e+02
5.864065131155675914e+01
-7.126605580749348690e+01
-6.955765889259244261e+01
7.101815865410065953e+01
-7.897550849903069548e+01
1.983746087993046814e+01
1.671259955950179688e+02
1.467185531598843227e+02
-3.330172701857544837e+01
4.129713453801713996e+01
-1.537141535015597640e+02
1.018311104926705184e+02
-8.905690432759480757e+01
-2.096788719672472467e+01
-8.813066298047439773e+01
1.727700724541994148e+01
-1.518341993355486181e+02
-8.366424743670326336e+01
-4.993443178360038104e+01
2.834306263867275888e+01
-7.524496860028970957e+01
-1.776486315043595425e+02
1.117987181830639827e+02
1.862625692955270695e+00
5.868654840059604538e+01
-1.071452769508462382e+02
4.282093900535921449e+01
1.299262589079114889e+02
-1.586499560399031061e+01
-1.373462598796632683e+01
2.402433259267635179e+01
-1.243778492014565558e+02
-9.275301181439258968e+00
1.385840382658436738e+02
2.205396697613763379e+01
-4.121474251937413413e+01
-8.342749303165420827e+01
5.492238937930832776e+01
2.449523785591252647e+02
6.283740989317482928e+01
-1.365147109968912957e+02
3.746809228051275653e+01
-8.544514417308798215e+01
1.129363723284804593e+02
-4.961436787781651958e+01
1.072308128654734674e+02
-2.089302357028656587e+01
4.063431085713482815e+01
-6.271733355383999253e+01
-1.701860649883914789e+01
1.488485209274502452e+01
2.233604292417985082e+00
2.310753384310869407e+01
-4.466758456527832521e+01
-5.563675943284915348e+01
-8.567114957567471833e+01
8.981362162667618065e+01
-8.911386277364523778e+01
1.166570390248602251e+01
9.669701149499634596e+01
-3.601971962839431995e+01
4.237400534278887854e+00
-6.011082486589933893e+01
9.091348782505453130e+01
-1.547646038408371965e+02
4.846088183990049458e+01
-1.512432907822702077e+01
2.326808669764195159e+01
-6.543047859018626866e+01
1.125671475293858208e+02
9.213196103710583174e+00
-5.387223029329485513e+01
7.662125133599262838e+00
-3.811360749293938710e+01
-7.900220011653324548e+01
-1.210501448747951230e+02
-9.143184420543737190e+01
-1.852891705223362351e+01
-2.470245056236554149e+01
-1.282950693401646802e+01
8.104123861615785529e+01
1.435191513321090540e+01
-3.515362484549993560e+00
-9.599036711189249615e+01
-4.224468564439384011e+01
1.333552307104227630e+01
1.590440978901658013e+02
-2.386681677704460824e+01
-1.885189726518127031e+02
6.180394950889981232e+01
-2.843179179728518413e+00
-1.708834927183695243e+02
9.297623537325263499e+01
1.927459773196647177e+02
-1.587967706561065597e+02
1.028166980003148012e+01
-3.014309261418972952e+01
9.770181031196012000e+00
5.110289084548874428e+01
1.243366263373546055e+01
7.499531372509943594e+01
9.562347623605140257e+01
-5.414204690674033316e+01
-6.193287086852846102e+01
6.540956951875490688e+01
3.649408304677283610e+01
-1.847095643083702399e+01
-4.255621048937993578e+01
-1.568405496016834455e+01
6.170954992955069685e+01
-2.865689121676153306e+01
-1.168336384624807636e+02
-1.066615632499334225e+02
5.305051661154680431e+01
-8.684123768539901533e+00
-7.777455481057127429e+01
1.633437349189721743e+01
7.173565418340393407e+00
1.040222659509277179e+02
-7.234865299557384333e+01
-1.032259939289253339e+02
-5.350289564812443999e+00
8.035882120138809626e+01
-7.972549197102625840e+01
5.660641977599888008e+01
5.925020915989139780e+01
5.066022031155880967e+01
2.756832137078657041e+01
2.731985579832227629e+01
1.242361990118866899e+01
-4.923615398711945801e+01
9.059810416494555341e+01
1.419215319998826033e+02
1.641238086979402766e+01
-6.394785944711289716e+01
-3.226484898345847085e+01
2.119462897034031457e+01
-1.066789565032794087e+02
-4.839754493399286162e+01
-4.715219791904616642e+01
-9.650193534597629252e+01
-4.073922490777462002e+01
4.257662395257275278e+01
9.443856435787117221e+01
-2.955994703934524281e+01
-8.533689403742688739e+01
-3.664967767716768066e+01
7.663001993993850292e+00
-1.048082948921738335e+02
-3.641784158244506386e+01
-2.810409771513258903e+01
7.547493552640191616e+00
1.724286533577566516e+01
6.994282532036663724e+01
-8.768364901321851335e+01
-1.147544216346478976e+02
-8.040473127457728708e+01
-8.146332017951682758e+01
3.592035501533748487e+01
1.465413931015603453e+02
-3.043211474401201766e+00
5.055963318829164166e+01
1.650711493163593957e+02
-1.855037164879724969e+02
1.762760040536485207e+01
-7.137031122051892851e+01
-2.426124853370169987e+01
6.227003959805352906e+01
8.192503958325504243e+01
5.887243965185157890e+01
-1.937117685286958988e+02
-8.988076313968153386e+01
-1.259132077418605036e+02
1.503951684165281506e+02
9.535266278031276954e+01
9.061567758533601591e+01
1.402456589013935115e+02
-4.782035120303581976e+01
-5.635735221229050040e+01
-1.340083983504605669e+02
2.524460304124521315e+01
3.655042839646727515e+01
-7.759632250571398515e+01
-2.712327979761874630e+01
-1.371830989541050485e+02
-6.797473263613630934e+01
-4.532159384148713599e+01
-6.763153007164284247e+01
-3.292701650817018333e+01
9.536837058557840408e+01
9.829001898011271976e+01
6.129019276656135773e+00
7.129978634079430222e+00
3.501859192302984258e+00
1.818630397501904739e+01
-6.876740718693152132e+01
2.510861459578621435e+01
1.170497044531332449e+02
6.777805292249918523e+01
5.684611483754525807e+01
5.100097439571293734e+01
7.342081213209978330e+01
-3.269587965579543720e+01
-2.395690363290066216e+01
1.805408944379458944e+02
1.286432277777657021e+02
-1.091525178522910551e+02
2.705520119377259647e+01
-1.596777858130063521e+02
8.691550938356006384e+01
8.776483190974882831e+00
1.178428424292788463e+02
5.247767457926658352e+01
-4.270311301364579926e+00
-1.066573920433934290e+02
1.065620566656351826e+02
7.840690998260649280e+01
8.214268602614399128e+01
1.013125211561918206e+02
1.731922705146333215e+02
-4.127236746929096256e+01
-8.101172786749611987e+01
9.216320568114163336e+01
-2.978017027544997575e+01
4.718496406360169004e+01
-5.048333392306587797e+01
-1.949016313588737859e+01
