9.060114887250496452e+01
1.382552498329166610e+02
1.156599935381102462e+01
-1.603857855459319524e+02
6.878688460898722212e+01
8.501003453332806714e+00
2.337144137533299926e+01
2.290098509756562919e+02
6.135053731115974074e+00
1.546427709358294464e+02
-6.421713729665370352e+01
-8.205806911266083148e+01
-9.684935674487982737e+01
-7.590329223905943934e+01
4.035682635678905683e+01
-1.744504886742034344e+01
-7.420815683570766907e+01
4.485672729727593122e+01
-5.156057155622229260e+01
-1.857793454244337283e+01
-6.936871503190346289e+01
-9.202119922292533261e+01
-1.239638818437050531e+02
-7.327215431559903891e+01
-6.456894260370246741e+01
-1.109961391208407662e+02
-8.164269030154935436e+00
-7.040429883362202190e+01
2.521890606848733896e+01
5.936887920959065212e+01
2.125507034668112194e+00
-6.852418744160843067e-02
-5.602668051221642287e+01
-5.698107436242406720e+01
2.519974252799731751e+00
1.312351594522982907e+02
5.680772385338007524e+01
-1.354148788137908355e+02
4.795740712321126153e+01
-5.842483108764994171e+01
-7.835311399714353797e+01
-5.408841513906047282e+01
1.203028720633737265e+02
-2.504776994294302028e+01
8.922343174177191827e+01
-1.269907354053018800e+01
3.261593172280709751e+01
3.148994962572262679e+01
1.486725690522014531e+02
2.566475478942687261e+01
7.168103543295561053e+01
-7.189780319096598760e+01
-9.456389981660679211e+01
-1.272920859829594775e+02
-7.059214559636515673e+01
-6.603207114960667923e+01
6.742776925558491996e+01
2.373728918390980880e+01
2.015856530502630335e+02
-1.246244293608820755e+02
-5.405966675460464899e+01
-1.502478560583463150e+02
-1.051986385337276459e+02
1.079198497007307367e+02
-2.414608374118072476e+01
-4.790444438675415251e-01
-3.697231533435502371e+00
-2.959564892038526409e+02
-1.120555104330640006e+02
5.732799941725165382e+01
1.497637446468681333e+02
-2.907453626661680346e+02
-6.427655998790223180e+01
3.151011606409105781e+01
-7.817990129034791380e+01
1.890640475907663376e+00
1.157501949638784282e+02
-6.565592660769479494e+01
-2.030516784507031502e+02
-2.962533004562711270e+01
2.128791436553127596e+02
1.008739733149639335e+02
-1.107251702983545414e+02
7.156508510830562386e+01
5.367861308674036991e+01
-1.832382605115027374e+01
-1.884674410170882553e+01
-1.758536715311265084e+02
9.058508659311777933e+01
-4.002638710551531886e+01
-3.505054588908581792e+01
1.151391224469853682e+02
-2.156871578391317996e+02
2.400199904411842766e+01
-1.305751061245832148e+02
-6.243505112118970857e+00
-6.581255083416971274e+01
-2.192131318694882225e+01
-1.514107336682707938e+01
-8.191199469841423308e+01
-4.903307911460751001e+01
-4.636511869543829789e+01
-1.572412870281616790e+02
-9.469821472209821422e+01
-9.422565048408506172e+00
1.644658480364390414e+02
1.069335532577734824e+02
-9.489316024683908779e+01
-6.014153112904976695e+01
-4.126918018912055430e+01
9.108894135569869377e+01
-9.244007075947764918e+01
1.251324263769507894e+02
-1.480956232445085163e+02
2.218932719339969424e+02
-9.561791055804890505e+01
8.909483039730778486e+00
1.756078157710038923e+01
-1.540113786926584396e+02
-4.826724985699303261e+01
3.992193778194262244e+00
5.116106537636059493e+00
1.454212190423378104e+01
1.483609754840410346e+02
-4.931045835938223831e+01
-1.979787988577714657e+02
-4.050495560441451914e+01
1.102911900886468715e+02
8.371169900248253271e+01
1.671026008504043716e+02
-2.030777332301968130e+01
-2.901644637055644793e+00
-1.081863702933013940e+02
-1.608001683091610090e+01
-1.190587629623293680e+02
5.019345382528015875e+00
2.169051481565476536e+02
4.722424963387923214e+01
-9.060469137980128096e+00
3.944652748620897853e+01
1.643286832382044622e+02
-5.570540399081549054e+01
1.358429686140194690e+02
-1.426769005925150324e+01
5.311979309840699415e+01
4.398058030291802822e+01
-8.423681748837496741e+01
-1.080058129871177357e+02
2.885101055309747409e+01
-2.549636828095755803e+01
1.935227055995645529e+01
4.653801470551648833e+01
3.373444291103999149e+01
-5.301407790831460431e+01
-4.822124644990051223e+01
-7.553684750333468401e+01
-4.406881639051660926e+01
-1.041122920311480442e+02
4.272358084622161556e+01
4.154296213237734037e+01
1.282077374701574968e+02
9.816509919518939853e+01
2.409444627286215379e+01
-1.276527973054582645e+02
1.903168105002096411e+02
2.884208008549123647e+01
7.268057808495902350e+01
-5.222395878803801850e+00
9.731423419435100186e+01
1.623628811152232458e+02
-1.227175430512941290e+02
9.097447000110786064e+01
-5.418772133568827343e+01
7.866756713705980530e+01
6.814996065880507103e+01
-3.360814581589247041e+01
-1.455762578706922739e+02
-5.230099057486377490e+01
5.334957719314013502e+01
-7.826597608784797444e+01
-4.543772912531521513e+01
2.393069321027278562e+01
-3.290402958178927406e+01
8.532452619944754701e+01
5.972776350318632410e+01
-5.901943549701568514e+01
1.387769757657792695e+02
1.347336183796291778e+02
1.041469395764971324e+02
-5.229242721189441312e+01
2.217696839935016584e+01
-4.978381617407071857e+00
-5.530192530260946704e+00
-1.605644359103729357e+02
9.664373062647601387e+01
-1.000676028972861609e+01
-6.689896920849099615e+01
-1.279671572208360999e+02
-6.541115390069592195e+01
-2.209394699110077553e+01
-9.334029872116560966e+01
-2.057371770853567838e+01
-1.787496542366407652e+02
-4.840702007254947148e+01
3.310482938545522558e+01
4.428870655703021697e+01
-5.342521146613761118e+01
1.050396206801836456e+02
-4.546940489044006739e+01
-6.813189019159399606e+01
-4.730591528991397610e+01
7.173438990644176272e+01
-2.127464366906977489e+02
-1.395704727575494530e+02
-1.862171132219027214e+01
-3.033650257940309913e+01
-4.141222107690856546e+01
5.605939086328515231e+01
4.364766537032404159e+01
-2.611278018144295032e+01
-4.411655335755877871e+00
-8.331908055101921562e+00
-1.326928400964308139e+02
-1.230381765488258452e+02
1.089182665806058381e+00
5.264825108696477685e+01
5.901836725131095918e+00
1.015205285716554187e+02
5.956882991593248633e+00
-9.768044250678920548e+01
-8.815969209801683348e+01
-1.537006870743843763e+02
-1.314350418505593154e+02
1.298185431738804994e+02
-2.331372530763555417e+01
-7.691177526419573951e+01
8.401804868336307663e+01
8.646876562150475820e+01
-6.636117208648568067e+01
-1.472097283848297593e+02
-1.556714274767128359e+02
-1.527589101632690074e+02
-8.212934957536870684e+01
-4.046774911042432876e+01
-5.750190287673310507e+01
-1.076742682332430547e+02
6.812891744020950568e+01
-1.697479670519794865e+02
1.603717883879577357e+02
7.426652392227824251e+00
-3.410447407242514828e+01
-3.677464981437081804e+01
-1.628873980154837682e+02
-3.654449095060117969e+01
3.021958683121008704e+01
4.834835246919365837e+00
-1.226375198227585059e+02
3.047705803799718183e+01
9.257046610246428031e+01
-1.301670241855186987e+02
-3.732627797159939309e+00
-2.621327979433859667e+01
1.444165486134531307e+02
8.261178457294955990e+01
3.496813027198123081e+01
5.292856777984939498e+01
-1.284550085380757594e+02
7.960708015293782580e+01
-4.869075475067596415e+01
-1.711195128546611954e+02
-1.483156691646562031e+01
3.330044950345896382e+01
1.616418356324528531e+02
-2.953019985610453801e+01
1.763618015718719789e+01
2.377087421440814552e+01
1.208821213749311312e+02
-8.422215629628590250e+01
-1.354741098930051635e+02
-6.628611925105923319e+01
1.206791919796393273e+02
2.159719030069868140e+01
1.009063022427110212e+02
7.341276767328155017e+01
-5.007808389508989677e+01
1.896957491071133717e+01
1.581807367989920721e+01
-1.176570224200290511e+02
-9.540362928661382114e+01
2.576933115558528584e+02
2.535822745470328954e+01
1.226944409646034195e+01
-1.009022889203796858e+01
3.788828419334685549e+01
-9.427460200804553381e+01
-6.466258980280743174e+01
8.021085131038393001e+01
-5.927617776542421524e+01
-1.631815755273833588e+02
-8.825526155225564651e+01
1.683359583546555598e+02
2.470808073597942922e+01
-8.479080259826071142e+01
-4.966177258015304119e+01
9.921013465061641057e+00
-3.745718245541334568e+01
-3.176079489091785391e+01
9.306053436606840989e+01
6.464806426848753063e+00
6.489992329016217809e+01
-1.278093443414974928e+01
-1.384187300149938267e+02
1.262643327691716735e+02
6.091899233052183149e+01
1.335539990238173687e+02
-1.255244200494955891e+02
-2.418286270637293711e+01
1.575222317536027106e+02
3.439274871923026922e+01
7.067738837665105223e+01
7.453232808112061036e+01
1.007648896330178019e+02
1.027023065351104094e+02
9.278390859499015164e+01
-9.335971794715999295e+01
4.450484238551216265e+01
3.950490011220933795e+00
1.144374861459151447e+02
-5.863421538428754687e+00
1.200544952338720037e+02
-2.268665891476517871e+01
-7.851944623564108383e+01
-6.443325988966071005e-01
-5.164598200264750716e+01
-4.434843693554944366e+01
-1.152075047243119883e+02
9.157279813896115783e+00
-1.187094859256415589e+02
8.081843374440465766e+01
-7.973524147867985334e+01
-3.679770020998241620e+01
9.662121806333581731e+01
-2.350009072623424800e+01
3.979221857706293974e+01
-9.032000527655226563e+01
-2.122651590831266901e+02
8.947033879336498785e+01
-6.273421767483821299e+00
-5.694639288621038276e+01
-8.607384243140739954e+01
-1.165513522612561843e+02
-4.057389529082862367e+01
2.043665682402042307e+02
-1.545682012110254959e+02
-3.450658723347948609e+01
-1.057912653405200700e+02
-9.131616673599195622e+01
-1.036778775361605938e+02
-1.199162371082494332e+02
6.528017415164631743e+00
1.415613507145263128e+01
-5.629452368238151649e+01
2.360024376838436311e+01
8.572457927793753640e+01
6.048853796387192006e+01
1.636579643241501856e+02
1.026493536248912903e+02
-7.904798341974017717e+01
5.410207687185988590e+01
-7.548385054455722809e+01
3.074999099003355596e+01
6.137219668303954023e+01
-1.844536640693833718e+01
-8.572454273840346417e-03
3.061949824443790824e+00
-1.095258571538613701e+01
-6.687758475369093958e+01
-1.626446567283856837e+01
-7.186112633219654811e+01
-3.384372241888934241e+01
3.629222981624914190e+00
-8.347657038497274584e+01
5.964719267454396068e+00
9.037674352336384231e+01
-1.347490764494834181e+01
-1.598898531736250845e+02
-8.844972311819952893e+01
3.400996730695091230e+01
1.533840736003764960e+02
8.150973028409379140e+01
6.709677289326236860e+01
-4.769716276289017998e+01
-1.523364608928363850e+02
4.997033884413409766e+01
1.577309048346559450e+02
-1.669577984746993877e+02
1.548113298199623102e+02
2.783545555719844060e+02
7.624371283875269079e+00
5.596171362543247341e+01
3.887810318803676779e+01
4.183128742693173052e+01
4.123279201114570469e+01
1.112198478346832360e+02
-7.080636618559421436e+01
4.075755640662988810e+01
-7.449055779530945642e+01
-6.292374743670887227e+01
1.120777914574784262e+01
-1.082138424173173874e+01
8.168090407131983000e+01
1.612374056855418019e+02
1.341650601334807789e+02
1.437525211843700674e+02
-3.711644293434670772e+01
6.311142013412751339e+01
-1.082474176430047663e+02
-9.463199211139674105e+01
-1.402426373845896990e+02
-7.083929411850428437e+01
-4.222743222691908471e+01
4.961991946253039032e+01
1.157175363272245789e+02
7.736851458031742013e+00
1.737068081799099843e+02
-7.430491483555643129e+01
1.060027306695401847e+02
1.178359170297494671e+02
6.079683124891230506e+01
7.206589322450999191e+01
6.692627668086230130e+01
8.807162492130792941e+01
6.031117209320395744e+01
-5.992118441776313631e+01
-7.233828027711481923e+01
1.007268326390117181e+02
1.291003156862448691e+02
1.474347366306140827e+02
-8.376358706931947395e+00
6.549627211055605081e+00
6.099489803261384679e+01
7.873886623230922055e+01
-9.630463112598785358e+01
3.628873923691069336e+01
-1.170963255654470458e+02
-8.181787036287499859e+01
-1.928885203157638841e+02
9.979975056433768543e+01
-2.006500817681182980e+01
4.467058526538124852e+01
1.437470696465042295e+02
-8.257550668973468078e+01
6.971213630099680358e+01
-6.846114365259863632e+01
3.934927615910736876e+01
6.954757626175879892e+00
4.361344403951174797e+01
-9.227571281425521477e+01
5.739737724599604718e+01
1.490506662008027945e+02
-1.054492431573608258e+02
8.435721854045702628e+01
-2.754337360958728809e+01
-4.501898306666792848e+01
7.394960448247572060e+01
5.015946002796946601e+01
2.013766272137990399e+01
2.082423967779923046e+01
2.955432366193215898e+01
-8.011197539570547121e+01
8.939169778096024288e+01
-5.523856096119378378e+01
-8.429379504098555742e+00
1.779126191520874158e+02
6.618642568666200532e+01
-1.302233220007028081e+02
-9.751663955390336369e+00
-1.035289483268957440e+02
-1.138140290860342247e+02
-5.843212116247951116e+01
-1.713222259517371810e+02
-2.088963031398971992e+01
8.077780614628369449e+01
2.812980236159428493e+00
3.389315097504110241e+01
7.922137406167479412e+01
1.392550246756627814e+02
-7.024338511029591814e+01
2.376466170607145045e+01
1.499370050838012673e+02
1.001755201698417608e+01
4.692263370621459018e+01
-1.329861378986502700e+02
-2.960832210827993194e+01
-7.876939695620635007e+01
-1.521255270277408727e+02
-7.775846352568218833e+01
-1.082868694697726966e+02
-4.499935032151780945e+01
-2.092799623665940700e+01
1.016298813317750849e+01
4.188734788694998201e+01
1.195529979419730324e+02
-2.874782135988445830e+01
-1.048209487612542290e+00
-1.394767814165318143e+01
4.851988718291855207e+01
-8.398372286134622300e+01
1.303016817909478959e+02
2.020218313608218921e+02
3.296073740394107432e+01
-2.225207056250701498e+02
-7.185718214982146890e+01
-3.527484420443771640e+00
-2.646558387823994707e+01
-4.398306929291733525e+01
7.213292467084203352e+00
-8.592881179341794962e+01
-6.018438447035752148e+00
6.101904773921957315e+01
-7.873824732782576064e+01
6.077601380387551444e+01
5.292782090818650431e+01
7.029664559135329682e+01
-1.261389642245572240e+01
2.738127474964912622e+01
-3.378388532395748456e+01
3.004879907450244403e+01
6.173139631709562991e+01
-2.009083370278097291e+01
8.750696681226636997e+01
-6.251751460200729582e+01
1.313599802793033859e+02
-1.308906787069563222e+02
-1.090611850718059372e+02
-1.467534404460941175e+02
4.924488943759951098e+01
-1.119022146065647547e+02
-6.136032911226096331e+01
-8.216766611367761186e+01
-1.136081589719839258e+01
-3.719333332325142294e+01
-2.723392912696793289e+01
-6.689287182514351571e+01
1.380249241283510457e+02
8.984106820289187567e+01
-3.970635432568728618e+01
1.818542671300020785e+01
-8.841971121807488032e+01
-7.006253588554844214e+01
-1.441558923638542069e+02
1.263164217702002503e+02
-8.729442018438926709e+01
2.709614887445086495e+01
-1.046933590644620722e+02
6.954655091068914885e+01
3.155529550292522245e+01
2.154855065845292472e+01
3.778235318712976465e+01
3.065159743835521589e+00
1.238342985077313330e+01
1.002615922015597363e+02
1.172706906453632847e+01
-8.099324312237816059e+01
-1.407469586548116069e+02
-5.677658159595786458e+01
-2.789103387658184730e+01
2.406903674810358851e+01
1.271396032839184187e+01
2.094318927211747905e+01
1.481711094895426299e+02
-1.230750375069865612e+02
-5.485593441662541636e+01
-3.130625945242930896e+01
2.466707846874362886e+01
8.197728734919260773e+01
-7.476522983386825416e+00
-8.608623233806252983e+01
3.348440633735966543e+01
-2.221067596277200096e+01
1.155954306744067566e+02
-5.647166731034712228e+01
7.615260104934336027e-01
-1.383611804633671909e+02
1.026740874815781694e+02
-7.104156319983908929e+01
7.418299292544769941e+00
2.335464410614544306e+01
8.457163495649527363e+01
1.884358890796804644e+02
-9.400863511512056903e+01
6.016309462076146275e+01
1.615165452087336178e+02
1.642564129247913343e+02
-1.707083418413220386e+02
-5.186901520825007772e+00
-2.411689604091026240e+01
-8.915427652503232991e+01
-7.378577336357774641e+01
-7.325540728657611567e+01
8.282067279484931532e+01
-5.754076718702947346e+01
-8.097528254632911171e+01
1.755941976427399709e+01
-8.108821549406600582e+01
4.289333462566230537e+01
-2.216084988027330027e+01
1.283338920345030054e+01
7.679408563243713459e+00
-9.357048994375965378e+01
-2.063901489040599202e+01
-2.954258927286986491e+01
-1.828733384114850935e+02
-9.714923403983898709e+01
3.785994702769247056e+01
3.634893727727059343e+01
9.532034138597056483e+01
2.121778085399567999e+02
-4.191286983149660017e+01
1.317932031719475674e+02
-1.336113657649604249e+02
-3.962333435412013216e+01
-4.374504134739709116e+01
1.021519706639223841e+02
-9.650203456576099015e+00
1.087324287615542460e+02
4.371091601279626815e+01
9.441465678378976323e-01
-6.818762749482868202e+00
-1.235478827121267074e+02
3.054469293886376136e+01
-1.834065474806104703e+02
-6.618929927242376721e+01
2.690783761818839182e+01
-1.796886302933993136e+02
1.931432658696608371e+02
-7.598916221051659647e+01
-3.722150005264863282e+00
4.444312684816198811e+01
-3.905964926692949746e+01
3.116558087020489509e+01
9.467899864535580523e-01
4.767161713753979768e+01
-1.260429658982548347e+02
1.197530121798834912e+01
-8.986575086518961086e+01
7.001230059852146326e+01
-4.408333921437613867e+01
-1.027838344541216173e+02
-2.571137138788523657e+01
-1.129784514524036831e+00
-5.179708013611368500e+01
9.623028894712173553e+01
-5.880453980636792721e+01
1.124925015606543255e+01
9.602606495267801279e+01
7.961371359048541763e+01
-4.840130132943244234e+01
-5.287075388286454825e+01
-6.970476329482141864e+01
-1.206377111752659772e+02
2.473617523215100888e+01
-1.266871154942027999e+01
8.613126344948061330e+01
-2.016758064896567149e+01
-2.029900396339399293e+01
5.674568231710701838e+01
1.369300884322071568e+02
2.408079933041914842e+02
-3.151582974335160614e+01
1.344637651627066361e+02
-1.725644233630187330e+01
-2.354060176978919969e+02
8.255000831609736167e+01
-2.943286774610933421e+01
-3.356699527139781480e+02
9.754013916193628120e+01
5.587348433934814551e+01
1.419005239701706103e+02
1.609100406206957246e+02
9.609162176334384853e+00
-9.250832562854689911e+01
-9.743833069020679716e+01
1.983465175929692137e+01
3.061802230080624199e+01
1.351130927138505342e+02
2.237874164045283720e+01
-6.873112530965674694e+01
1.227968123794569095e+02
-1.708270964807395558e+02
1.642973561457810661e+02
-1.588774261157723515e+02
-4.201794244829526548e+01
1.267665018353784632e+02
5.437596688265495715e+01
-1.067130584306421071e+02
-1.467626002369679661e+01
5.662231740188434514e+01
5.033734068910475656e+01
-1.086407683318116710e+02
1.145157086871399343e+01
-2.066262104938520849e+02
2.042115081755443740e+01
-6.871441139105240836e+01
-1.048201871484826171e+02
-2.298976110016712369e+02
-1.926384720854881039e+01
1.234333299401481412e+02
1.914790972559042075e+02
1.375633164683582947e+02
-1.070804584919662403e+02
-5.150010941830682043e+01
-1.018988796644547250e+02
1.233776926435174204e+02
6.668778416271780429e+01
-9.183106639542884864e+01
-7.252812470977170278e+01
1.134119468328111111e+02
5.025808051279138056e+01
2.021461289395183485e+02
1.003458924440451128e+01
4.194641091246879938e+01
1.057108597058017097e+02
-8.236196357815988733e+01
4.381320284114615937e+00
-1.762299353281092351e+01
1.753559322465090986e+02
-4.271165608387348556e+01
1.111021244773246082e+02
-5.734791489925214591e+01
3.634656194367502025e+01
1.406411211071529692e+02
7.592874537868377161e+01
1.153825132018369857e+02
4.056888077950720373e+01
-1.258575661007591862e+01
4.654557894719826550e+01
-1.796481925118772551e+02
-9.631259890031238058e+01
8.007073763067216987e+01
-6.408547098453982471e+01
5.515910484898685695e+01
3.841728657900046784e+01
1.302650242146370090e+02
-3.164788768297071186e+01
-6.004737065313091193e+01
-7.453014129508883912e+01
6.337052187440141182e+01
-9.889402848498970400e+01
-8.107035229610150395e+01
4.326367733219998968e+01
5.781771671064752383e+01
-1.182516511855601635e+02
-1.393232079776869909e+02
7.722985452945771101e+01
7.825356132771588591e+01
4.794346347182240464e+01
7.379517924709863053e+01
-7.297789150439675154e+01
9.237200317250083970e+01
-1.636494069110480041e+02
1.677959149237755412e+02
5.290179614869931157e+01
1.614247018681261636e+02
1.484568791095617826e+02
5.902091063077225641e+01
-6.415411923686879447e+01
-1.354651882900417377e+02
1.176630302107071628e+02
-4.394776210110717329e+01
1.134275742959706612e+01
-1.397417309143060216e+01
-6.129284779453355725e+01
-1.236501131108404792e+02
1.344745628137641802e+02
-3.272556282580077180e+01
-1.908508993186590175e+01
-7.997769318986193809e+01
3.623111746227647956e+01
-1.748118554259437474e+01
-1.992887151959535288e+02
1.549357888481441989e+02
1.451597315518555718e+02
-1.079083483570933453e+02
-1.334959727810777963e+02
8.306731954477942281e+01
-1.531379088339274688e+02
-7.588361728992158817e+01
5.667320300457512872e+01
4.135522337759871192e+01
-1.059403734615428760e+01
1.581158855934770315e+02
-6.705299106107480611e+01
4.254931060786287844e+01
-9.496544480974006319e+01
3.105994641579374616e+01
-1.133387084562525473e+02
-8.861406909898140327e+01
3.016192976457889685e+01
1.473637086211083442e+02
-1.411511542184224481e+02
-3.527271000138941126e+00
5.906089682279838371e+01
1.058099986101924728e+01
-7.816448588938696673e+01
3.637199444629007417e+01
4.610352822685072027e+01
-5.794304448871912427e+01
1.392078015399603999e+02
5.739725103758368618e+01
-1.069289156528967766e+02
1.702915934933348581e+02
8.590709991411634405e+01
-8.655362999014371894e+01
3.718096877362800257e+01
-1.702884053784418086e+02
4.186722593291975159e+01
-1.339053249056373431e+02
-4.248600601768605145e+01
4.120330963323869611e+00
-6.781324994269070316e+01
-4.264245939217144610e+01
-7.168859315111062358e+01
-3.054655266789663415e+01
-7.889184589293677163e+01
7.063122956254159313e+00
4.055597609539807280e+01
6.545217947781867451e+01
6.566360582936060553e+01
2.049502374711962105e+01
-1.441062137048576375e+01
-3.791380787378962935e+01
-1.487891129158314119e-01
-1.998663716012229941e+01
-1.171146121876343784e+02
8.635235222164830304e+01
1.192648023011275171e+02
1.343783087381858650e+02
1.343480322146412789e+02
-1.246026574700441500e+02
-1.912771390185938856e+02
-5.307283242972510351e+01
6.561225937702626254e+01
1.793999442780687730e+02
4.720952723194667300e+01
1.372572318311245283e+02
-1.209181499882043056e+02
3.193245810020838960e+01
1.941159678447654926e+02
2.910256066022878940e+01
7.649017467579787422e+01
2.546827698830721687e+01
-2.675761020526040568e+01
1.679013350662129156e+01
3.379501775198944813e+01
-4.423809032823397303e+01
1.104227529107975272e+02
-8.169104239223668174e+01
1.112677729725727360e+01
-1.041781486443462796e+02
1.797230990888157010e+02
1.653630410763526370e+01
1.763718694958768429e+00
-8.129785162099510387e+01
8.146077107261685768e+00
1.580762546661483441e+02
1.556491751880245289e+01
1.156851698125871408e+01
-8.908722114950141702e+01
8.128252567143290719e+01
2.631013167040454448e+01
-2.758535681388642757e+01
9.954681754657647730e+01
-1.114460936232764965e+01
-2.048714875655656797e+01
-9.459991349761381230e+01
-5.303920968484018772e+01
-2.580130931922355231e+01
-6.998477563229378973e+01
5.716331708757104479e+01
-2.377553316535838803e+02
-9.150370504825482953e+01
-1.056696798365715750e+01
-9.675547228377372733e+01
-3.870616280056618308e+01
1.143068087235386621e+01
1.821410952495498634e+02
8.776408901857452349e+01
6.092824821767391796e+01
1.425829949823669196e+01
2.006763078788274868e+01
-8.694289420171737959e+01
9.687248161919686140e+01
-1.826987279850729395e+00
-2.529964113115856250e+01
1.547847451118226525e+00
5.511726686351272519e+01
9.618211399142391826e+01
1.798860977120324662e+02
2.116891327618112939e+00
3.182371351462393250e+01
1.078888801005177243e+02
5.001331701438114408e+01
-5.897594110635466791e+00
1.084585849959040473e+02
9.248086728702404002e+00
1.711836975643750520e+02
1.600479983767944248e+02
-9.938974106098449113e+01
-3.418211651326220846e+01
1.198568065544190802e+02
2.397755329792284584e+01
-1.511293414301762823e+02
5.173624932981072533e+01
-5.028003996551230159e+01
-2.115570950090569227e+02
-3.078592010361180442e+01
-1.583609803886422185e+01
-8.260432421343988807e+00
-3.819448317406313720e+01
-7.255760124179322190e+01
-7.653603066293923973e+01
1.453407160446881505e+02
1.013238623846698374e+02
-3.082476011886128120e+01
-3.534018294011183769e+01
1.455171527096969442e+02
6.450539034657029447e+01
-1.311006187673166608e+02
-8.397184749489876765e+01
7.594179679609783307e+01
3.981979246458971033e+01
-6.433417354634036300e+00
4.766607124953124952e+01
-1.750327647277735537e+02
1.871530959007968420e+01
5.790761619909869751e+01
1.715839193288281308e+02
1.725013900895489485e+02
1.364207667874479455e+02
-1.729097667764942869e+01
1.564425090544522448e+02
1.041531209060074303e+02
-3.105424130547539008e+01
3.265874115719549664e+00
-1.487621126500805246e+02
1.319182631484329704e+02
6.804994139211976290e+01
6.867176893722042053e+01
9.793336911555299196e+01
-1.202788010931294167e+02
-9.349865624467570413e+00
7.821997979616027408e+01
1.117420073383082624e+01
7.509449305226856097e+01
-2.165507694914337833e+02
-1.635011915607910851e+02
-2.554691083024170268e+02
2.254914192118251606e+02
-8.309575249310793055e+00
1.593126996593992146e+02
-2.630559878235281346e+01
-1.655539113760199044e+01
6.390922406454522786e+01
-5.254722233102491202e+01
-5.788939372475257272e+01
-4.035225348491950825e+01
-1.029756337783217930e+02
1.539688877899201884e+02
-3.064661592395158607e+01
-1.505898874687703710e+02
6.831048622408951587e+01
-1.133385166477085981e+01
1.200739052888621572e+01
3.148481874438023098e+01
6.944686835774366784e+01
8.185445816921266271e+01
-1.777378326777201778e+02
1.399488165464489668e+02
9.078994248390262101e+01
-3.949914435802340051e+01
-1.614333459037873979e+02
-7.178600849902773007e+01
-1.016203416856053821e+02
4.638003180377711487e+01
-3.750825189843232010e+01
-2.254058303589568197e+02
2.957420214357314947e+01
-8.651217360807733314e+01
-3.464070620486083829e+00
2.899064346775444889e+01
-1.523974221069794632e+00
7.552724510359657017e+01
-4.358804834287285956e+01
7.556913255726210821e+01
3.220040322850358194e+01
1.341519112414472090e+02
6.616296031692704105e+01
7.716873562075289783e+01
8.731751057786874526e+01
