-9.485308377212894015e+01
-1.099130868105135335e+02
-1.568520512051518381e+02
4.899819304247188256e+01
-1.286968688593114507e+02
1.092896548328230040e+02
-1.908204435750452603e+02
7.902152856549739113e+01
-9.397246289697395127e+01
4.234290046346526992e+01
2.112441641314146423e+01
3.121693306879656049e+01
3.089319228466472467e+01
-5.635837218064638421e+01
4.647469987307682970e+01
-8.835415749181460399e+01
1.833890677147622839e+01
4.053414817375187340e+01
-7.451683948461814566e+01
7.708989902991089593e+01
6.358939752282778812e+01
4.568261088685098059e+00
6.809480473617861662e+01
8.495636394931510438e+01
-3.690599968034283052e+01
1.398059978962292575e+02
-3.051649920187335141e+01
-3.245833567279457554e+01
8.484158097866539094e+01
-2.365695635802525132e+01
8.794394737455226618e+01
-1.345150362058769815e+02
5.583580265024487943e+01
1.331688503676069502e+02
-3.539383600674665331e+01
-1.344853850103402806e+02
-1.292128153191956130e+02
3.964908673544424289e+01
2.719242190217093125e+01
9.669452573186313771e+01
2.322252902983366596e+02
-2.174832628016853775e+01
-5.594872863075937630e+01
4.897087597338975229e+01
-4.480166686219204308e+01
9.204405828414806479e+01
1.398921261766290414e+01
1.725345009087706671e+02
-9.945866930942675310e+01
2.470310487395567378e+01
-1.423055642461637760e+01
-1.474833224266318155e+02
1.062078063563948120e+02
-1.225805673736810242e+01
7.307408742731722384e+01
3.284119685590795257e+01
-8.852093450428149879e+01
1.765590926194166173e+02
5.980565787397718935e+01
-6.866935017565289456e+00
-4.089224987906897724e+01
4.364950208062854387e+01
-4.900248462147428796e+01
4.185350107931392927e+01
2.767238273670626469e+01
-4.885058097154801260e+01
3.261983671622584779e+01
-2.391515222804413199e+01
-5.940917188281105155e+00
6.777418004740979995e+01
-6.446980937380111243e+00
5.115453341683279476e+00
-1.548137229995627422e+02
6.775126580883556926e+01
5.268031785482998686e+01
-1.200129743730994676e+02
-1.423821059978305072e+02
7.347665420904161238e+01
-5.044367804815333045e+01
7.233071659214455451e+01
2.716576278708568637e+01
-4.881833737152734898e+01
-1.336935605173295194e+01
-1.293146531024524926e+01
-8.806237714360162272e+01
4.203364422157071090e+01
-1.347233726328176147e+02
-1.007849149884635231e+01
8.034527946533557952e+01
-7.766734571116600705e+01
-7.929472756077851159e+01
1.617080955289838329e+01
5.644499980014627827e-02
-5.939053463448113490e+01
5.572289768078120886e+01
9.923459697249705869e+01
7.552451765564968866e+01
6.100342797221514068e+00
-3.429888070939842493e+01
3.704691920620744838e+01
-1.278060215919185652e+02
6.263484576735061182e+01
3.898298810797999181e+01
1.223895545704626775e+00
-1.137515934074662596e+02
-2.112658130385011077e+02
9.874786721500400688e+01
-2.689771639377084078e+00
-4.450710850007027375e+01
-7.787168035682830691e+01
-9.958737010396362166e+01
-4.739583368467403091e+01
9.132024370748469266e+01
1.901715405418082483e+01
-1.541969013973542246e+02
1.051302361812497850e+02
5.933136511454599571e+01
-7.686098672463505466e+01
-1.392155726846633286e+02
5.232196295230730954e+01
1.271934794668607651e+02
3.523496521859512143e+01
-9.496188686675299095e+01
-8.345241520366769805e+01
-2.418781063425354461e+01
-2.953983136973889856e+01
-8.040755097641347504e+01
1.008026002945763899e+01
4.620180176533384753e+01
9.361814712649810133e+01
1.357293772111417525e+02
2.106960055071876070e+02
-1.393708442498571856e+02
6.943190121954896199e+01
1.151303619566440091e+02
-1.606806864962244106e+02
1.109228838397651771e+02
-1.210557927919690968e+01
-7.850885971043105371e+01
-4.879416629329764987e+01
2.083283299976207559e+01
1.203775914798085864e+02
1.083920039977471994e+01
2.499616193350187388e+01
3.620949920357949736e+01
1.991638687908924865e+01
-9.672012589991130938e+01
-1.736935827156237906e+02
-4.492215870909311093e+01
1.767427038186866284e+01
-5.252345742846927124e+01
8.552179995413696645e+01
-1.131649051977539422e+01
1.482605096607593964e+01
1.835666892212161088e+02
1.915288717260829969e+02
3.403418535096383035e-01
9.278545991451524344e+01
6.742569951561059760e+00
5.045615682405741609e+01
1.466282601038783469e+02
1.072538329126992096e+00
1.160012604743637894e+02
3.816200019860855264e+01
-8.349150822103773351e+01
1.577615141449405485e+02
-3.230993656975679329e+01
1.679834833957200502e+01
6.617890966436608835e+01
-7.701331839652543465e+01
9.664629410294054424e+00
8.442159929948026331e+01
7.726731755171898897e+01
1.710097331000056187e+01
1.371479872033600600e+01
-9.608770922364043088e+01
4.102333209653344426e+01
-7.091046378435120801e+01
-4.683230765905118886e+01
1.257579444268719726e+01
-5.465433671157617113e+01
-3.644238821582791843e+01
-1.093689999866663385e+02
1.949592785706919784e+01
7.454883319894753413e+01
6.393550383277186455e+01
3.975191247076541856e+01
-7.772292607632425643e+01
2.447218277849766821e+01
-8.683522349556641018e+01
-1.198238814076537437e+02
-1.093858236431547226e+01
1.370316497452536453e+02
1.318246117644968329e+01
-2.304260468966820952e+01
1.769654922113433315e+02
1.963458557165191909e-01
8.590585308778108242e+01
1.568557128104613980e+02
6.046376968074129366e+01
2.377994250330889514e+01
2.331940901210196415e+01
1.391966766849925818e+02
-5.683008701205150714e+01
-1.180254067594224665e+02
1.851197681629759586e+02
-5.383172816617509682e+01
-4.401059144072526408e+01
7.224355849754839021e+00
-7.398061661271135847e+01
-5.049086171711549298e+01
-8.649689192790210868e+00
2.582474238835864000e+01
-2.932160424197864401e+01
-1.670864483696370639e+00
2.112216140360131078e+01
1.512219644103104486e+02
2.014734683172659970e+02
-2.121062975677796203e+01
5.272333803329380686e+01
4.583604591812884621e+01
-8.449855333725554374e+01
8.478570790684731406e+00
9.639532021972531339e+00
1.920791258206901730e+01
-1.409152549072839804e+02
6.752686056413745064e+01
3.113725443642584523e+01
2.091165233493834208e+01
6.161357069790399521e+01
-1.494414305615593150e+02
7.573697464617738717e+01
-2.986568695391702732e+01
1.046675788383642782e+02
7.842743968415618383e+01
-6.691273665931804260e+01
7.397038260639941143e+01
-7.102525239341979990e+00
-1.053556919973976420e+02
-1.631954857584875640e+01
-5.510735380199860600e+01
1.752687166059571666e+02
3.631744498426700574e+01
1.342563767379381545e+01
-1.063261452148553232e+01
1.393678527555934465e+02
4.216643064133940300e+01
-4.056472228301630167e+01
-4.891877701986332028e+01
-6.765267150307058941e+00
7.448615179489867621e+00
9.978351106889361688e+01
2.453202055301485274e+01
8.177187128968088814e+01
3.194559564445131894e+00
8.079440814342409283e+01
-6.404009300229839141e+01
9.292872510147032017e+01
-9.327636844727376797e+01
1.882564785396550588e+00
-9.550716314610886215e+00
3.079464556903482375e+01
-1.400828841683508301e+02
-3.446653248643714562e+01
-7.132645543329100235e+01
5.546351020690855194e+01
-1.482207093636735635e+02
3.257631152138197983e+00
2.861343062175117424e+01
-9.284024733237879445e+01
2.191536630923217288e+01
-5.914920065854705200e+01
-1.200163377246217244e+01
8.340645416508165511e+01
1.753066444088097242e+01
6.951539828215339867e+01
-4.391442653700576848e-01
-2.181470062033072210e+01
1.104929594165785147e+02
-9.632489076333641265e+00
1.394874269942135072e+02
4.007309218044198218e+01
-2.792150983221591076e+01
1.956000189448432707e+02
1.714283814381349558e+01
-3.195750013422349056e+01
-8.306288432529795429e+00
5.093866947652507804e+01
-1.326944082735288433e+01
6.165670221921849503e+01
-1.783657009530659820e+01
-1.038718078066833357e+02
-2.334897880643513020e+02
-1.009435947105143470e+02
-1.555156287995832827e+02
4.266319253223996810e+01
7.325032275167681917e+01
1.209571166378100742e+02
1.415503582685321931e+02
1.146782969044549532e+02
9.005232989626489370e+01
4.290016384482333933e+01
2.836437820123097708e+01
4.009190761729616526e+01
7.209342357168915782e+01
4.345505533045456303e+01
-2.838455008643260058e+01
1.514758638646319611e+01
9.007902823776343837e+01
5.666934095943864946e+01
-1.389678608814752359e+01
1.430017141011861668e+02
-8.373956135149714441e+01
-1.018202802040018007e+01
-6.669099080632668120e+01
1.026141386582161061e+02
5.004574696761354602e+01
1.319390982686840630e+02
1.180674296513097943e+01
-1.165440121186547096e+01
-4.246844881250471104e+01
-1.211424278322180896e+02
-2.325209326720348102e+01
4.763511083423686898e+01
-3.780639376545941843e+01
-7.285429319990702091e+00
1.293199339836346553e+02
3.158517643260403673e+01
1.033840739097731216e+02
-6.875990937695802074e+01
-3.034593922239815100e+01
4.497677052125170150e+01
-9.049939605851622559e+01
-8.247622529961641646e+01
-6.444483190961786789e+00
-5.300661975884785448e+01
1.297757115815672933e+02
9.713998537130636635e+01
-9.565228515230623429e+01
-1.354314911694818022e+02
-1.097801057329587451e+02
1.571903374359045991e+01
-3.839427979249397538e+01
2.443628603948009825e+01
1.521812338314736905e+02
-1.028026369349886124e+02
-6.595311865371571969e+01
6.339077782887294887e+01
2.865426095350603077e+02
-8.163743911738144732e+01
-1.418980548120691410e+00
7.148241631505906923e+01
1.039947740313928364e+02
6.347823802350229982e+01
2.759318955890196534e+01
6.148482741023455134e+01
1.875824100066119371e+01
-1.135199213976715349e+01
8.265006189291416661e+01
7.456295496336952056e+01
8.027442513260386647e+01
-4.829426502882256500e+01
1.063616107801266395e+02
2.337186881768968050e+01
7.578946719991525072e+01
1.685820840837947401e+02
9.400571726167198960e+01
2.531332936241076226e+01
1.173405734569888992e+01
-1.304249992501763344e+01
3.113084870582859409e+01
-6.199805842736066808e+01
6.719756546638565453e+01
-4.420318845698150767e+01
2.379599808444968190e+01
-2.578207703983183663e+01
-4.263193863566360875e+00
-2.683719481642470583e+01
-5.631247684993311253e+01
1.021369507618438774e+02
5.686993835152380683e+01
2.240608735824966047e+01
-7.623547493121719754e+00
1.447067668453040667e+01
-1.828543887007448276e+01
-1.587538411245613759e+02
-3.586847301705272173e+01
-2.874261942075158949e+00
7.153806742678173691e+01
1.131440667853778237e+01
1.703331347860288147e+01
-4.494117737779120603e+01
-3.439041428328199146e+00
3.336971583336497105e+01
4.175356640697484067e+01
2.608530409196179889e+01
-1.285860739523997154e+02
6.810880662597666912e+01
-1.061642970039056593e+02
9.255266953568248312e+01
-6.480953895218323169e+01
-7.696103026256832891e+01
6.669086376479840794e+01
-9.220108665788745839e+01
-1.375492246191660399e+02
4.415579967189605526e+01
-9.089198819461148560e+01
-1.430646556149262096e+02
-9.182590201421145082e+01
7.481860362890353144e+01
-8.840922975711330878e+01
-4.931034032460837935e+00
1.334290301997884853e+01
4.737263881535049848e+01
1.861811535863605016e+01
1.181574554617545516e+02
-2.614011419990295693e+01
1.414397604906949368e+01
-1.176668298428070614e+02
5.319685563957864360e+01
1.077585918154042020e+02
-3.189990167155469081e+01
-5.191169627036595102e+01
1.522482737943026336e+02
-1.055722754254091900e+00
1.416218855547830557e-01
-9.178858042113287041e+00
2.059107173622600939e+01
-4.408819794624847077e+01
1.209708737731406387e+02
2.484024826189271948e+02
2.739197291307221249e+01
1.909905023642471065e+02
1.965924126780361902e+01
9.482222730254965981e+00
2.907655285146308088e+01
8.246007349342087878e+01
7.386685044797438593e+01
3.243197134857732777e+01
-3.207388321194994063e+01
-2.384701996712582428e+01
-1.161555517691921438e+02
-2.194195457071725741e+01
-1.079012138080724936e-01
-6.599540496857818539e+01
-3.292358268227057039e+01
-1.856289045383832814e+01
-5.427835641408235290e+01
-6.797413940860879222e+01
-6.489252651342073364e+01
5.962609827655338535e+01
-5.498947118890756158e+00
4.574674585001044136e+01
1.778093599880056885e+01
-5.142954794908825278e+01
-1.126894168210890079e+01
9.701270944542774544e+01
1.810811932225358021e+02
-9.101365737097164299e+01
-4.561636400552291803e+01
1.721331167801194511e+02
-9.271533255977576715e+00
1.202381506931891977e+02
-2.863334514764632388e+01
1.341826443206989552e+02
-2.173068959457335225e+01
6.949845802108573878e+01
-9.131421074499080248e+01
-7.159159330324554560e+01
4.723650653591795923e+00
4.212738990136001860e+01
-1.006576310126350471e+01
6.629039174706096560e+01
1.972790583328792309e+02
-4.244432698456088104e+01
7.854165159133378893e+01
-9.065646818807563534e+01
4.391396175568901583e+01
-8.474162149722441484e+01
2.144493540604492239e+02
-5.645003708046915136e+01
-8.151992789575771781e+01
-1.262181002828784813e+02
-1.580849878882501969e+02
4.154128004961383880e+01
4.949024644126659922e+01
-1.028936138693440085e+02
-1.786392552713190085e+01
-6.680026270255567056e+01
-1.090582558827279058e+02
9.877357056300903082e+01
7.583687146588063399e+01
-7.587407537671971625e+01
5.171251962841787986e+01
-6.499285837891189033e+01
1.280873864308591692e+02
1.031089064610792150e+02
-4.673849499540881425e+01
-1.450711247318932351e+02
-1.776222100863180131e+01
3.378611309865716095e+01
-1.400733769422053001e+02
-3.555023601662114885e+01
3.598272412646710272e+00
1.883518384654835742e+01
1.066358612595923461e+02
-5.200317599915469202e+01
-2.696111087078151414e+01
-3.235644420414310218e+01
-5.830783846650885494e+01
1.426048716350293954e+00
-2.385502637491846372e+02
-4.468180473152632715e+01
-1.005911325902192566e+00
-2.293340812105409299e+01
5.637294222319648185e+01
-6.594692681555223146e+01
-9.166105198508722651e+01
-3.188642043302860429e+01
1.155883896411297087e+02
-1.611160410817198851e+02
8.942140312980505712e+01
8.345712726349614741e+01
-3.323595434444768415e+01
8.727432956589963453e+01
4.468085492484016896e+01
-1.271943316247271270e+02
1.239890330516498373e+01
-1.702555754605880054e+02
1.913675527106697700e+02
2.161367077733358855e+01
-7.529908111647704061e+01
4.665243933207255367e+01
7.167852827584431452e+01
1.151340811991633188e+02
-7.885985366662058027e+01
8.064643446619521683e+01
-1.836839525675887614e+02
2.580276290938845918e+01
5.132003590044176633e+01
8.327809635721969528e+01
1.173713120019569800e+02
-1.441218471516050101e+02
1.742106932487774031e+02
3.557454706279487056e+01
-9.623039172990947066e+01
2.444141355800824726e+02
-1.402205920697549004e+02
-9.619013231402135489e+01
-6.461845067594451564e+01
-6.283396292941809236e+01
6.493255490968950028e+01
-5.922962185520351852e+01
-1.305445598969716059e+01
-8.217871200489999239e+01
8.104443661240320296e+01
-9.048418301106588046e+01
-1.406681108901948676e+02
2.966538985317879096e+01
1.113174587694095230e+01
-1.152007211150743586e+02
6.826177865033564274e+01
-1.691633086989101287e+01
-1.875965127256175720e+02
1.563470319620297460e+02
1.254716626766562513e+02
-3.958547663675989270e+01
-1.629197993430119311e+02
2.991865782536907936e+00
6.448576868589437083e+01
-2.169902556954295108e+02
-4.750784013264844674e+01
2.540176111363783562e+01
1.173978502529685102e+02
-3.538714949257553144e+01
1.985400830166265962e+02
4.582702853519882069e+01
-2.179619393026550824e+02
-1.949853971229897809e+01
-3.900178213201979105e+01
-6.980895613863040694e+01
5.986976639778662701e+01
-2.305080730755732077e+01
5.537522940882257672e+01
-8.356140985758839790e+00
-1.365870234021695069e+02
-4.385278732260432122e+01
-1.039030745047083002e+02
-9.674966133962369952e+01
-1.460992976226072670e+01
5.818403002842741500e+01
-2.653273734449441790e+01
-4.046289189151100629e+01
6.542410687120681700e+01
9.620079081057478732e+01
4.846624667816791998e+01
3.107307332019613710e+01
3.688751366752677541e+01
1.387787115263102748e+02
-8.078134630488652590e+01
-5.462125340441866683e+01
1.228203743517937312e+02
1.342670355693469446e+02
-4.947758716026373804e+01
-2.959244619437551194e+01
-4.336514853396798230e+01
-4.886236371875710205e+01
1.017423401863501056e+02
-5.091283091263129279e+01
-1.992820252808102666e+01
-7.422031264780972037e+01
-2.541047987657590213e+00
-2.977667581655157036e+01
-9.442135468667627762e+00
-8.833066700850361030e+01
3.171775404469922677e+01
6.330579378336636864e+01
9.585142636315180198e+01
4.658743649820469557e+01
1.460038623853714341e+02
2.452931158515502119e+01
-1.780610928936259825e+02
3.014396349698859723e+01
6.503807974657732416e+01
-6.703199423081937880e+01
1.081090424543153574e+02
-7.409165974684704281e+01
1.493234476686057235e+02
-4.293967601022060165e+01
-1.716823404373982100e+02
6.243637384745899510e+01
-1.742680584850510002e+02
-3.823416367634599311e+01
3.084072116356674087e+01
-1.650230548380290259e+02
-9.102383939451819117e+01
-1.138115294134482980e+01
-1.073136482419720750e+02
-3.485148238828760014e+01
-4.510380290282139981e+01
-3.027688959792660128e+01
-9.758885104296557245e+01
-2.143380721454947135e+01
3.907355439667058050e+01
6.310240679106856021e+01
-2.767329332944589027e+01
2.854858419551890947e+01
3.554923890856365887e+01
-6.805023095848422088e+01
-6.373114309978710423e+01
2.350073624621514057e+02
-2.998090932009554166e+01
-1.114774549344528793e+02
1.651214476042918733e+01
-1.399672191531605847e+02
-2.076638631179664074e+01
-3.530873220421130165e-01
-6.251880776874273948e+01
-4.887156516192253264e+01
-2.909561057972238984e+01
-1.811731853868598989e+02
3.814778483697764955e+01
3.243677184526240431e+00
-8.803288867216272706e+01
2.108068157832641702e+02
-1.127998780721050132e+01
-1.380123315179847054e+02
1.242572625097342893e+02
1.816527984976700623e+02
3.911457272848643640e+01
3.761115072669426240e+01
-8.782864790440164882e+00
-4.284491521740812203e+01
8.630446379220926190e+01
-1.148668948255683553e+01
-2.974040973457745096e+01
2.860057177607691514e+00
8.193690811528207973e+01
-5.059473898745358689e+00
9.746202922965689197e+01
-1.060679688615034593e+02
-9.644247486111069634e+01
6.117911251838149411e+01
-6.233625801089488760e+01
1.173623844743819973e+02
-1.213369894105882807e+01
-3.247841252598652861e+00
6.475048089561846609e+01
-1.252791917658265248e+02
-1.101229419551828812e+02
-2.645588257932567799e+01
-1.700673376259694081e+01
-4.502258001689604328e+01
5.782989894821132282e+01
5.532971537834925613e+01
-7.488534022801749757e+01
-8.931671345657169070e+01
-2.997943514212389715e+01
-5.762771846905250328e+01
5.714271091389255730e+01
4.953746827731691837e+01
-1.206660438162770674e+02
-8.507205528479806844e+01
5.118008235103329895e+01
3.992643905604037258e+01
-9.551442314616197393e+01
7.629807768729017425e+01
-1.496602280736153467e+01
-1.913625436090869991e+00
1.182234014562671405e+02
-6.028802435884262678e+01
1.176975633949474940e+02
4.795388195158896139e+01
-8.259964897668805861e+01
-3.314975806964802274e+01
-2.293119735127748271e+01
-1.176181422599556612e+02
1.853967288720833650e+01
1.178480193944341750e+02
-1.860457374457711310e-01
-3.957700946294787858e+00
1.093102699514313088e+02
9.309951955453588823e+01
-6.559288035673858985e+01
-4.022976725743445314e+01
-1.165363753802097762e+02
-3.554745669578591105e+01
-8.204642600113024287e+01
-8.671152178239260877e+01
3.083617432534057556e+01
-2.445350746766638395e+01
-2.873836875481580222e+01
-2.249315843547494467e+02
-5.414825546432602721e+01
9.802661341346683344e+01
1.687775321384624476e+02
4.971948070938385911e+01
5.085456580489136513e+01
-1.787479910732762107e+02
1.043878626409500470e+02
3.277953910778226998e+01
-4.020537834098414010e+01
-2.006735724430362922e+01
4.468446810633606248e+01
7.159064743941519282e+01
1.088380404654538722e+02
-2.141620106728073480e+01
6.784522550170898114e+01
-1.134249345151641819e+01
-6.545448868589791402e+01
1.853434398751255330e+01
-5.249442743060941297e+01
1.414138310832227319e+02
-1.438772966226899825e+02
-1.019829951265966450e+01
-9.536726841750250117e+01
2.373699444639094125e+01
1.198405269614053452e+02
-3.775855045345148397e+01
2.356946525945332738e+01
4.964321497725236121e+00
-2.324177809246777571e+01
4.548554698516187500e+01
-1.011108163313925559e+02
-3.736623350565711377e+01
-2.242293180431071420e+01
-1.038647506027169953e+02
-1.157784677225638248e+01
6.809637677757216068e+01
1.638533758230284221e+01
8.687775777090597273e+01
-1.031401471531727907e+02
-1.291980335290196820e+02
-2.953036404947746618e+01
-1.683966691477382938e+02
-1.034203871229668437e+02
-5.956337576932696720e+01
-4.195478828749632072e+01
-2.346995327598154191e+01
9.241191943178714396e+00
-6.012737841094632785e+01
2.028433314296462981e+02
-1.786764631162437311e+01
2.455345209468002565e+01
6.003186877790125209e+01
-1.087948269342510876e+01
-6.423855169312406588e+01
9.531498791195393494e+01
6.999154177227028129e+01
2.483925317747902994e+01
-6.987816375920883161e+01
1.106355315571032492e+02
6.297887967054279557e+00
1.595129915975510073e+02
-4.082041503123154769e+01
-3.227599256752063894e+01
2.177464128248178099e+01
-4.156514496812809512e+01
-1.072764602262249838e+02
4.329173303387277372e+01
1.200881945563822910e+02
2.616961703347085333e+01
-3.196038209112454709e+01
-8.365969590987721460e+01
2.185367689827476170e+02
1.000210501923118045e+02
-6.361543245066218333e+01
1.249865778411716946e+02
-6.017680822474204660e+01
1.132212465681767242e+02
-3.140042567380318417e+01
-1.017559690006919482e+02
-1.014990871214040737e+02
5.513514975849980004e+01
-5.369141211679356651e+00
4.831624907846808270e+01
9.049354371587857315e+01
-3.426378519467082384e+01
5.687134879708144553e+01
-3.236715670885316420e+00
2.592781680178025638e+01
-5.812082535116795157e+01
-2.115500083665653221e+02
-5.995984731598845485e+01
3.324365977281716056e+01
1.146549623441050159e+01
1.106810381809500399e+02
-4.152181066020954603e+01
-2.853226505542003721e+01
-1.033498677531897698e+02
6.692185808737058039e+01
-6.995603556705596304e+01
-1.960168742979900003e+01
1.274530988641657245e+02
-8.419633444501057795e+01
-5.453710516613089254e+00
6.580080705778554773e+01
3.530985697510906363e+01
5.587352802652889494e+01
8.271391998489440311e+01
-1.030113491399948629e+02
1.949118734539781173e+01
9.654264984074083955e+00
-9.763499793286007034e+00
2.836633605977179329e+01
6.837924046966115554e+01
-1.142236203358119440e+02
-9.896418721326812218e+00
-1.703491253911399212e+02
-1.109393298007098849e+02
1.681900385734472536e+02
-1.390570023408966804e+01
2.059190187137000194e+01
5.585506315384238007e+01
1.182634144072848272e+02
1.979924434294709812e+01
-8.930066696664620451e+01
3.228134534914319431e+01
9.683105501228047274e+01
-1.405337729733147434e+01
-4.582929711220071312e+01
8.995446037689951879e+01
2.927062386267870764e+01
1.395058480412012969e+00
9.207000144063049163e+01
2.798538316088641409e+01
2.985870525130216535e+01
9.768969759695082189e+01
1.569416858488366096e+01
1.176933534202522402e+01
1.082146769315356067e+02
9.183860272198238306e+01
2.069111174105144002e+01
7.365688531096907354e+01
-2.112316031456847298e+01
-7.397077302382702158e+01
-3.313134945957013144e+01
2.323222404088751603e+01
-2.762922285652959786e+01
8.565676557943302782e+01
2.148692233012082227e+02
5.258963593080333787e+00
6.416061368503719109e+01
-8.184168263530347076e+01
1.082656882877918392e+01
4.085243160156097275e+01
-1.768939168384037686e+01
4.840529629877397433e+00
-6.238141440022497619e+01
-1.257980695435284701e+01
3.058536249584885569e-01
-8.089143345972171772e+00
-6.287034341996159270e+01
1.950741660769665771e+02
-9.531872240387180284e+01
-5.895848733047059653e+01
5.735938971777061823e+01
-3.616422788742759309e+01
1.186212489429222643e+02
-3.215647727173887205e+01
3.165555896105547617e+01
1.729853999706228933e+02
9.352513110431432608e+01
9.704782999782972297e+01
-3.644621641994157812e+01
6.345932567482393694e+01
-9.985471663765196126e+00
-3.476074331847979693e+01
9.578986816756270173e+01
-1.324119221635773691e+01
1.430021229916068615e+00
-6.304833870967036091e+01
1.124853789102011348e+02
3.857078641800188024e+01
7.525470874436273050e+01
1.018865629071500081e+02
-2.582629799450425025e+02
-1.552721860285611513e+02
-6.689102848178777094e+01
2.378490442593522971e+02
-1.155915218919574272e+02
-9.843019763122913446e+01
1.217878188117878437e+02
8.885342589799324742e+01
-7.567770646206756169e+01
3.448974874156853332e+01
6.551486611639228386e+01
4.833350794753876745e-01
1.523910392525533268e+02
8.465085728060087433e+01
-4.452758814153956735e+01
9.166093466928342082e+01
4.130610457450201167e+00
4.621071261019367427e+01
-5.752288983723870786e+01
-3.821362046580234306e+01
1.195687765871021355e+02
-1.182486834963815880e+02
8.376754631347893110e+00
-4.550423062273726948e+00
-3.453631183360388235e+01
-4.622484188106116676e+01
-7.405024290129595954e+01
-7.382959140415286470e+01
8.476110578272833607e+01
1.448784451084779334e+02
1.281494196510492145e+01
-1.374661499844424952e+02
7.450656729949565715e+01
-1.371190973119504797e+01
-6.381223670311803176e+01
-2.166380396443045697e+02
-8.137480544793054094e+01
-6.940511882158865831e+01
-8.200253800388087200e+01
-3.016595448049461936e+01
-3.850470852576776082e+01
2.134971901671993066e+01
-1.885626165772405329e+02
7.057049129286683709e+00
-1.386875301473853916e+01
-4.415493139598086003e+01
6.950084515260090257e+01
2.454485609760968998e+02
3.018153937495149108e+01
1.094109554131275530e+01
-5.027681110247137752e+01
3.621906754699754316e+01
-3.701001535027434386e+01
-1.706256907232941558e+02
1.081698708911618390e+01
-8.286820787494906426e+01
-2.029316263406001042e+01
1.855103200211607373e+01
9.773879333844949713e+01
4.233812323154152324e+01
1.847926187414550014e+01
2.121677755313339730e+01
1.292365213040239524e+01
-6.088867174289031681e+00
-1.464664475086285123e+01
-1.039557219139479258e+02
-3.746073013008681585e+01
-1.125175147677773850e+02
-4.826326943257298296e+01
6.445595896517713186e+01
6.692035178869957690e+00
-9.848311201548964888e+00
7.625285085640352634e+01
8.874930242163219418e+01
1.218643618116450540e+02
-2.461156526410332290e+01
-2.126637444393609542e+02
-1.247758059538116697e+02
2.489542688969246953e+01
2.018110668341605773e+01
1.444958495215467309e+01
-1.069277232502114217e+01
1.786322117282298194e+01
6.925841556136420252e+01
