7.979592246706475578e+01
-1.582640680731728651e+02
1.229751241203544652e+02
-9.036213111499277417e+00
-2.008819162236862610e+02
-1.429601134652680798e+02
5.492017977736552581e+01
-3.979447743824648054e+00
5.769813961842637440e+01
-4.648157576825373383e+01
-1.581478314814982156e+01
-6.852141398607933809e+01
-1.294156945407275998e+02
-2.125901887183137617e+01
-2.637776905531763560e+01
-2.822992228526105318e+00
-6.730840527805068518e+01
-1.963654986128206303e+02
6.657897977951128610e+01
-4.675099830220196395e+01
7.244875610767856244e+01
9.188596297815591640e+01
4.304224023579699576e+01
-5.670141537441322299e+01
2.421022051577529766e+01
9.075431889009541919e+01
-5.904017643422249506e+01
-2.872581846878386500e+02
7.761885156361432792e+01
1.196326319346170131e+01
-1.056388076889073773e+02
1.175992986406622975e+02
4.199529441634069826e+01
-1.015764714493856502e+02
2.421652843164484921e+02
6.386463623657302691e+00
8.425478846557732027e+01
2.292933046966399502e+01
2.217823535769894860e+01
8.986728233133767674e+01
-3.302068353736834183e+01
4.439822863896048943e+01
1.439977185520924934e+02
6.307747501710355920e+01
-9.458542315754852936e+00
4.596413173614526215e+01
-3.870809772826830653e+01
-5.816739249851712401e+01
1.034410898911828838e+02
6.657201072182805035e+01
-2.821006920405620733e+01
2.966228164530432210e+01
-8.533723818780880777e+01
-2.215677155900500139e+01
1.054568243459619055e+02
-3.014444881251562514e+00
9.559684891201929435e-01
-1.057833451595858918e+02
-2.827604164042185531e+01
1.088999626829196785e+02
1.236419210625397014e+01
1.787515632448673557e+02
-4.441448214155565921e+01
-5.962703454320891439e+01
5.852928446919857919e+01
-2.514402363372467253e+00
6.629394201026381950e+01
-1.152047263354491662e+02
-1.619375012903077860e+01
-8.789159895901829600e+01
2.923445815721428787e+01
-1.175357888857462108e+01
1.124704826002392188e+01
4.812557733463032861e+01
8.313373701644847813e+01
-1.195657825473679736e+02
-1.173084932909141997e+02
1.442002285014593497e+02
1.178735214019636857e+02
-1.932190785532046107e+01
4.832207928022306476e+01
5.205326994591672474e+01
-2.125056779171981347e+01
-9.671076033875938549e+01
1.184060575468524377e+02
-8.874052925678398651e+00
7.849001182213591221e+01
3.791399344818189299e+00
-9.907456422457561018e+01
-5.032902251695843177e+01
5.007944784794444359e+01
5.168028275662049964e+01
8.248982818472768486e+01
-1.221138707155559899e+02
-9.708782280329072023e+01
-3.831446569992242956e+01
-8.385499647386919264e+01
2.072124619502179144e+02
7.641398694620582432e+01
-6.433669206303508759e+01
1.157254643990177527e+02
2.386750051845463929e+02
-1.963513191992992688e+02
-4.206862541528458621e+01
-1.262555475046088915e+01
6.136258562380589154e+01
1.167857337625983973e+02
-3.547602236133306164e+00
-3.457805006395743419e+01
1.803652074543295925e+01
2.538160763211884330e+01
-8.011353232119699896e+01
-3.774178548888863105e+01
-1.173630836695195079e+01
5.585936235651173831e+01
6.617923438135847825e+00
-7.840847962975577445e+01
8.404071871086313195e+01
1.792155665843355550e+01
9.744081435182303608e+01
3.830943736835592262e+01
-6.282734638304664543e+01
-1.030605166791291794e+02
1.056526898359728239e+00
-4.556534873469505698e+00
8.403523069429233772e+01
-3.716566807849885379e+01
1.479547156440620483e+02
-7.695700253697005166e+01
3.780895343819545218e+01
-5.180947546838213924e+01
2.596659439636645317e+01
-5.880728936436979382e+01
-7.350259953101193844e+01
2.308490833975820777e+01
-8.882035954422139667e+00
1.529819214175626030e+02
9.734566138892533615e+01
-1.412110600090792900e+02
6.996600734267104826e+01
-7.641829380132015181e+00
-1.505956790665790095e+02
-9.153914831386123296e+01
1.112942907226970561e+02
-8.300295909033066266e+01
-1.302895896517506742e+02
1.021257174804136980e+02
2.335762063002146860e+01
4.455921148354818229e+01
-2.778191813814147437e+01
-1.790007007132074932e+02
7.195883155925814378e+01
2.879656006987714889e+01
-1.280203102510078566e+02
1.964102212707620509e+01
-3.912885671029200552e+01
4.557547516128851584e+01
-1.532662053310146746e+02
-1.202577402984381223e+02
1.824228086611972230e+02
-6.160844867710288497e+01
-7.950726082642060533e+01
-7.599470077871887952e+01
2.923940095821876284e+01
4.651027438086657639e+00
-1.134554933010246458e+00
1.572841016036966266e+02
-6.045664645935127623e+01
7.288583408730883662e+01
-1.715428139735588502e+02
1.416319495497887431e+02
7.702729339537336273e+01
-1.374802477546680279e+02
-2.441648015052975396e+01
3.521312081785453074e+01
-3.663779900405879175e+01
7.087943395262558965e+01
2.294013538911699186e+02
5.705991187145072985e+01
-7.320139768845156425e+01
-8.475024712335155641e+01
1.535640021321758653e+01
-2.919400922228195938e+01
-1.924749872541707418e+01
-3.571083492869127696e+01
5.478746157548371798e+01
-2.564100740373495313e+01
4.749114762586149396e+01
-1.521572248430912850e+02
1.583623493719552577e+01
4.472729624724789232e+01
-2.058917096800555271e+02
-6.445552981747009191e-01
-6.361047301544701327e+01
3.755538922256714329e+01
3.716967163293182441e+00
1.029774940314084475e+01
-1.499572926576947793e+02
-1.818924774100185360e+01
-8.685759564177108416e+01
2.421689476035776067e+01
-5.268651638059134257e+01
6.958432336017582820e+00
-2.225919983169737861e+02
2.399450342879382845e+02
-5.296170865430691777e+01
2.386882514948616176e+02
-1.184911795476289171e+02
6.515961996872265161e+01
-6.436605208601078232e+01
-7.375877834518053078e+01
-4.509930369686530582e+01
5.185056469147067304e+00
1.071737236921559315e+02
-1.337927653812284916e+02
-2.351612381002518148e+01
-2.087187913308662601e+01
1.231252185058853144e+02
-2.555291370694435926e+01
-6.494168180790980216e+01
-3.283586212717543873e+01
-6.905957089314415498e+01
7.046045298146296432e+01
1.465304594025025864e+01
-6.736151773549633504e+01
6.892695365711468014e+01
9.387143500430609322e+01
1.643507613536839784e+01
4.404017286500736361e+01
-2.282425330788011308e+02
2.895891262527096188e+01
1.555931631121915757e+02
3.641344152879596408e+01
1.110305961326855169e+02
5.753026824639501768e+01
1.334008491982418398e+01
-7.368787973708283801e+01
1.726658742016612536e+01
1.900651350878573709e+01
-7.607546285915296380e+01
1.083615327775785460e+02
-1.224193474425201877e+01
-1.591871627292057951e+02
4.651859469647294532e+01
2.001714278737918278e+02
9.488224119841642334e+01
8.414851796427699071e+01
-5.847599027095168367e+01
-4.222536863720088007e+01
8.100993397585661171e+01
4.161117835048123226e+01
-3.557099903074973923e+01
-8.390653043248697429e+01
9.589216290059037817e+01
6.363318534612832877e+01
-2.584024757085655111e+01
-2.615254078679586769e+01
6.558361204143703560e+01
-1.051365696446114555e+02
6.501912805244484161e+01
-7.493593862738482159e+00
7.519068944247257491e+01
-4.194824422295103972e+01
5.511253777177905988e+01
1.250599111816536606e+02
1.717659733170558312e+01
5.751232939280638590e+01
1.547653550082531240e+02
-1.204584224207614263e+01
3.988100432171336251e+01
-1.171158807683453489e+02
4.805115371836107130e+01
-2.746401621140804394e+01
1.223687810119395749e+02
5.541649023605464919e+01
-5.819294979045693594e+01
1.244510152653344193e-02
-3.980743088935216889e+01
6.697298851353588489e+00
6.998255237710893084e+01
3.747458300417179800e+01
-1.124043330146905895e+01
8.245473245952243246e+01
-7.777333690947982348e+01
3.124198673340216104e+01
4.998927432855764685e+00
4.251276038425234560e+01
7.409429838527103129e+01
1.905222930541132698e+01
-1.484897913785436003e+02
-2.281195514893152279e+02
-2.575333211648441889e+01
3.285169496709413295e+01
-2.041890519479558179e+02
1.011513725518180422e+02
5.396443182692909346e-01
-7.642601761365810376e+01
-1.489264083417865265e+02
5.064939916413320731e+01
-1.717033350112297185e+01
-7.088530427452762694e+01
5.291909557578093626e+01
5.066188648838092945e+01
-8.743274325854496709e+00
5.929864035266702160e+01
5.155010644921630103e+01
2.713327983398595222e+01
-5.634265639029149009e-01
-8.234485214577102852e+01
3.226057824594986556e+01
2.518947934007080391e+01
1.244341350423227794e+02
-6.631153585210864776e+01
1.258194344001812084e+02
2.897682245556671887e+01
-2.113309698275352559e+02
-2.242743091371970365e+00
-5.999735790055250817e+01
-1.500821706631637369e+02
-4.617695789272804774e+00
1.274979871366264206e+01
9.442663073933662332e+00
1.215715046263291867e+02
-4.021197741029739348e+01
3.197196696903370849e+01
-2.387548332626220571e+01
9.188759979887624052e-01
-4.226962592045908629e+00
2.397733255871739289e+01
2.153179781450348855e+02
2.290281500091766986e+01
-7.786926773983373096e+01
-4.398749497538675968e+01
5.295822838233831220e+01
-8.499089422309124586e+01
4.017169375090164607e+01
-8.549148761824156395e+01
-7.791542931991250498e+01
1.847558894459234047e+00
-6.015027581028570580e+01
-5.089276504334713991e+01
1.558200200501729249e-01
6.047502817431263367e+01
-5.467371495158072037e+01
1.483128868556281432e+01
9.756763182602047380e+01
7.503513393167760004e-01
6.812060385964072395e+01
4.172395558325729326e+01
7.884584426678807745e+01
-7.305712120008277566e+01
8.329388809524945714e+01
-1.342047394883031473e+02
3.749619659213227152e+01
1.639588307548600312e+02
-6.283883381499824594e+01
-3.364687936985150429e+01
9.646425198251925792e+00
-1.239231364544721146e+02
5.803326934731471454e+01
1.379912363868760963e+02
9.231856447084182093e+01
-7.065888632926987611e+01
1.348219122918337689e+02
1.688849641481736512e+02
-5.658126847657748471e+01
-1.094559115653259909e+02
3.160975860033174101e+01
-9.579894185318252653e+01
3.330142627610534589e+01
3.479329271481154340e+00
-5.699385450274951381e+01
2.394514531810721891e+01
1.518186564047188725e+01
-1.909882539566079629e+02
1.029809223799703517e+02
5.082087295478330446e+01
4.099514804011373315e+01
-1.050276357166969916e+02
-3.081417148144815243e+01
1.095644160359073567e+02
-7.989135657249340738e+01
-6.319508374380224325e+01
-1.740064381417457469e+02
-7.391225323586400009e+01
9.994201941600883288e+01
-9.734462905938572419e+01
-6.441351863442866943e+01
3.960064938227302633e+01
-6.880873950312758325e+01
-1.257048901049787482e+01
-5.739587051569906784e+00
1.419111265623096862e+01
-2.015026387973086628e+02
7.350291682048496966e+01
-4.129479437874266523e+01
-1.494764704853385950e+01
1.654334025564733679e+02
6.240598538988135147e+01
1.148075644669160944e+01
2.864680619082008661e+01
5.375868511929265736e+00
3.601135317893942300e+01
3.974538449984131461e+01
1.942403680605193372e+01
3.713556586836894979e+01
4.542616468851132794e+01
2.844875990953713085e+01
-1.708090764959229659e+02
-5.091094159721615853e+01
-7.968665007016217317e+01
1.222182998725766190e+01
-1.761557346390990730e+01
9.497347400331834777e+00
-5.695651353279342999e+01
-6.900153859727245731e+01
-7.540353689154350114e+00
-4.471785594914846484e+01
4.369529168621287596e+01
-1.717196024269529744e+02
1.532897968643325903e+01
2.093590899254151623e+02
-9.402142454662588023e+01
1.197034741811368832e+02
-1.069729967166934586e+02
-2.208344374801175434e+02
1.022863158424719217e+02
1.663135912958142448e+00
2.657363451222324713e+01
5.161235624638209174e+00
-6.586077479649913968e+00
6.271801163459490347e+00
8.908855428643667551e+01
2.443054187309462932e+01
9.553529198001615441e+01
6.557050338117029753e+01
4.191007566426593201e+01
-3.822614151485115297e+00
-3.491058926393078821e+01
1.298660906866873859e+02
-1.169472642063314112e+02
1.991858508357015012e+01
1.233647616185747751e+02
-1.264900497369427654e+02
-6.111439015367901817e+01
-1.205975904954830824e+01
1.329163601404170691e+01
3.334065932473060911e+01
1.233616646288383265e+02
-2.129640539726881343e+01
-4.537300208562227510e+01
-1.004875872058407893e+01
-6.351169665039088130e+01
-7.991503723754208011e+01
3.496703862386592476e+01
6.747381278145635264e+00
7.711058269775184826e+00
1.186530950354096703e+01
1.293728143072725061e+02
-1.035351447081959861e+02
-4.797747348095245457e+01
-5.970669705886663792e+01
9.851998047298800998e+01
-8.000702080005017081e+01
5.222047168478567869e+01
1.719054652275555028e+01
-1.231543961604449891e+02
-4.307766589311749783e+01
-1.640598013943114353e+01
-1.033328429270690663e+02
1.029027450779301631e+02
-1.722985115354057939e+01
3.624347151573437564e+00
3.833094109003076255e+01
-1.573420199494688632e+02
-1.111689183940394798e+02
5.423996914663638336e+01
2.939958181884376742e+01
8.098654661885234418e+00
-7.962211159434539809e+01
4.061217137026756063e+01
-4.099813104303834876e+01
-1.514375952054093659e+02
6.287553691773275943e+01
1.165448097747952971e+02
1.712273860873463605e+02
-8.545758898276195836e+00
-1.180169901203786154e+01
-1.160840888968187983e+02
7.772793595650134080e+01
-4.663192751388452706e+01
1.572797516585197108e+01
1.033075327450097447e+01
1.182664533091281100e+02
4.949418153521238395e+01
-4.868683419502958287e+01
-1.144288784619296884e+01
-1.605778514192673470e+02
-1.169420688359458751e+02
4.751746242611099547e+01
-6.537692496241716356e+01
1.933542478470498427e+00
-2.375484034753652907e+02
9.775018143745988652e+01
-2.898581384584264509e+00
1.961248185344386172e+02
4.059708363196332215e+01
3.774202388336209424e+01
5.217140029650705202e+01
3.737104072407916533e+01
1.638810912470816561e+01
8.258433038285335215e+01
1.598962815072329136e+02
9.906948800946219080e+01
-2.211811987020977366e+00
-9.903555723487137641e+01
-1.975202731007192014e+01
-5.090845521266113138e+01
2.074328162877982322e+02
6.621376187460198537e+01
-2.661128226061206448e+01
-5.485113713295208981e+01
9.699415663319902592e+01
6.973984457926553659e+01
-2.642683469637930216e+01
4.187716075879700384e+01
-1.919366401615872064e+01
2.280162885216613589e+01
-7.961401303756443326e+01
-4.156017458153349509e+01
-1.210423394310859351e+02
5.897548440728798624e+01
6.381212760085650615e+01
-5.401323660063257037e+00
1.106198120544587482e+01
1.904168482454700717e+00
2.298349593994608711e+02
-1.261154482592792050e+02
-9.081493580958800749e+01
-1.057514941649802864e+01
1.463012817511734021e+01
-4.882500784360905044e+01
3.164642743370490052e+01
1.560688864113685383e+02
7.533193133080835935e+01
-4.569289094073985780e+01
9.469922519468295263e+01
-1.039678335445001949e+02
8.766713569444317500e+01
-6.780200550104149215e+01
3.454806016848040429e+01
-6.177087515773314408e+01
-5.545718329834030413e+01
8.123683199084497630e+01
-3.367941911125294041e+01
4.595859858441295387e+01
-2.780453400548377374e+01
-3.447027835332131929e+01
9.165113461158451003e+01
3.384140798577693943e+01
3.748543443415852749e+01
1.142475850250384539e+01
-1.967650542688951276e+01
4.932553926771953456e+01
-1.744366139002100624e+02
-5.902151651631724505e+00
1.094143906793939749e+02
-9.713927001698909436e+00
-5.807136324506000591e+01
-9.821770461394953244e+00
-3.145238687988194215e+01
3.665832192732325012e+01
1.146952378813722788e+02
2.694185441136538017e+00
-1.805325601509814248e+02
-3.257154107958757550e+01
-2.220399798675078955e+02
-6.820794876071978763e+00
2.512177493764315273e+01
-5.502851270402646122e+01
-6.487198935605471206e+01
8.028998238499274009e+01
3.847505180568010985e+01
-6.284011169381570028e+01
7.442199986814348733e+01
9.015380714243692140e+00
1.110994281349876758e+02
2.818861318757973677e+01
-6.251924130114579725e+01
9.156128384030058953e+01
-7.244385116061485519e+01
-1.090648845155283908e+02
1.039992367026229374e+02
-7.552471256786360243e+01
-9.365114671349421371e+01
-3.016866930493273102e+01
6.097976880048535264e+01
-5.979941429781008821e+01
1.030036440536100457e+02
-1.257018648398734513e+02
-1.170906176573139987e+02
1.774137417949486633e+02
-4.795498566520888062e+01
3.867474863532032003e+01
3.436672075453056863e+01
6.514505615715554754e+00
-4.983960997834573448e+01
7.600491561368561122e+01
5.997727312006922062e+01
3.544026966224543607e+00
8.839971294193864537e+01
-6.950788012813147532e+01
-9.090513184914040323e+01
-1.286985633288551298e+02
-1.661148236438185677e+01
4.300483833468615735e-01
7.823439640269954509e+01
1.297117770586381482e+02
3.093707082709645206e+01
1.048012655214301674e+02
5.084589137894315769e+01
-9.454843438797002619e+00
5.043297622150377180e+01
-9.052727810497026439e+01
-1.619259619100579357e+02
1.019075206430215843e+02
-3.801267325997522306e+01
7.426153907353472050e+01
4.655427766298743819e+01
-9.594005357411336377e+01
-1.012853844750203365e+02
-3.964306964908943343e+01
1.234239988084613628e+02
6.344845089674434746e+01
-6.366637311761584783e+01
1.006687876556070194e+02
1.537621833494680743e+02
-5.638516368741306017e+00
-1.075286740391328806e+02
-3.455234694839037246e+01
2.796060553807387450e+01
-1.059276267892313683e+01
-6.051566884852775985e+01
3.894463338764217752e+01
-6.947522850603332856e+00
3.129169569341002344e+01
1.250185373254757621e+02
-5.497961886571841461e+01
-3.496515072820270831e+01
1.275953033977014961e+01
1.052451893698977727e+02
8.472049967281516558e+01
2.175063576849590774e+01
-3.665682130942765582e+01
4.707941391837742628e+01
6.224314544286310280e+01
-8.184652936430732950e+01
6.160204097740632534e+01
9.034555777738707150e+01
-5.722316083625658223e+01
4.604957354667701708e+01
9.502749729550080815e+01
9.090440954162718867e+01
2.139807721639879645e+01
-3.740898539202300555e+01
7.421937740157675023e+01
-1.008071914211033544e+02
4.260507222859503784e+00
-3.080561916964758495e+01
3.501041394072202451e+01
-1.876568340297480830e+01
6.582664986460055445e+01
-1.339055682793037363e+02
3.347384403858858803e+01
-6.595378362249716631e+00
-1.308280737309275565e+01
-9.716808533176330798e+01
8.440179029840562919e+01
-7.930501351613438032e+01
-2.976566034578181785e+01
-9.207925602817982735e+01
-8.660297857082913708e+01
-1.805357709146052159e+01
-7.993665870021939668e+01
3.315546381989872060e+01
1.360978857903071670e+01
4.140940457484869341e+01
-1.924143197510614911e+01
-2.236223937553302221e+01
-8.420862093758407241e+01
-1.182088041653657484e+01
-4.622707984947509630e+01
8.075456513761638178e+01
7.453571518455169098e+01
-8.967455150811379383e+01
-3.231243589856352960e-01
-3.141321570394898899e+01
-2.328266860246950287e+01
-1.919573883615672116e+02
6.342125058590369235e+01
5.907124781383778611e+01
-4.389587829103070504e+01
-1.928519692814616349e+01
2.244279759438177564e+02
2.545086582271899545e+02
7.604836064958666952e+01
-1.301444180101004520e+02
2.654300695219711681e+00
-2.206957601507329798e+02
5.851474153048598481e+01
-2.940048559512285564e+01
4.349352881521473790e+01
6.287947982723221685e+01
-1.919117631627237586e+02
7.159724049755563158e+01
8.493627838239825678e+01
-6.945581075375622504e+01
1.767757329024592536e+02
1.103073407105945591e+02
-1.909047618265878299e+01
3.607986506120199266e+01
1.290098963599145350e+02
6.318627178444682357e+01
1.142206770445603858e+01
-3.979763933476633042e+01
1.264613144412821129e+02
7.181957631027519540e+01
-1.112825451858893047e+02
2.548350735512612175e+01
1.075766031299366254e+01
-1.508308479250773928e+02
-8.286674370761404873e+01
-2.519684288950772011e-01
-4.842269932600899551e+00
6.097946300535104669e+00
6.288756109149358053e+01
1.285464986471230873e+02
7.654766942860031520e+01
5.254880477336674716e+01
1.400747177659641984e+01
3.273538113043076692e+01
5.013225693583635234e+01
8.280911694454138683e+01
4.639162175273184374e+01
-1.198198351202286460e+01
4.793575384710739407e+00
-1.852454034879271205e+01
1.021661221461467193e+02
-1.032750164949032126e+02
3.867444954813787028e+00
5.328165538519932198e+01
-7.771318681559024810e+01
-7.256803938900618922e-01
-7.157209823624675948e+01
4.784683118210445230e+01
1.005938967647442297e+02
5.328758533504247197e+01
4.409015271817506409e+00
8.501258804925633683e+01
-4.509007019871922495e+01
-1.094798658760059773e+01
-3.335619084093569597e+01
-1.512006691309063910e+02
8.671929605862086987e+01
-1.260366327552026746e+02
-4.418908563523970656e+01
5.101977930727889543e+01
-2.069183267302195475e+02
-7.818341425661616029e+01
1.009729789059816163e+01
1.093827458933366614e+01
-1.000224140038472171e+02
7.750415329108419371e+01
-3.736782208443710829e+01
-9.784691220063685080e+01
8.405596256178517933e+01
5.014468788814997424e+01
4.162663261972233641e+01
7.742516471267659028e+01
-5.542609196849483055e+00
-7.615785387914854709e+01
-5.544778825642644193e+01
-1.342827083821279359e+02
1.181458761433805194e+02
-1.761017234634250030e+02
-6.131701241121792378e+01
5.832472394495714640e-01
1.908685948666154530e+01
1.163117236458778905e+02
-4.583768565753548785e+01
1.914628836328359185e+01
-5.513293803108097535e+01
9.618244753084070453e+01
2.969333201969278235e+01
-1.181351039567336585e+02
2.405861889651687235e+01
1.588633358807832963e+00
-5.424682087129708918e+01
-1.965147051177240769e+02
1.954062312401379486e+01
-6.587503274985064650e+01
-5.533378173601209937e+01
-1.497309302414996353e+02
7.114141251369997754e+00
-2.042073851506683297e+02
-9.388058361142020303e+00
-6.645646983546070530e+00
2.702455546773802197e+01
-6.816046140727310387e+01
1.903181678796995158e+01
1.651620378541670675e+01
-1.573144943672373302e+02
-2.084682000946322944e+02
9.396944523911693636e+01
1.585859564926635130e+02
-7.946548782083377205e+01
-1.266779456078883328e+02
4.211206293305008330e+01
1.475774657757510795e+02
4.074903044465074231e+01
7.738020742234309068e+01
-3.092607794187525272e+01
-1.656427798540258038e+02
-9.855101525389424921e+01
-7.368701301426615657e+01
2.282527853305875709e+01
-4.525598921423536325e+01
-5.128467456295771143e+01
1.344230763414393870e+01
-1.353306657878949864e+02
3.378358150514684155e+01
1.227159187647048810e+02
-8.602635046578643596e+01
-1.207581233854299256e+02
1.765065352408248467e+00
-5.860856187729245192e+01
-1.479522991646981893e+02
-8.708795063178076390e+00
8.015559089658823666e+01
1.358340126668016445e+01
-1.060335659993215245e+02
4.467900569117701792e+01
4.126612100962535834e+01
-3.341712403553407285e+01
-1.248092838491215559e+02
-1.455495173519046830e+02
1.774848704165848901e+01
-1.026412884746125940e+02
-9.043001988608280328e+01
9.811666518610172716e+01
1.015111816829080311e+02
-4.420467527228994697e+01
5.675864340330178237e+01
6.784874474077470552e+01
-1.720811567204013954e+02
-1.857380210843411916e+01
2.750080823219626680e+01
-5.089866420562761817e+01
2.489416985140132965e+02
2.081681777514885212e+01
-7.425224161037039039e+01
-6.341825123499467054e+01
-1.494442350105055937e+02
-9.888549613942466010e+01
-4.120531078661851865e+01
1.323428073674854772e+02
1.011491542711267222e+01
1.063031105239937446e+01
3.483957699961520404e+01
-1.515150420720424904e+02
1.546943561600935446e+01
4.587978514962651388e+01
1.054120684715328764e+02
-6.490387892140545034e+01
-1.025379296525923252e+02
-1.229268663644883759e+02
-1.159157168803180049e+01
1.481438224641829891e+02
6.208139062979085310e+01
9.715736905746247487e+01
9.528765074903255083e+01
5.993684259786480339e+01
-1.486248494521498458e+02
2.989764923698616883e+01
1.345695757268584316e+02
5.624558428249394382e+01
-3.999058359467821333e+01
-1.705959047042174603e+01
1.368088334258931695e+02
-4.438226583447716678e+01
-2.007737600182580309e+02
-1.152482376613906467e+02
4.442060573873394702e+01
1.873105280031144915e+01
5.867534811956220864e+01
-1.536383787806383339e+02
5.552459432000365780e+01
-4.334362251927857557e+01
1.427749979236519380e+02
5.603596609681081020e+01
8.971302101504785753e+01
1.385064531657921805e+01
-1.630762234610612982e+00
5.470018884076721122e+01
1.347509742732253635e+01
-1.012530926784267109e+02
2.391694088198676837e+01
1.191767330538390723e+01
4.841423024122879504e+00
5.914492567046228544e+01
-2.167964025936817585e+00
3.360114169031245268e+01
-2.805197267730148880e+00
7.804989228650137001e+00
4.226400738087880171e+01
-5.969342819267115630e+01
1.865903131833450246e+01
-1.855828276583582337e+01
1.579796313435803086e+02
-1.058123656056320385e+02
-7.698584444875287147e+01
-3.961836661041253649e+01
-6.209221173320954534e+01
-1.370103331649136749e+02
2.433659104564173603e+01
-1.485825820950310572e+02
-1.496972484543962310e+02
5.027985646045297585e+01
8.554943044189029422e+01
4.316671524723125941e+01
-2.918351444787224835e+01
-1.087523214366381268e+02
-1.049142757688592837e+02
1.642150220345120104e+01
5.169852391250795165e+01
5.072990770831147955e+01
-1.764261571575303833e+02
-7.996993905681178205e+01
-9.178800453865260067e+01
-5.063254743181439466e+01
-8.561077702710828419e+01
5.463055229878666097e+01
-9.771081504835843035e+00
-7.401411075343160917e+01
-2.887477849399101615e+01
-1.119300480102739499e+02
8.470223524446286945e+01
-6.172372264524611296e+00
-4.565535866910453677e+01
-2.031196903148569533e+01
1.997594858460878697e+01
-6.848442830304817619e+01
1.215146675430154346e+02
1.123481212065659918e+02
-2.895908052627056861e+01
5.133428465854895251e+01
-1.652095948750690013e+01
-6.189790810201417059e+01
-2.106878809721469992e+01
1.020282177799171990e+02
-1.803785153525615748e+00
-1.250027652474107640e+02
-1.252986284631673541e+01
8.421310363414109190e+01
-5.030994747694780500e+01
1.782784863064597403e+02
8.289806669192316235e+01
7.439198289135133280e+01
2.649683028842388932e+00
3.706125408278849420e+01
-2.857602356396968446e+01
-3.094826857401897868e+01
-1.185752219336993534e+02
1.166791151276995464e+02
-4.221082277569935570e+01
1.105707331882259723e+02
-1.745136009700400734e+02
1.645832415545452321e+01
9.405299054193085340e+01
-3.348717836734941833e-01
-3.254133120263213641e+01
-6.197904285652870726e+01
-7.724473266858103671e+01
1.624251998008976159e+02
-1.202191485705577350e+02
3.443682806243406702e+01
1.448080087240903424e+01
2.764723335236729085e+01
-9.800201003973022296e+01
7.893538497014719724e+01
-8.177723066707268629e+01
-1.145984004028948711e+01
5.083623923177529313e+00
-3.715685246886692283e+01
1.643949697116197584e+01
8.674763661598994702e+01
1.004949310039194330e+02
3.549317025667763659e+01
-1.337275408665441034e+02
-8.859638717183894130e+01
