1.286906804526819137e+01
-1.299622946771252714e+02
7.410483185628972080e+01
-5.107926186211254560e+01
-5.998660863831744194e+01
-1.576633477310866169e+02
-2.337397360882912096e+02
-2.408445407897933777e+01
-1.000939171175252795e+02
-8.679887294229611427e+01
6.781642124818607620e+00
-1.617159014265843382e+02
1.828202441603330541e+01
5.282904779648577431e+01
1.146931796050328245e+02
-7.449343038295704389e+01
1.208069264426972325e+02
-3.273365649661686660e+01
6.608306343166840691e+01
2.459777516073941328e+01
7.481638497644046026e+01
4.488686364093047132e+01
-3.445562879244529864e+00
1.055418366123285345e+01
1.261803152246898918e+02
1.534113858420448651e+01
-1.316519767059954660e+01
7.511575143796769827e-02
1.036578192346262313e+02
-3.244147146017471783e+01
-1.259093814618705949e+02
-9.586828619030590914e+01
1.048810482996087927e+02
-7.242749488282248294e+00
3.902620211252381122e+00
-1.872395261997282745e+01
-1.544006201044275315e+02
9.095506298375519805e+01
-7.444409905389166227e+01
2.955611314457884120e+01
7.842589842467587857e+01
-4.976654368101836212e+01
5.821634046111513072e+01
-1.572325353429984602e+02
-1.133515732667048752e+02
1.141856875366606232e+02
1.402477869648852788e+02
5.476863317534194309e+00
3.935853756318806518e+01
-1.278590459881461925e+02
-1.347952494728901058e+02
-1.930397412230905374e+01
-1.707366908039636826e+02
-6.145231798592079286e+01
1.584229701171894766e-01
-7.740238239833362854e+01
-1.772962596182577215e+02
-2.054286263911845651e+02
7.304331157066675928e+01
8.858217521781432069e+00
-1.736899184538283691e+02
5.299223635182475789e+01
1.467696518864840982e+02
-4.734249380399263885e+01
5.413937465611477506e+01
-8.831876033530429027e+01
-3.973859576464132459e+01
-4.752625413579660396e+00
-5.942015112735929527e+00
-8.963684593508831711e+01
5.049726680956440816e+01
-3.776295296208949281e+01
-1.376408041793681569e+01
-1.903823551791431257e+01
-9.246606509455896905e-01
-7.326609620625482933e+01
-1.226302275045112822e+02
6.654597040488729931e+01
2.216168419795559430e+01
9.708935239522820382e+01
6.380913223218704644e+01
6.140407762995781127e+01
3.541490658515495937e+01
7.236197857373565512e+01
-1.608553118255308689e+01
1.751173066657695188e+02
3.945348642296336639e+00
-1.117969123878712452e+02
1.897253314769455699e+02
7.471437584821750022e+01
-4.467902266458024485e+01
6.117082599838357027e+01
-2.976534329142083024e+01
-2.102964757075597291e+01
1.323244168236842881e+02
5.573203379156046111e+01
-7.596460038207476373e+01
-6.009726783370275882e+01
-1.517537937968553408e+00
-3.556545590050931338e+01
6.805976441027512180e+01
-7.567252540995123411e+01
1.382326214091947634e+02
-6.092104028983586517e+01
-8.147534139508663031e+01
-3.052060642007474200e+01
1.702699852494902188e+02
1.176314277375312933e+01
-4.502593185790312447e+01
-1.824332910597288731e+02
-3.968322449644722383e+01
2.342059449430838924e+01
-1.831634280668989234e+01
-1.825546736559771261e+02
8.279638335865125498e+01
-1.039775731335669917e+02
2.444828691712064384e+01
1.348695017089717396e+02
-8.104905408299738667e+01
1.261340526344315265e+02
-3.049428883229636611e+01
-1.547367404511994282e+00
1.624145701876147143e+02
-6.551221311338549924e+01
-3.255014223494665515e+01
-8.988626295433017788e+01
1.034151796402341432e+02
-1.089759618691823846e+02
-1.185343863479992166e+01
3.467812614213079314e+01
-1.038418000305050271e+02
-1.431228331620536380e+02
-1.097404339104954829e+02
-3.850691550038983024e+01
2.004547928192642416e+02
3.253695457056175133e+00
1.024569351983703598e+02
-1.081653690973723343e+02
1.741205157158058512e+02
-2.385865849906046332e+00
-1.941806295526395942e+01
2.505976042508344648e+01
7.768814224514461841e+01
-3.072370881453656821e+01
-1.296662516361601263e+02
-4.422636734514227186e+01
-3.088309760557525507e+01
-6.172310831847833157e+01
4.379283938306434720e+01
-5.934888171778513311e+01
-1.052655972100703394e+02
-1.138033903809651690e+02
-3.121554271564012950e+01
7.181601859817158129e+01
-5.551106451490753102e+00
1.283521784067416149e+02
-1.674015185584771004e+01
1.414309315260342146e+02
1.934478301881453177e+01
-1.450327426200801639e+01
4.379520147131053420e+01
3.891002637176558210e+01
4.805597395249086645e+01
-6.930693096014603327e+01
-7.443520866220465848e+01
-4.081376999357171087e+01
-1.322054337552775678e+02
-5.393651244783778509e+01
1.364433843771160184e+02
3.983954481781741919e+01
-2.149149913244087884e+02
-9.021127945579706875e+01
1.826478405161014251e+01
-5.012291287076739987e-01
-1.242078617827759359e+02
-8.288080712084772017e+01
6.760658876879253398e+01
-2.435060417034208058e+00
-1.497478966472161233e+01
1.315077516628753074e+01
3.424579557188845769e+01
8.556533728469825917e+01
-5.842337730891318870e+01
1.240541059778672377e+02
-2.494482273413193596e+01
1.702088844673994572e+01
6.179904663397719133e+01
-4.612461042961200519e+01
9.000599317009098854e+01
-1.709645293870047311e+01
2.426063192786502754e+01
5.141776721606715483e+01
-2.560487463181403633e+00
-5.136986505830493854e+01
-1.830747319760332061e+02
-2.259469636774767309e+01
8.356537358058834286e+01
-1.132875788263225019e+02
3.502117602407742680e+01
1.150288542138134602e+02
6.988331572214295306e+01
6.560429681811822888e+01
-1.420013126961552352e-01
-1.988165766718552874e+01
-1.518191588342917520e+01
6.692733073596907900e+01
-5.654142818116421410e+01
-9.428961993291905230e+01
-9.684263006875201540e+01
-7.276704382329405973e+01
1.607683559156144426e+01
6.048036618926750663e+01
-9.062141619101420531e+01
1.833239060966274963e+02
-5.739989250197638171e+01
-3.524211843417194245e+01
-4.214082766524182233e+00
-5.385368843762201863e+01
-6.496745431008251614e+01
-7.357366448884341992e+01
-2.345503842949863582e+01
1.767846942232914671e+02
-6.465779865502197765e+01
-5.640034111501349656e+01
1.363545434683197399e+01
1.916025049844207331e+02
-9.299877018705927867e+01
-1.008672112912972096e+02
1.645104806255998824e+02
-2.591024974776195222e+01
-2.665044264858830729e+02
4.384518728681745614e+01
1.175745385001062289e+02
4.503094708892390940e+01
-2.296362026428511882e+01
9.948316349345230947e+01
2.895388185430112671e+01
2.815921208442543389e+01
4.931746581236345151e+01
-2.247093537203798164e+01
-5.872052960858444237e+01
2.008587233940574208e+02
1.356587874794301456e+02
2.640163913973176690e+01
-6.736975073410684445e+01
-2.024060749167585982e+01
-1.703289583735031698e+01
-9.003403969412043750e+01
1.718816031126861503e+02
-3.793603629594175430e+01
-6.526006897292143094e+01
-1.102113337444306183e+02
-7.111807795928292819e+01
-5.043737311899736397e+01
2.542345711596561753e+00
9.999984099947926097e+01
4.775885510227219077e-01
-9.765415735212299353e+01
4.131948536176571452e+01
1.528432258970478053e+01
3.479528297239097867e+01
-8.445079644126676044e+01
-2.682755407861089125e+01
9.921642938056962180e+01
6.922464029238926742e+01
8.134157910400612934e+01
-4.134305323935449650e+01
2.519353790132740301e+01
-8.760652600971222626e+01
-6.371086929246377650e+01
-7.379161788960779234e+00
1.222563896295790720e+01
-5.426098832320123933e+01
3.500473728579703447e+01
-3.786382090264197586e-01
-1.282236914766030225e+02
-9.664152381642686862e+01
-2.491168637827592818e+02
-6.311522840583987204e+01
-1.119525064907080036e+02
1.761440617306939771e+01
2.575828111282747557e+01
1.353204683046307935e+02
-1.377581023580443116e+02
-5.466930060711826656e+01
1.539107642056420673e+02
1.296702569611297520e+02
3.695514685767105512e+00
-1.137975094051731872e+02
-3.456932188580519494e+01
9.619869810138706612e+01
-6.702328307312096456e+01
3.222809675464755230e+01
-7.172088221832029653e+00
-1.011142649197062156e+02
-6.140402494689130464e+01
5.937223363603886384e+01
-4.261443949696106870e+01
-6.020493482339427516e+01
-2.098621924715487452e+01
-7.134905761151239290e+01
-3.370723585721944460e+01
1.800422831685359313e+02
-2.616239528424445027e+01
-9.745636206304668292e+01
4.846357528573073381e+01
1.183636893629898879e+02
-7.309893719061936679e+01
-5.462348149334674474e+01
-2.423376286231634325e+01
4.463552879764630887e+01
-3.441691456228316071e+01
-2.560221023693868858e+01
-8.014534250492162926e+01
1.817356273232044472e+01
3.616934955027238630e+01
2.673336034215143187e+01
2.776266009806929347e+01
-1.391352253824319263e+00
1.545181118364566544e+02
-1.772279851350118918e+01
5.708760813451134908e+01
2.817624520492742946e+01
9.652521741479748840e+00
1.097495758953880767e+02
1.331750995996169138e+02
-1.572985835424094034e+02
-5.757419435081051695e+00
2.130823765964268830e+02
-3.614182213505350205e+01
-7.593971547475024408e+01
1.403872674004103942e+02
3.420143882368243737e+01
1.189808067830595633e+02
-2.132979833445498059e+02
-3.796746563122401330e+00
1.276651641976026923e+02
6.854202322141925663e+01
6.822921026552128865e+01
-1.351609246972620326e+01
9.033762628535615136e+01
2.113234691588073311e+00
2.105319791332821566e+01
8.518597807298409919e+01
3.480537677212522141e+01
8.061133797442465720e+01
-3.613993797372341277e+01
-2.337406680296150441e+01
1.381584616320853058e+02
-4.794492302501846837e+01
-8.020134486488421999e+01
-6.499291928018510589e+01
-1.569014337025727013e+00
-8.108052362024331217e+01
1.102304622699147671e+02
-2.103717405261033946e+01
-7.387516970037363251e+01
7.964705111002871263e+01
-8.234314879229279427e+01
-4.454329484851650989e+01
1.304806748579045461e+02
-1.056318208718037610e+01
4.852293708598325850e+01
7.837211301532244079e+01
1.307794124298036706e+02
-9.698924539900151842e+01
-3.066231447069170102e+01
3.252190607910534226e+01
-3.022127514591349495e+01
1.024184855091193640e+02
-6.216525769474613128e+01
1.650268456341603098e+02
-5.084196731262859004e+01
7.045181784914523959e+00
-1.199604524769396896e+01
1.413557276503114224e+01
2.166606993751268462e+01
9.265162359644494927e+01
-6.752194283978060696e+01
2.352785256470403397e+01
1.367349918939943265e+01
-4.809711038670600658e+01
7.483081866328878107e+01
6.169807807817387868e+01
4.188848930545396598e+01
1.285474199768565882e+02
-9.586327836902832189e+00
5.224087575902880332e+01
9.549807928789554978e+01
-9.326775798349525815e+01
-1.334018053728069919e+00
2.432702822826873224e+00
1.051226952383569255e+02
2.817782186720150861e+01
-1.377186523503361286e+02
-3.680988296057815745e+01
4.357102942806310608e+01
8.212896255644928090e-01
3.444101931384643933e+01
-2.742387402265264384e+01
1.203438268641888520e+01
7.745845025427435360e+01
1.240657234253145731e+02
-7.133596317505723050e+01
7.963443410898984887e+00
-8.525539706296213183e+01
-4.869153686830183148e+01
9.916452503822330300e+01
-1.436917822037597503e+01
1.007047309010063429e+02
1.496898273434961801e+01
1.027673441312630729e+02
-6.263216291016048132e+01
-4.626190589700810207e+00
-6.708218472377343744e+01
5.758595509931026157e+01
-1.504567705294329372e+01
1.837225460869476024e+01
-3.417896604855518206e+01
1.138275905684544966e+02
1.089044053708860531e+02
-4.296680685542150968e+01
7.387451511794274950e+00
3.058124005619965757e+01
-1.048937570861106821e+02
7.969718846449239891e+01
1.815207021335515947e+01
9.101149448720174462e+01
-3.405923957715354078e+01
-5.579970257324438165e+01
-1.104917935950504955e+02
-1.640853416156575406e+02
-6.653839616901075260e+01
-8.342623734652016765e+01
-1.846254107290401958e+00
-8.855185074413535062e+01
1.844127956283010974e+02
1.669366566922747541e-02
-1.284224894425045349e+01
-5.986147860325146297e+01
-1.780383139124092962e+00
1.353322053104580220e+02
-1.087774290225519849e+02
7.992387779138125836e+01
9.971794281551727579e+01
2.176519024465070373e+01
3.482687747826537006e+00
-8.306806734227875211e+01
1.252974633308290038e+02
-1.000966670790671316e+02
-1.686270392545623338e+02
1.967595197011051056e+01
-9.715260962672641654e+01
5.132690120899079034e+01
1.497533557919859959e+01
-3.724621397873024620e+01
8.834951375412988739e+01
-1.158742434483549033e+02
8.873824872084541937e+01
-1.390248560312147958e+02
2.155476637927592165e+01
1.783284039557645428e+02
-1.043347234804685115e+02
4.175247528707496514e+01
-9.572107408054402811e+01
2.643188072945336842e+01
2.387377133381347249e+01
1.634652903216635593e+02
6.256760011789400977e+01
4.758943765084820754e+00
4.372201223899388367e+01
-1.182374103467036122e+02
-9.114203757775541703e+00
-5.962629644656191275e+00
-8.704638258788695282e+01
8.960107420813528734e+00
5.806546872069559129e+01
-1.112629752281109177e+02
4.585141096432955976e+01
1.819016003948877653e+02
-2.485133626750451015e+02
1.049315324776773224e+02
4.040038351637576142e+01
1.271970210587733447e+02
-8.140611283584532032e+01
1.329672728291980377e+01
1.004473938000399187e+02
-1.237342867155776283e+01
2.616606857228983429e+01
1.468372189561622463e+02
1.105805703224961611e+01
-3.441591560959736995e+01
-1.293281769935586283e+02
-8.828498804183048776e+00
-1.115197757701607060e+02
-2.915623570049844560e+01
5.200059039686193074e+01
3.523350697987150681e+01
-1.091907355571509299e+02
2.054956084487498060e+02
-1.904366757580067429e+02
2.396539261438181967e+01
-1.415072619070901361e+01
2.303567627101530846e+01
4.287967219159246390e+00
-1.111269212891404408e+02
1.217460659104537086e+02
-1.185358437313838493e+02
-5.381878586228320671e+01
3.866225503654516160e+01
-5.048912845610497868e+01
-8.605410231277507194e+01
-4.639515800482510599e+01
3.294996495020670046e+00
-5.105892927365992051e+01
-3.708705930091574743e+01
-9.022607902686128512e+01
9.656894098448063346e+01
3.187276224735095198e+01
1.140368056529626557e+02
-3.477964324874178281e+00
2.556068877437649078e+01
-1.983846492596635969e+01
-9.138257439614170252e+00
3.739716628031997203e+01
1.567282036646673582e+01
-1.232061071835251731e+01
-8.006961034718263193e+01
5.495178072161181149e+01
4.723290802547558087e+01
-1.264517288072787071e+00
1.752793767994934271e+01
-3.958056018062512038e+01
5.501055974659670511e+01
5.179791474977030674e+01
-6.443574490165441659e+01
-1.654096851253495970e+02
-1.344117503685690167e+02
6.395116047226477463e+01
-9.673781413048065758e+01
4.468263594952358631e+01
-1.820313766596551375e+02
8.263975904998218880e+00
2.384430687440503505e+01
1.729254773936523293e+01
-8.428518646071822218e+01
6.421408495543417416e+01
1.122702807613348028e+02
-9.018164631501326767e+01
1.033298937947600251e+02
-6.300823018567846212e+00
-1.009640251460040794e+01
4.594681628315264277e+01
8.341106231036896190e+01
5.016783510153302217e+01
2.473911164518675321e+01
-6.537407655585667499e+01
-1.111842454060043650e+02
2.875883678339588911e+01
1.217779410375211739e+02
4.048874010783195132e+01
6.211174881621702326e+01
1.078823190610257399e+02
-7.111132532319251709e+01
-3.872976086553846731e+00
-4.066333138013602877e+01
-1.901234971445515853e+01
8.016457902496722454e+01
8.264655068627725143e+01
3.834685394043809481e+01
6.719348027104419430e+01
3.395018252906466216e+01
-6.213661768159716559e+01
4.761917307817253686e+01
1.454918754355772670e+01
3.195133875030895521e+00
-1.274824693764296342e+02
-4.977457987356208591e+00
4.805379763521511904e+01
1.198657692349012507e+02
1.594246022182374034e+01
1.552367897073425240e+02
-1.946477108681013846e+01
2.325399233251815758e+02
8.323694813486126520e+01
-4.532824972610987402e+01
1.362126483637207741e+02
-2.385794177247024095e+01
-1.237454916555567337e+02
1.360744387708795102e+02
9.656345062326080608e+01
7.138528844873779633e+01
-7.357615068586622442e+01
3.301827820980428640e+01
6.957002240011507865e+01
9.484636829401921432e+01
-1.105776717392296433e+02
2.153150186220763018e+01
-2.020029013656732886e+01
-4.937063599964717753e+01
4.959222118007577507e+01
4.391099844243222350e+01
3.670344365375732565e+01
1.739537561948677080e+02
9.458337201642407877e+01
5.608098452550613899e+01
-4.619621190768183006e+00
5.786512764817113208e+01
5.889533306456899453e+01
-7.700545525625281584e+01
3.447158886214991469e+01
-4.034596935289683728e+01
-4.972959938619125353e+01
1.007614081642727513e+02
7.203181860764640021e+01
-5.980161714523206484e+01
-6.943768622079828390e+01
7.040657604574344930e+01
2.662963110260078281e+01
-1.883257387982424547e+01
9.634492626543138982e+00
-6.101550121746402056e+01
-4.417910224828461452e+01
2.985390677211993804e+00
-9.312575535715074793e+00
3.854430449555202642e+01
2.123019439108616950e+02
-5.100922738673818202e+01
8.696855467876793000e+01
3.805000998035311000e+01
-7.081270699284003456e+01
-9.465669361761689515e+01
-9.155510685797078452e+01
-8.821220062793932115e+00
-1.174249540283508111e+02
1.113396065931609513e+01
-1.360375633102819677e+02
-1.297377411114798349e+02
-8.053725956016044574e-01
-3.020297483916997550e+01
-1.147035233247160448e+02
9.963010292190791972e+01
-7.633705108805474993e+01
1.403442698439551464e+02
5.072064622285314783e+01
1.240156135691058097e+02
1.292682878280418493e+02
1.029376918348461061e+02
-4.668006199805233081e+01
2.838934043915429228e+01
1.594094231211851564e+01
-1.192944031765866555e+02
-1.091795182942289877e+01
5.896008471905733472e+01
-5.039674114523407411e+01
1.274791031803099060e+02
3.146824426293168386e+01
1.629116524122829190e+01
1.296981255101708257e+02
4.585635794042972435e+01
1.100865365340103210e+02
-7.947824056968808293e+01
-3.498705171989742269e+01
2.481195099626235745e+01
-2.565557911647829314e+00
-2.704331666612539209e+01
7.974292149055118628e+00
-1.565421564277424693e+02
1.068997410463491207e+02
4.127655511113389508e+01
1.118242589585380955e+02
5.582483539946996842e+01
4.573780089519780034e+01
1.035206051009372175e+02
-4.111163549187928368e+01
-8.459756507663618663e+01
-1.409722301884337270e+01
1.984934709277932257e+02
7.131027987455640016e+01
7.290355923343352629e+01
8.811029145310062916e+01
3.826391096261051672e+01
5.837777655356501327e+01
8.007857616110175059e+01
-4.954586733848686464e+01
1.925995204934901324e+02
4.038275846351920251e+01
-1.846047589680453527e+01
-4.809115023238695663e+00
5.656332290260617413e+01
1.061072232191610709e+02
9.176679146900548290e+01
1.266236674388496510e+02
-3.950775804753703824e+01
2.213782424197673748e+01
1.927941025218843833e+02
8.438933328175885151e+01
4.517334964462759217e+01
7.011615987861075894e+01
6.211182839176082382e+01
-7.537034812080662505e+01
1.378888361115265013e+02
1.494975822553561784e+02
7.181675681237980768e+01
5.269051361539514033e+00
-1.556261477376272921e+02
-3.534060041473185265e+01
-4.806401557054893914e+01
3.699426441564453771e+00
3.037348051932078619e+01
-9.317825403763878001e+01
4.810024344126188112e+01
-6.508737685789768967e+00
5.532931510176875634e+01
-4.436248898380919847e+00
1.265078416219739950e+02
9.415809812987463445e+00
-1.069443228275896161e+02
8.265283363710452136e+01
4.090185911340502400e+01
1.153487477931650318e+02
1.867789914067295598e+01
-9.116358852318629147e+01
-1.058912790474022216e+02
-5.365393956311957702e+00
-5.654895946374413285e+01
2.298869521179567599e+01
-1.051707971162757183e+01
-7.758373984639609944e+01
-4.716934834848697911e+00
2.946935256288616500e+01
1.061767704781856025e+01
8.453114059740097730e+01
2.590450502140409483e+01
-2.705140922948020776e+00
-5.765878955466864397e+01
-1.362535289483092527e+02
8.762650702095200472e+01
-3.380145134447232635e+01
-4.221810036690738599e+01
-1.327355443538880593e+02
-3.880509224931969925e+01
2.358152795692136579e+02
1.080326063117453650e+01
-6.608957636658790591e+01
2.993679370874698265e+01
-3.108517712923515930e+01
-7.860862897856210729e+00
-1.368459245565343281e+02
-1.810228044536664171e+01
8.749471576620798885e+01
5.055010946008214745e+01
2.058599913342766818e+00
-1.604305946103865921e+01
-5.695147877490644106e+01
-1.805283916937691302e+01
-1.276799231699796593e+02
-6.620757083049277014e+01
3.588288090146224363e+01
-2.092559373963833593e+02
1.128154137605155860e+01
-2.733351834088030952e+00
-5.454652749172438320e+01
1.804862856658188264e+02
-7.345040047052631849e+01
1.323087134058171443e+02
-8.389892690045523693e+01
-2.139248851057832894e+02
-1.285050349532690745e+02
4.725246013366455600e+01
-9.678001238244158344e+01
-2.303861671011109635e+01
3.303115466630507058e+01
1.158247018280964369e+02
3.866806969789247717e+01
1.504930206041752001e+02
1.042132265737768648e+02
-9.683314257375037926e+01
-1.196206645832958948e+01
-6.550388243656013287e+01
7.964096330379410915e+01
-1.202327514280670187e+02
-1.998450402193780207e+01
1.398712466331958808e+02
-3.594509182823647109e+01
7.993166832028134650e+01
3.333418993609289771e+01
-6.203663967547599079e+00
-3.820027310840154655e+01
1.249689997468616411e+02
1.480214851009198753e+02
2.580036832256833890e+01
-3.422776149177741445e+01
1.159919092689226403e+02
4.098277939504023237e+01
-7.957833528455093131e+01
-1.136950904571327499e+02
5.372037355186532182e+01
-1.268241851671362355e+02
5.916208510347653515e+01
-1.024431646886667551e+02
3.802701316482175287e+01
-2.790385553367327631e+01
-7.732938639566535244e+01
3.216223987010159213e+00
-5.850649672016543690e+01
-2.810562973855362401e+01
6.390108682169287846e+01
-6.557979881545317369e+01
1.077650553735954162e+02
2.465626618745956762e+02
-1.483112075160017014e+02
-6.163750246814855949e+00
1.789657514151971540e+01
2.037895546409537317e+01
-5.880204720482664271e+01
-2.826647781062342801e+01
4.192678830129916889e+01
1.308921140591528172e+02
2.173998512710898723e+01
7.422711732825712261e+01
-4.708037294726335631e+01
-4.579314535272238373e+01
-2.389152096826527156e+02
1.738749758051620731e+01
3.469158900814534263e+01
-1.204660619604123610e+02
-6.844270178242561542e+01
-1.327854083740705882e+01
1.023527447681204450e+02
-8.629039828544816260e+01
-1.253676664000206920e+01
1.208936992617557848e+02
5.104182115100276462e+01
1.208728343487450729e+02
1.869696734298229401e+01
-8.771892412441896880e+00
-2.528274564312694395e+01
-2.172351364799154112e+02
-1.796858308765310426e+02
5.611275276991747774e+01
-2.008589535143338978e+01
7.261654990549180866e+01
-7.210678657449791729e+01
5.390414698819005146e+00
1.083780806394859013e+02
3.061694057648103495e+01
-8.112583666502381163e+01
-5.403079481536586570e+01
6.502300763934260885e+01
4.134631133666390923e+01
1.255708046768714752e+02
-1.075378099515637302e+02
-2.210123157410514239e+00
3.953948175900629991e+01
-5.150238280462700402e+01
5.530026288650853417e+01
3.664868943708726068e+00
9.376005782310707559e+01
1.475634460158267416e+02
-7.927086600439611175e+01
1.161391023860305438e+02
-6.692262002893622252e+01
3.423516166757283941e+01
9.028593945300430335e+01
-8.626309679396925389e+01
-9.448286012029033998e+01
-1.464586204140571795e+02
-9.149616218059298944e+01
1.783411625777232246e+01
-4.351036420990556053e+01
5.543823103577010869e+01
-4.612432595670131263e+01
-2.070993686657802968e+01
-7.315216028222874911e+01
-1.076251120817353240e+02
-4.348757748991368288e+01
-7.641190013112989732e+01
-5.529458641311898681e+00
3.039041273224075823e+01
-4.786199140173639677e+00
7.405290228343795889e+01
1.282167334160927510e+02
-5.630486230547812454e+01
-4.542082677296604487e+01
-1.390027053182336374e+02
5.124193250725115689e+01
2.448214146439765759e+00
2.971887016161905137e+01
-2.499718370631384967e-01
1.985904640176406488e+01
8.401007552918109411e+01
1.457506812638239353e+02
-5.451886242834753205e+01
1.050764391446181065e+02
-7.473769704264415736e+01
-6.410346637402803083e+01
-2.713853825559591759e-01
1.585766469842876916e+02
-2.956549236289032478e+01
3.070006378952918613e+00
1.906578005182608893e+00
-6.381966662159372561e+01
-2.067146632527581929e+01
3.124232660848844034e+01
6.036090851919651357e+01
3.297251991697363138e+01
4.568134470254222634e+01
3.139217820623876065e+01
-5.338546643409515013e+01
-1.063649643061740147e+00
6.700668033674433843e+01
2.108282384916372507e+02
4.820660684054867318e+01
1.279978306156816892e+01
-1.439994965359130674e+01
1.355194851558839009e+00
-5.354691376482367815e+01
2.441093869258159543e+01
1.619529884710893697e+01
-1.418305305009606059e+02
-3.139384812617769782e+01
6.025471242659610027e+01
-8.258190885537447912e+01
-3.553240359886472532e+01
-4.323636112658795128e+01
9.946689143565026825e+01
1.265974233740774508e+02
1.235825754270032206e+02
-4.496548435088315188e+01
6.501560980152595448e+01
8.221850748029396527e+01
5.194054681472957569e+00
-7.753611525207473676e+01
6.556400858192424153e+01
1.458935099538259728e+00
-1.185925108737826861e+02
-3.585762995634820705e+00
-8.781011330074211685e+01
-1.744761537703875831e+02
8.674520176340158173e+01
-4.640533820259084763e+01
-3.520819040791348886e+00
-2.043036697456126092e+02
8.477303170519930120e+01
6.182416598746985414e+01
8.805216865511891911e+01
6.966326065704531345e+01
3.721924286062158416e+01
3.231373588078000836e+01
4.069397242719212215e+01
2.850579867303848047e+01
-1.238154714621047106e+02
-1.508563808169872544e+01
7.690310731677378442e+00
-4.260801597478246094e+01
-7.815816733181415543e+01
1.677418401312542358e+02
6.743842334067926103e+00
2.962991093487368843e+01
2.101374490684147389e+01
2.134572710587229665e+02
-4.175333629005226754e+01
-8.687903934781132875e+00
-9.424429050560429744e+01
7.216356367597371957e+01
-4.242533305256080212e+01
-1.677139395729838967e+01
4.823802270137458770e+00
4.765789992732675273e+01
-7.818137029625997059e+01
8.094416327535715538e+01
-3.550327101126916407e+00
-3.524046255632312352e+01
1.079820140815872378e+02
8.902421868720270481e+01
2.347074621433148778e+01
-1.278664518210547669e+02
-1.273395410991943777e+01
-7.006968280002767813e+01
-3.941514643160369502e+01
5.715268781644284957e+01
6.588404594639126799e+01
1.488541582609288660e+01
3.858774152897502319e+01
-2.995246378141671428e+01
-2.128436641992617240e+01
-1.187748373636633374e+02
-4.752148018312237099e+00
-1.532964663058037331e+02
-1.110021109404407902e+01
2.317827488647466794e+01
4.504296213298361806e+01
2.214624859271822288e+01
1.476484162515579044e+02
-1.870014319052563678e+01
4.825612129411360751e-01
1.589288651919523261e+02
3.692370440247473340e+01
-7.149455933144373887e+01
