3.427795794454842948e+00
8.151763779493616369e+01
-1.178121342338749002e+02
4.638568762322844918e+01
1.671463493195359149e+02
6.470100436477086703e+01
4.487500314258438294e+01
7.739704743166345224e+01
2.664633299234887787e+01
2.534842342719466846e+00
8.181472452544939244e+01
2.005788093138662589e+02
9.958455950590492023e+01
1.068570135812474291e+02
-9.253634287350305954e+01
6.873511644919199171e+01
-9.142320117694654869e+01
-1.504965786150092555e+01
1.550437832667221301e+02
1.187295499738749882e+01
-2.457937665935064686e+01
8.188279493902361139e+01
-1.254730446001541537e+02
-6.955326383270919166e+01
-8.178992450969035133e+01
-1.368521953069975723e+02
-1.380898842804256788e+02
4.496567184542351470e+01
3.614416601668318663e+01
5.621451078092532327e+01
-6.075349715282142427e+01
-1.768790844325278666e+00
8.890247207993921563e+01
-3.060474773999114717e+01
1.062451565328822944e+01
9.990625539993150994e+01
-2.752264513071328267e+01
-2.274228124103150606e+01
-1.626619836386678841e+01
1.830372413010903188e+01
-1.439185646589447032e+01
1.274477828145588916e+02
7.112568647893606055e+01
-1.725652865731307486e+02
-2.747503895913602889e+01
-4.993402414633227693e+01
-8.219370235994091445e+01
8.220109868009548393e+01
-2.991739009842081742e+01
3.913498694229564023e+01
-3.245997161058983238e+01
-6.423264668508622321e+01
-6.837702801030741284e+01
-5.250660318018736206e+01
2.814080439809056955e+01
-1.881999708400487847e+01
7.190004463469705343e+01
6.227688189553891362e+01
-1.574285947810629471e+00
-2.290226119511066472e+00
-1.192536663197076479e+02
-1.624589519665863691e+02
1.175529092187043467e+01
1.371672057013030432e+01
6.643619877032722343e+01
-4.535852783131599786e+00
1.358001980735125187e+02
9.125001030841549721e+01
4.759545520257404405e+01
4.800223732098515228e+01
4.725086618969437069e+01
7.823932958138175309e+01
3.299650017367336119e+01
7.200509554943084822e+01
2.721672546499417678e+01
-5.993622982300491486e+01
-3.974274583127628091e+01
-3.855939919318961273e+01
-9.201832363075469345e+01
3.306833499813547661e+01
-4.942643521085737746e+01
-7.275110452632713987e+01
-1.429527706042034367e+02
5.740806882211731299e+00
6.033524068931332351e+01
-7.812124910464309835e+01
3.128831646330536032e+01
-1.056526265475475839e+02
1.550913935777048493e+02
-2.440946140748926751e+01
-7.583194331127296550e+01
1.342470479975082469e+02
4.626600401469317347e+01
5.575542075374221440e+01
6.526850070145637517e+01
1.579435892943102999e+02
4.090399719858854866e+01
5.085093869109401510e+01
7.124953672629334989e-01
2.782380741180035599e+01
-1.160642476784068720e+02
-4.222455310417996799e+01
1.871274800914156629e+02
4.197729013025215750e+01
7.976601438920236831e+01
5.185307482139941015e+01
1.388252064431063957e+02
1.286520229733630494e+01
3.345845020444202955e+00
-8.963475152292974713e+01
3.393124256714421705e+01
-3.223153757706954536e+01
-4.330458776576956836e+01
-4.470145231961259213e+01
-3.868699176312529886e+01
1.152409264123514987e+02
-1.382180022591398938e+02
-1.288604234164152373e+01
-1.489047430856714804e+01
-1.316641124228714546e+02
-2.980027223034026918e+01
-4.169584569593816070e+01
1.727942673058140244e+01
-3.174967303795604678e+01
1.313769912919005094e+02
-4.879238499153155573e+01
8.001206727542739827e+01
-1.613424031427088039e+02
1.246174837111770302e+02
-8.024048619943607719e+01
-1.154881773722336362e+02
4.662561406104319417e+01
2.857744570500080172e+01
1.064770874452219829e+02
2.171521542976804753e+01
-6.287127994488760585e+00
-4.581541063937604719e+01
9.682499734874988917e+01
6.471075470037798993e+01
-8.807042647177495098e+01
-3.597460307593038920e+01
1.203477905494285949e+02
7.696781756742826275e+00
-8.651855731971095054e+01
9.335161710218618225e+01
-9.491209720037603859e+01
-9.959090379280284822e+01
4.907075080084720753e+01
-1.779513219952519165e+01
-1.265877829738215610e+00
1.090686738295015914e+02
-3.687976843735198429e+01
-1.544469447523589878e+01
6.135680005351717625e+01
-9.053696432769163494e+01
3.304827056602371016e+01
7.763147796060587780e+01
-5.890755193296338632e+01
5.424879926259340124e+01
2.618823712388654457e+01
3.698852567783446688e+01
1.162908497504493255e+02
-4.913121355617774810e+01
-8.450480557253131053e+01
-2.823767505785706788e+01
-7.275170265524918989e+01
-4.487433397399648527e+01
-5.344822665411457763e+01
-4.975068623599452877e+01
-2.959786136041004667e+01
-1.219337980079831425e+02
8.123672802935176662e+01
7.700372935742065295e+01
1.502248981237783809e+01
1.402295048427741442e+01
-7.622146295728445153e+00
1.157622600781822513e+02
-1.156564445392784393e+02
5.596040537253178115e+01
-3.276242783091566935e+01
1.104378742482502140e+01
-7.371556469272896095e+00
5.416871531075439350e+01
-1.022836985575436302e+02
7.385206858691903165e+01
-1.975560011874488850e+02
1.567727552094635541e+02
2.701062699455147254e+01
9.178506872014953899e+01
7.978180673383995725e+01
4.327635759053203657e+01
3.748417023066679121e+00
1.520700748879255002e+02
8.013255655327027682e+01
-7.181297511147425894e+01
2.982762805721678134e+01
1.945032005017511949e+02
-1.318113166385480213e+02
8.075359396116759569e+01
-3.524649118740667575e+01
1.062536604576424182e+01
-6.982846284341979981e+01
4.396049911751151029e+01
5.065715852117382667e+01
-2.677368960050949909e+01
5.460311158156059719e+01
7.966379959205674766e+01
-1.429473499942808985e+02
-5.798222578671076377e+01
-1.081279433375640195e+02
-6.429428991613929156e+01
2.457798576068005403e+01
-5.770123648315982123e+00
2.712673685933035017e+01
-8.047593138706052684e+01
-1.329835055205468031e+01
1.666145990648243185e+02
3.983896179361096301e+01
-4.943726593506514888e+01
-1.224204283803220328e+01
3.841457271931043138e+00
-6.938459313260278805e+01
3.013055510176609886e+01
-3.166616796187641469e+01
-5.429455674364066908e+01
-6.498426422156414617e+01
-3.983206339713424171e+01
3.714801952705796850e+01
-2.924757081841813644e+01
1.360856182941499526e+02
1.157304361632604923e+02
1.402976183245624213e+02
-9.178952107446423270e+01
-1.508328876420705678e+00
1.154028570913138338e+02
6.955322845990190217e+01
-6.505592075437622412e+00
-9.041162760712340685e+01
1.899454738709603703e+02
2.671044825338050543e+01
-5.036102358385517164e+01
-1.239378642496365899e+02
8.767672534569628695e+00
-3.832163359868902575e+01
-1.425069340875790544e+02
4.348951438310550799e+01
1.689564976262395035e+01
2.504223227050130518e+01
1.294232290922499260e+02
1.417379857892313844e+01
3.777645972304616961e+00
9.103008519498169449e+01
1.670965278733743276e+02
-1.828002632877950759e+02
-1.358313235806840247e+01
3.730379326741020130e+00
5.785387491043698560e+01
1.487160990170018238e+02
2.415133198890686117e+00
-4.558972588727728947e+01
-1.326089519001847350e+02
9.238581593935127501e+01
6.283587081002418984e+01
8.201420214275701781e+00
-5.765408011932608190e+01
-1.026883340176167394e+02
-1.561048395419367694e+02
-4.056837331026473237e+01
-3.585696211880333806e+01
3.124182572628702204e+01
9.837847568670474274e+00
-5.983300338484048808e+01
-6.126042981669438348e+01
-2.604481540085774149e+00
1.104487386567807761e+02
7.617858526806676878e+01
5.368550214668925946e+01
3.119509653165135887e+01
-4.461112987629522131e+00
3.972994138973374501e+00
-3.411578424271765186e+01
3.697790101669592389e+01
-5.500900644537790818e+00
-1.121318217070981973e+02
7.807624991313609542e+01
6.004110918618854242e+01
3.907200932072903043e+01
-8.872587969578937361e+01
6.341404203958594366e+01
-2.591519789248729211e+01
2.583382197494287169e+01
-4.201250639423167854e+01
-8.699107178648796435e+01
1.714179084163646394e+02
1.253524452869742873e+02
3.852583348091397397e+01
-2.215215696290174208e+01
6.794268618436601059e+01
3.627793886771869580e+01
-3.804407179255063198e+01
-3.577857458734695228e+01
1.782943397699122272e+02
1.132983007336460091e+01
5.535064446398494198e+01
-2.851413958645226643e+01
-8.227853196156330284e+01
-2.753857294481039375e+01
1.654930677905080358e+02
-1.333401438364458329e+02
1.008332834368445248e+02
1.375982794763044836e+01
-3.259462481388228383e+01
-1.576263240123216463e+02
-6.122568592792133302e+01
-6.816461238133946665e+00
4.951037698068117976e+01
1.118342578638995235e+02
-1.684060032897826886e+02
3.276472472892543664e+01
-1.714953976319798556e+01
-2.089411746358262434e+01
5.155011391500732287e+01
-2.875175501230385233e+00
-2.034415945501568785e+02
-1.057347125787459561e+02
2.985374564750879500e+01
-2.209305493798418851e+01
1.215970216311189915e+02
-6.640127925379302098e+01
4.128254229857435575e+01
-7.368925315057522596e+01
-2.089128709706832296e+02
-1.553918219702232584e+01
-1.750980668749043190e+01
1.176167944094688522e+02
4.624698754330864858e+01
6.979369231035953192e+00
1.629138555462018800e+01
-3.949130021535515311e+01
6.126287825860931235e+01
7.355160630145002187e+01
1.272084037429166870e+02
3.980053688416926416e+00
-3.860859824466618306e+01
-1.208625898395340812e+02
-2.848655263938549709e+01
-6.449706721206132443e+01
-1.035029926964615612e+02
1.326752160071117181e+01
-2.711693224551299295e+02
-4.886765175476746492e+01
2.510670598354471927e+00
-1.128578875093964484e+02
4.503278134156341928e+00
-6.885385419941765406e+01
4.662496957762839145e+01
-3.192331151303451406e+02
-4.144126718469038018e+00
3.400183532511827256e+00
-3.373773100248976675e+01
5.888191226734002726e+01
1.631986892636880171e+01
1.950489219102134655e+02
1.081042359867261560e+01
-9.644748293276420270e+01
-4.067814630384324204e+01
1.234172086864856794e+02
5.098518815360975509e+01
-2.033645248456889831e+01
1.006237573596756079e+02
1.661542780046048904e+02
1.205632234750051452e+02
-1.263027283225989663e+02
-5.514907500560386922e+01
-8.001190654580923933e+01
6.018243748736676935e+01
-5.353174387967469983e+01
-7.720224706434798634e+01
6.534071933761511275e+01
-8.187490712942165771e+01
-1.154275193378037159e+02
2.153942822790328293e+01
-9.775222547273327223e+01
1.400020838905060998e+02
-1.586993139584733825e+01
8.323148204759334590e+00
9.431636901731472733e+01
1.027667095630697531e+02
8.747901979709415343e+01
1.821064752595291480e+01
3.820647269603107787e+01
-7.691524371700701579e+01
-2.131273868228748469e+01
1.143265304830027134e+02
-7.352042552423691291e+01
5.166944360977193185e+01
3.749913398319893787e+01
-2.821608317091251372e+00
1.598772266952420580e+02
-5.222722917169178203e+01
-6.229002259441548262e+01
1.116760294119728485e+02
-7.923821565853899962e+00
1.486949097347043924e+01
9.499786047655862831e+01
1.040034461991185140e+02
-3.622887260698883338e+00
2.105283899097046287e+02
-7.129275362556689366e+00
-6.185597652623248877e+01
-6.175836655346998327e+01
9.576116820003352359e+01
-3.180033736024011759e+01
6.937805721711079343e+01
-1.217802669945911020e+02
-1.243817464394556680e+02
5.588535473228721884e+01
-1.272114417822899668e+02
5.961730354980105773e+01
-4.927890130344336939e+01
1.103732091873536625e+01
5.593650636299282297e+01
-6.796873376969574565e+01
-1.307580967332139323e+02
1.422528415015204075e+02
3.566094826328802725e+01
2.294712465858589923e+01
-5.201945579950768916e+01
2.993456579716755428e+01
5.983900588794431741e+01
-3.659972015084988328e+01
-1.213127703148705052e+02
-2.455482434982823392e+01
-2.615998048504842473e+02
-2.729003391591017547e+01
1.350961648713248167e+02
3.831602521795313265e+01
9.129106914916144433e+01
1.253138883626169076e+01
3.548948759588716229e+01
5.795622954152808859e+01
-1.776195726111096462e+02
2.093481448841310311e+01
-3.114649843791427131e+01
-4.922074192414223859e+01
8.767385923980185680e+01
-1.216039485257749675e+02
6.074935838540822175e+01
-2.068990488553287719e+02
-6.862055878488949645e+01
4.883126468639719064e+01
-1.090576770567834188e+02
6.232459101672284163e+01
-5.840927523698739776e+01
8.032427775256870461e+01
1.149089793615326869e+02
3.937467206136121689e+01
-2.039333385371676570e+02
4.730418022413577006e+01
-7.840196335846900411e+01
1.408179390468266092e+02
-1.342250575952599263e+02
-4.262623712076204185e+01
9.396692047590815378e+01
8.184021845303081477e+01
5.948169765875972104e+01
-7.855233888457310343e+01
-1.776490199148932447e+02
5.966194851470809368e+01
7.591255744601309807e+00
1.804796695059743072e+01
3.622808483129836787e+01
-1.249013352952332312e+01
-1.171801275595436920e+01
-3.750638044230501844e+00
-2.209107534037077869e+02
-2.734423376343260870e+01
-1.872704784717182136e+01
-5.038814086275881721e+01
-1.138246139910163635e+02
-7.912536338395182156e+01
9.308768611684672578e+01
1.365913454370826514e+02
2.115870765479527904e+00
6.974402711873338490e+01
-3.230324560959839175e+01
-6.419782342594535862e+01
3.804771642316352853e+01
-4.175921762446071028e+01
8.027924170005850613e+01
-9.977738774118562048e+01
-8.413508013112022121e-01
1.290407675006404418e+02
-2.564804942515197794e+01
-1.148487390980906611e+02
3.792973480400156205e+01
2.827910269473484783e-01
-1.040712631224977827e+02
-1.300882613861829782e+02
-1.214807308443579927e+02
1.219313233137575594e+02
-2.770619554167790000e+01
9.037647072062023312e+01
4.669554781154088374e+01
9.324063565170578727e+01
5.443200151853272928e+01
1.872865059562280976e+02
-1.375794375920808577e+01
-1.219881869179589700e+02
-1.665052085354624900e+00
-6.471503473777858062e+01
2.455150305284590502e+02
2.366594924228962071e+01
-3.508458332281061587e+01
5.566497551347114836e+01
5.605608522853513165e+01
-8.334510015347110823e+01
-2.730622165391570277e+01
-7.250828316950233443e+01
-3.041438404143207919e+01
7.759037139018883700e+00
-1.064833705517049651e+02
-9.498797211367042337e+01
3.394110823915130748e+00
-5.929454586028805352e+01
3.130623284822106100e+01
4.635334548686739709e+01
2.066773029752761115e+00
1.429829255753727466e+02
1.499186680087441061e+02
-3.396643781732773704e+01
1.194565099572389073e+02
1.764960529247106535e+01
6.565683147197520952e+01
-4.151529339899061455e+01
5.805970403192564078e+01
1.456060350838408235e+00
1.559248172004488140e+02
8.939140749973097044e+00
-4.201725262686018425e+01
4.158087155459406858e+01
-4.973908170672748952e+01
5.064234697948627684e+01
-3.304263844103755332e+01
6.528024020603339750e+00
1.024802365603444372e+02
-4.400097421783200247e+01
-3.953005280747362349e+01
-5.059168981815629351e+00
-1.731681064757008670e+01
2.195905278869055177e+00
1.014739597756708065e+02
5.998657280291011062e+01
-5.718842821054541048e+01
6.511302018515114298e+01
2.190992830439461159e+01
-5.192978502693514287e+01
-1.540805615972317355e+02
9.828688155452381281e+00
1.194014075577987768e+02
-6.259003631129716894e+01
-6.960281753292294127e+01
1.283179640877231407e+02
-1.525587432407321486e+01
-8.664323094095213662e+01
-1.011913138935020839e+02
-1.104949543962152063e+02
-5.059658819042717681e+01
4.928139520800304751e+01
1.944818903473236276e+02
-6.741483439268255040e+01
4.162288880222818932e+01
3.365329929765130146e+01
-5.123581131313513737e+01
-7.259596690678000286e+00
3.215232632614223007e+01
1.551981694701346441e+02
-7.544001199721893158e+01
2.478524607752224540e+01
2.199470418501034175e+01
-4.276759021989455078e+01
-6.606373822799343998e+01
2.962451012093571201e+00
8.027080316714625496e+01
-9.379801154023309095e+01
-7.823318684008316382e+01
-6.157236697747563170e+01
-2.430911445514474067e+01
3.007986074479355310e+01
-1.330616690263718453e+02
-4.414966604862230071e+01
1.378576936311857821e+02
-2.708642818661513019e+01
1.748188516426132821e+02
1.089527319433342853e+02
2.714442451795141054e+01
-2.258313402590722418e+01
1.489225589784897181e+02
6.502363714152099305e+01
1.335470963634332122e+02
7.269676597368864179e+01
1.355695306149318355e+02
1.684635232398068894e+01
7.231688091652175387e+01
1.231516448164998501e+01
1.130015225541423085e+01
1.722524772052686899e+02
-2.383300244334814355e+00
2.187756374784907720e+01
-2.348764921860388988e-01
7.488483228396562197e+01
-7.200548848711947869e+01
-1.031612666709308357e+01
-5.631597241271270349e+01
1.192198014690324328e+02
1.134773429328454029e+02
1.726558361212287593e+02
-1.769608514263282473e+02
6.442454880876962875e+01
-7.937790314210426246e+00
-4.956242999203066546e+01
-8.735838673255111075e+01
-2.993932918573063873e+00
5.599643524966628405e+01
1.460621387367453679e+02
-5.970758882928583233e+01
-1.047290276771876165e+02
2.374570579938472292e+01
-1.847821048216482325e+02
-1.384281429049237033e+01
1.322489244737452907e+02
-2.577075555784286109e+01
-3.757542201431505902e+01
-5.858499660518320695e+01
1.639463094651976292e+02
-5.054191109787397806e+01
9.136255344949830715e+01
-2.056068714701204385e+02
6.399510222015174499e+00
-1.978535189164238943e+02
-1.414047398849091906e+02
-2.785592566921994617e+01
9.335351980002931782e+01
9.300389848513587765e+01
-2.784700386190777621e+01
2.691075211316085714e+01
-6.679751751536859672e+01
-4.942180152599228649e+01
2.631909052787663938e+01
-4.984246759430083529e+01
5.400299364314025041e+01
5.375894071332700008e+01
-8.174777785358820381e+01
4.142313973786395565e+01
1.505732828658816516e+02
8.571700056558462677e+01
-8.129088096078831427e+01
-3.892401113627559539e+01
2.530740308769011548e+01
-1.645831622668094951e+01
-5.008420251474586138e+01
2.055801850272285947e+01
-1.313683603685969672e+02
-1.046730401727864646e+01
9.851328926684587373e+01
-6.520625965409219305e+01
-5.366490454307748337e+01
-6.292622777373390619e+01
-7.087400346189265576e+01
1.389092734340673871e+02
-3.028762962562555927e+01
-3.009658387432018500e+01
2.771026785884839327e+01
8.151114870446221516e+01
-1.408004710644109814e+01
8.615045353855725452e+00
-1.730338096040524647e+02
-2.368562009954123582e+01
-6.467264012861349443e+01
-6.520709880772031397e+01
1.499937343173806248e+01
-6.049329569808769236e+01
5.334216148857019668e+00
2.013236421009684562e+01
-3.556441588004253163e+01
9.918435110536658783e+01
-3.132434356485215687e+01
-1.680187229810405825e+01
-5.285106757160284729e+01
1.599195791993041098e+02
-2.412418495044707356e+01
1.754256405598666291e+01
2.930267269382324713e+01
1.504059766354738814e+00
2.716360265095095770e+02
-7.084837942094034702e+01
-2.999152533504210894e+01
4.061440434779149911e+01
1.161976486834991640e+01
8.817744547738180927e+01
-5.013193984255520519e+01
1.285683323680020180e+02
-2.734696249775999988e+01
-4.799659409672526067e+01
-5.105619215334556316e+01
4.552827562227101765e+01
-3.105982965701056742e+01
3.319417881931850189e+01
-5.394818900059038214e+01
5.650934913421915340e+00
1.487376037640284778e+02
1.726038301323394819e+02
-8.971627475240941862e+01
-1.134211631891793104e+02
5.901096357301618411e+01
1.633881782446729289e+02
-5.877857828156685116e+00
-1.731872693910073480e+01
-5.471487690359312239e+01
-2.096888371367447235e+02
9.555376365890072066e+01
1.336711451865061235e+02
5.540804197725926628e+01
5.105697841603509346e+01
4.661194763627266013e+01
7.910676482500745976e+01
-1.650405137671620537e+01
-9.039974000098861495e+01
-1.472632608314240770e+02
-1.239964672332785511e+02
-4.046593673761852017e+01
-2.794215165774140530e+01
-2.097653119116336384e+01
-3.073004826402090828e+01
1.338733400000248253e+02
1.251881515712231163e+02
5.343375392023906301e+01
-5.535270150294155656e+01
9.157396874326367708e+01
9.436245392833934886e+01
2.500755459567724515e+01
-1.102164070238170837e+02
6.480105325667460647e+01
-5.887359551728646068e+01
-6.135980415143385613e+01
4.759441500344232878e+01
-4.127850962387101674e+01
7.891394135724604553e+01
-5.062018286468256179e+01
1.139477940549739969e+02
2.418365638236134885e+01
-6.084524144904639797e+01
-3.449965224644960671e+01
2.899540345646775563e+01
2.521053924439417671e+01
5.944196309786406829e+01
3.573334787983799288e+01
-3.389138393998516818e+01
-4.473006170351705890e+01
6.534603375742501896e+01
7.236232940672054781e+01
6.447227109516414600e+01
4.157420209974613101e+01
7.474010936701545038e-01
-1.251120706749300382e+02
-1.953850957402659390e+02
-3.522607986521387602e+01
4.867607800072413227e+00
1.459442810413059988e+02
1.048184752727196241e+02
3.461739215858405316e+01
-2.701850102829187250e+01
-7.379023151846085682e+01
-6.027579582891356580e+01
-1.013789358377859742e+02
6.824655461940507450e+01
-5.625222437318637958e+01
-1.183236173647754441e+02
-1.732048395040978903e+02
-1.033189817685446883e+02
8.233641307271935261e+01
5.423645015330875196e+01
6.002861991577934475e+01
-3.110111812714666968e+01
-5.186274314627159754e+01
-1.261577677812958775e+01
1.878775122251474583e+00
-8.562480616064076955e+00
-5.360248647509853015e+01
-1.961576299153740024e+02
-1.418957009432416498e+02
-1.567631161997781497e+01
-9.436256906640673847e+00
-1.129388612139757413e+02
1.503031093742981206e+01
-1.233969049337045192e+02
-8.422276922112486375e+01
1.038956332662577040e+02
1.519032982132545229e+01
-4.383929799361584401e+01
7.326382829593214296e+01
-3.416603485199701851e+01
-4.628070352911837659e+01
1.143636407311923904e+02
1.104794466978107863e+02
4.477951618827695768e+01
3.586906098878566951e+01
-9.859963563925099095e+01
1.369582734967307829e+02
4.384964486093196712e+01
-2.083115438204707903e-01
4.163627137265574873e+01
-7.843706878227624024e+00
1.341899639878878361e+02
2.669498879760429322e+00
5.147253189075192381e+01
1.933165943093807826e+01
4.739083670152602679e+01
-1.014531246937885527e+02
-3.422532980176791995e+01
-4.110064403443452363e+01
-1.914595165102795420e+02
-1.260319198433530374e+01
2.079069004237910079e+01
1.083733995939939803e+02
5.289946582638728501e+01
-3.340929804640870771e+01
6.780572785782855760e+01
2.626036711338566576e+01
3.289077254846711895e+01
3.829392696178985034e+01
-4.884707516808507677e+01
3.966340500907423916e+01
3.264611997989674563e+01
-8.941347032828880970e+01
1.323654648941217147e+02
9.214364895911657527e+01
1.410244592170251678e+02
1.602829095287800953e+02
-1.290329401602913606e+02
-7.597081237429701162e+01
1.477018374209672800e+02
5.275314778349607536e+01
6.922785967521886619e+01
1.714170809331357681e+00
-2.947432803075160024e+01
5.023295591895761447e+01
-1.593437821207297844e+01
2.557608493763637370e+01
-1.137258437642854281e+00
-2.589776313282598608e+01
-2.594067128783400289e+00
7.574466846356546057e+01
1.207330387509998673e+02
-5.360754293008586302e+00
-1.533025148727766407e+02
3.004742149651406180e+00
4.751186324716957898e+01
1.206809427437872984e+02
-6.918439101398753621e+01
-6.346448457101965346e+01
1.399459177744282101e+02
-2.975591735726153786e+01
1.625614948188560334e+02
1.505990661177694179e+01
-4.854178176140775491e+01
-5.099622835102255891e+01
5.011072293346472861e+01
-6.301118785763984675e+01
3.149107213224763058e+01
6.160661979192656013e+00
-2.788210529238917701e+01
-7.121844889568255610e+01
-2.618994295771566527e+01
1.576666208761304055e+01
3.488416404454589070e+01
-6.567135522623867416e+01
-2.555151213029542845e+00
1.340337523233308445e+02
4.667069000298602077e+01
-5.017991651437513667e+01
1.336641762039890580e+02
-2.546041134211653656e+01
3.476487064740497601e+01
-2.974731211370899331e+01
1.103422386654095817e+02
6.043016571612714927e+01
8.024446939183923178e+01
-1.425814062080356948e+01
7.100470744982889926e+01
-8.969985084760155303e+01
6.008538381989936994e+01
-1.454218697913318792e+01
3.290848069071003579e+01
-8.751660832009281421e+01
7.603174472797580563e+01
-4.238001520603656047e+01
-8.527217424561321479e+01
-2.202119339373744822e+01
-6.254026764183771547e+01
-1.618442494156370870e+01
1.345136551601677013e+02
1.554633289806312746e+02
-1.265844982236799723e+02
-1.441195661280895877e+02
-1.140518669496474899e+02
1.675715231103491760e+02
-3.963764488834168986e+01
5.732963331713906996e+01
5.509063499024533428e+01
-5.302175765438647659e+00
-9.167095323580433330e+01
-7.286311886141477601e+01
5.495396576831165225e-01
1.339219964318114080e+02
2.684532891205461347e+00
2.535686466976314435e+01
-6.497687973118823379e+01
-2.746596534878803197e+01
1.288640530892520886e+01
9.014156842877432041e+01
-4.014146400064117870e+01
2.829894767883248718e+01
5.210496384953894022e+01
6.367587573985677096e+01
9.818562815288379397e+01
-6.511479128914101189e+00
-1.293389109518765849e+02
3.637322949092144597e+01
-6.404333435141772668e+01
-3.198321730463069557e+01
-3.761400885298937791e-02
-1.010811027754229912e+02
1.331815743301228565e+02
1.071976884821955451e+02
8.983290974932035056e+01
-2.111346326570015464e+01
-3.023355767828645924e+01
2.064847268890370291e+00
1.203382646378338592e+02
-1.814458830241161280e+01
-6.691257090853619616e+01
3.747669366742204744e+01
-1.835849517149424770e+01
-1.129929182770387683e+02
1.006997893534386463e+02
4.921008134162737946e+01
3.936410085872561915e+00
-8.095591162652216610e+01
-7.459140492794502109e+01
-6.986514207159331136e+01
-6.061848322878487494e+01
-5.401267029778541229e+01
3.630990081520103274e+01
-1.981950673386160986e+02
7.664151286932421669e+01
4.146857336808721328e+01
2.336147146010800313e+01
-5.585264817849900965e+01
2.613300167029520367e+02
-8.085723274838017005e-01
1.192868067943188777e+02
-6.675879152403692274e+01
1.133497666178726888e+02
-1.463165859404779496e+02
1.643775630147966353e+02
1.426283053519618989e+02
-1.284082551650934079e+01
1.265547505507490200e+02
-2.111859693622858742e+02
9.415772788248129643e+01
-6.392808134909931539e+01
6.304647770122425499e+01
-5.860510642517631652e+01
2.934801517388816450e+01
4.820765765875152375e+00
-1.163181807440338105e+02
7.652113530191640223e+01
-1.099345701192900826e+01
-3.233885713439087084e+01
-9.084378971344591491e+00
-2.504983738141962135e+01
1.771059956605332104e+02
-8.859387006851285662e+00
5.437463923399777599e+01
-3.342499492228514413e+01
7.048178875722746284e+01
1.480529978781028655e+00
1.537986337195210069e+02
2.287860017644936192e+02
-1.367616604562116933e+01
-3.835355519255499956e+01
9.469659437065305951e+01
3.389092294629159596e+01
-1.961467309723722394e+02
6.486705365186071504e+01
1.163404391318408315e+01
3.514389437781651537e+01
-2.280545494752094982e+01
-8.332068889565573500e+01
