1.413167212730785707e+02
1.176174890964163495e+02
-1.435495958696122898e+02
1.851389778689046395e+01
-1.553102139793109302e+02
1.119964292169445770e+02
-5.916158151295962853e+01
-1.407069208278300323e+02
-2.583933778443843465e+01
-2.489617815241282983e+01
-1.843635576782803298e+02
-3.417885586062615744e+01
-5.503822669411311352e+01
-9.227853500584411961e+01
1.438255613364865440e+02
-1.195113088547681741e+02
-7.964812413158445281e+01
1.248764190551736242e+01
9.370881510789199353e+01
-3.861232524866873206e+01
7.829403522145955208e+01
1.075253159701461669e+02
-1.677199199644165049e+02
2.141977211889234525e+02
-1.336166318036767962e+02
-1.195902760478801099e+02
1.579774659380285939e+01
2.178650920950572001e+01
6.594837261780260462e+01
-1.019033455736556419e+02
-1.352381890162068778e+01
4.404385093486009595e+01
7.249070385048071330e+00
-2.769046116748987885e+01
-1.126839101931373222e+01
-8.372334603353084503e+01
-5.790933765249845777e+01
4.358698735989914042e+01
-9.817654580217833882e+01
-9.246560029375504541e+01
-4.790612291161089331e+01
-6.294210699634812833e+00
6.714419514106509723e+01
-1.821145429646934133e+02
1.868048490715637300e+01
-1.384932077905211543e+02
2.205846582211848528e+01
1.181650385666594474e+02
5.265338363494459628e+01
1.774477237339482087e+02
-6.662043896737854709e+01
3.779946872740790553e+01
-7.102258126285451389e+00
-8.770855311021870548e+00
-4.945047686987885527e+01
7.021048701297742411e+01
-1.071146879100082288e+02
-1.001303217203976459e+02
9.977229215005195329e+00
-8.419992055601645120e+01
-9.749567436261729370e+01
-9.357782162697208150e+01
-1.201629147599519882e+02
-2.627025938632631608e+01
-9.797352952867510112e+01
-8.519600422750234259e+01
-1.797427867073159575e+02
4.852312846954224490e+00
3.452390493368108793e+01
8.441657409800086498e+00
-1.461147739456155819e+02
-1.648417665349584809e+02
-1.414837381520471027e+01
-7.271539376170912305e+01
-1.387449561646391949e+01
8.903655094524060232e+00
7.717499445985673390e+01
-5.768944522104786188e+01
-4.438199777047047689e+01
-6.455625815921490585e+01
-2.513118049596479864e+01
2.993977658676766396e+01
7.081068678710111364e+00
1.230234758825272507e+02
5.603020817955899702e+01
1.524236700694517879e+02
5.422449749426995425e+01
1.542351382545143110e+02
1.545046300993259649e+02
-7.315867366094949809e+00
-9.698736756470300691e+01
-4.210963850834522759e+01
-7.847501831338631106e+00
4.359137091606250891e+01
5.447392970722322048e+01
-2.180227537097048014e+02
-2.115295166805280047e+01
-6.513975667084683607e+01
2.153121869060856000e+02
5.714196368985133745e+01
-4.455205750364306994e+01
-8.067692371960185937e+01
6.672417017982854759e+01
-6.980571312142023999e+01
8.248597379119618722e+01
6.130095812145193435e+01
-1.044251935074995288e+02
9.827538274722842360e+00
2.677054897972378456e+01
2.054080141447434471e+01
1.240107839835281567e+02
-3.207805703697367505e+01
-2.358552886956741546e+01
1.529012638244787148e+01
2.052875589505724818e+01
1.438240019882815943e+02
2.831029705967373644e+01
8.062929032865825718e+01
-1.766863508826674689e+01
2.525338248013608222e+01
2.820948375337889757e+01
9.630089186361496445e+01
-9.804199327448679924e+01
5.313168625581413096e+01
-2.992664130570098280e+01
2.398921064538920334e+01
-8.745762861503233410e+01
4.347809613094960923e+01
-1.488268564748089489e+02
4.963553781214859839e+01
1.065588360055194102e+02
-8.439847966332003182e+00
1.763681182941835459e+02
1.359728645261388280e+01
-3.178949932663148203e+01
1.527422009279666213e+02
1.222995925994917883e+02
-1.317686806189753952e+02
-6.284720456199904248e+01
2.494918080455742171e+01
3.440476701229331979e+01
-2.564279431527258168e+01
9.686392064150628300e+01
-6.531734796587082315e+01
7.705856447273622223e+01
-1.564393242860153634e+02
-1.005947882357728531e+02
7.151295818653188086e+00
-7.378677204994569649e+01
-9.287503555038477998e+01
1.538998116554000717e+02
2.415194349441339483e+00
-7.589330216903574922e+01
8.568609223006855302e+01
8.125737167784741644e+01
-2.699368801689826469e+01
2.865082946363855143e+01
2.505305367298168733e+02
-4.013214885803193255e+01
1.212121357693013124e+01
-9.240173473856383168e+01
1.341936771410606752e+02
-8.866065329608373702e+01
-4.947885776848403339e+01
1.670679273013135457e+02
2.213058413402837488e+01
-1.073831928197387100e+02
1.575693127283921342e+02
7.599420852963157813e+01
7.680723835920203157e+01
-7.470592446075447413e+01
3.062726505697481727e+00
1.635027269465162760e+02
3.256741588056028647e+00
5.009295451500682361e+01
-1.268143825932476716e+02
3.256559616943854962e+01
-1.149676790607677930e+02
-7.487919868773383314e+01
4.494360297638959878e+01
-2.565655022642895133e+01
4.436834229349159386e+01
-3.590426950079491775e+01
-3.654732908159510885e+01
1.111502062973823790e+01
1.195944404851345979e+02
-6.050491639202504501e+01
5.693701997776418011e+01
7.045139153489462558e+01
2.977561759991454338e+00
2.201797839899318987e+01
5.734620234905963798e+01
1.300053534349005169e+01
7.246774207872424256e+01
-6.825497022222575083e+01
-1.321167383027874109e+02
9.032059630965122210e+01
1.500738510830037740e+02
-5.348055583834617011e+01
-1.226679239351872468e+02
8.310929475581419013e+01
-5.205851975168095436e+01
2.971577710534980454e+01
-8.807745336208142817e+01
-8.528466981265445668e+00
7.432057823583558331e+01
1.373176051055676083e+01
-1.121545367987131527e+02
-3.694552864219362931e+01
1.312881450597501214e+02
-2.642263424000861960e+01
-4.295236496914353808e+01
-4.652797030793170308e+01
-2.269323067482041978e+01
-1.124604478633314386e+02
-2.028043569158939192e+02
-1.672191240785895872e+01
-7.059124100349926323e+00
-8.411187735097065854e+01
-1.625789121846688090e+01
-2.149755776344850844e+01
5.143599814081608912e+01
-1.951347490998151457e+01
-1.838613415649167280e+02
-8.384231170599824168e+01
1.978205886634474808e+01
9.390352868472594139e+01
1.040775619700165748e+02
7.006320084015695215e+01
1.612267129864732595e+01
2.112454344932859840e+01
1.344874855134001379e+01
-3.414833833089485893e+01
4.774064571928980172e+01
5.597598108821260610e+01
-9.840964513460036756e+01
-7.376948041864441308e+00
8.468100318009135208e+01
2.536713081426587912e+00
9.545155638087194916e+01
5.193183361502025264e+01
7.980358529705745241e+01
1.246836846033801294e+01
-2.209303726259996381e+02
3.053474629196450607e+01
-7.018943496428205719e+01
1.127860665939431328e+01
3.156680412775887490e+01
-1.990933427477140683e+01
1.652397991137643203e+02
2.978026739603997441e+01
2.461863930718977755e+01
1.568227734667775763e+01
3.251323714690010291e+01
-1.010159477321682715e+02
-1.932523325964139227e+00
5.047578788566356423e+01
9.898964983494305159e+01
-1.191168409252854730e+02
-2.389696257889824835e+02
5.584794490401544920e+01
1.582428025142745014e+02
-1.460657084415547047e+01
1.585851987219795376e+02
1.175832973649402362e+02
1.001288103822385267e+02
4.181016157723657045e+01
-3.536190990486901597e+01
-7.951963578184296466e+01
1.192673346858009076e+01
-1.678462033877846338e+01
-7.604251762707919227e+01
-5.100553232238032564e+01
4.714019579884273270e+01
-1.478167620418519945e+01
1.613998290454514972e+02
-4.761154185919305348e+01
1.603625688726686747e+02
-1.386325605577153475e+01
1.704244385302638136e+02
4.865531753513678126e+01
1.465402253141634503e+02
5.395967694024680839e+01
-7.610272840643439451e+01
-1.943554480617424076e+02
1.042780630379725579e+02
-1.768594292658421097e+01
-2.149406705569916198e+01
-6.553942412777766435e+01
-4.329417567766951436e+01
-1.077646514969013793e+02
1.074412472035943438e+02
1.133988247010155703e+02
-1.801393335608879820e+00
-6.402770272754474945e+01
-1.081853385928629407e+01
6.980300887915061026e+01
-1.421823061748738048e+01
-1.382116817519303709e+02
-1.859041569243475749e+02
-1.870941191992367578e+02
-6.719719501781531790e+01
-1.439331980663624666e+00
-2.843005122454087896e+01
1.222233469987443399e+01
-2.409068106429200782e+02
-1.277296590091612138e+01
5.984641050852094679e+01
5.949320457805232110e+01
-7.716801436883358178e+01
3.401013577887650996e+01
-5.825245555550341514e+00
2.038102571771954530e+01
-1.691864652710807491e+02
7.501335920354202358e+01
1.348328894594313567e+02
-9.613282730066059401e+01
6.811815717331624853e+01
-7.838631961097809153e+01
1.526102211391528352e+00
3.314874544220339203e+01
9.997762870526021572e+01
-2.736078722397013507e+01
-5.956708026702255410e+01
-3.657084110098658414e+01
-2.064689514346512933e+00
7.328678928365164325e+01
-1.621754747257338067e+02
5.595079506251622803e+01
-6.337319497909516741e+01
-1.274593582270802727e+02
1.525701904467639451e+02
1.494328289157534684e+01
-2.902770453674254725e+01
-1.503293211971240453e+02
1.934592168143896007e+00
2.958423656082808151e+01
-1.411089481997137511e+02
-2.008931672706443408e+02
3.966795675826481471e+01
9.357903027156666553e+00
8.809434785088980391e+01
-4.238644674370897292e+01
1.354075045280385154e+02
-1.377554372239002873e+02
1.045313005244159257e+02
-6.869710936265748025e+00
-7.066113639327596729e+01
-6.735276329839423681e+01
-4.902962056019276815e+01
-1.949379102201940270e+02
5.923573852937907702e+01
9.972878802092559170e+01
-3.231363942210020213e+01
9.065502383087938654e+01
-1.782559252672134846e+02
4.779836000038691424e+01
1.118556711868650950e+02
-2.364174640521092741e+01
6.639434581558512605e+01
1.140904607544511720e+02
1.156264730858343626e+02
1.404682097291626803e+02
1.757234095472279591e+02
-1.001879919398119796e+02
-2.004741738720322886e+01
-1.323868371179760857e+02
1.013273030792324221e+02
1.600131146353782867e+02
-3.379168979122234795e+00
3.371948725900977450e+01
2.213129691575888387e+02
-9.288089886042780563e+01
2.180408273460560764e+01
-1.135060152727321992e+02
-3.509316566840181117e+00
-1.001505907575590300e+02
-2.717195500563563115e+01
-1.344864462165076446e+01
5.689249052958506070e+01
-2.971170900123732039e+01
-5.355337876312599121e+01
8.535515788768576328e+01
1.387006143382915582e+02
-1.025442551605936892e+01
1.408877857627458354e+02
-1.295690391656568465e+02
-1.493899180112636031e+02
2.439598624359387102e+01
1.049991436217266170e+02
-1.439536610065320232e+01
-6.180559910823669867e+01
4.119724855724723511e+01
-4.867188138694092459e+01
-3.452430193555080962e+01
-1.833780521964625336e+02
1.270866419499080564e+02
-7.984330269884827658e+01
-2.191380233369915231e+01
-6.949060052462174042e+01
2.559160552764297236e+01
-7.768386398476077659e+01
1.161341066353915465e+02
8.206915395268296720e+01
-9.603430815567170953e+01
1.962500816121809635e+02
-1.116570929839661517e+02
-4.362520629332444599e+01
2.617390741481729677e+01
-3.803476711375391517e+01
-1.276967322830336684e+02
2.286466927765960477e+01
2.727459728006402315e+02
-5.050873266469127998e+01
-8.315234242608987358e+00
-7.247346346330218125e+00
-2.287912543934787735e+01
-9.953132958764861371e+01
1.447267614184103195e+02
3.587231454139813280e+01
-1.084142274317933641e+02
-5.233985490935982909e+01
-6.522877644869429048e+01
-2.166711561035882880e+02
3.039533459854953268e+00
3.697468902393595158e+01
-1.305560148041044499e+01
-2.206003129428288290e+01
1.211546061931271225e+02
-1.525731432601948256e+02
3.364403548237389430e+01
-1.016056992518200417e+02
2.876203156872458777e+01
1.313385448812107370e+02
-4.886113760660308003e+01
-2.506483901550088547e+02
-6.929958370476445850e+01
-8.946346500962202697e+01
1.073489066548247166e+02
-1.135726742633951147e+01
2.161538361433785269e+02
-1.454216895288326441e+02
9.105212197956126374e+01
2.301657748748610999e+01
3.679505123750514084e+00
2.301508073888886230e+01
7.940938104739407777e+01
-1.249575740075314485e+02
-1.141491105068971201e+01
-4.781248072868019960e+01
3.504781099881383000e+01
-1.523050884981818740e+02
1.898578669606731495e+01
-1.147550037864624954e+02
-3.487520360217493121e+00
1.415970959946303083e+02
3.952935597726073613e+00
-6.602932939019652281e+01
3.025226844410972404e+01
-2.275773139384005717e+01
8.936223530949214933e+01
-3.384694770101597783e+01
-2.210730432113190886e+02
-3.492138894799698789e+01
-1.144340831446735862e+01
7.971528635207899072e+01
-1.427297379252160567e+02
-3.796503778102578508e+01
-1.206110220571702314e+02
4.213708285986712099e+00
-9.168587444793088181e+00
1.026336051071911584e+02
-8.349658975388203430e+01
7.729269022661041788e+01
1.060186955913267752e+02
-1.283956317430644276e+02
4.808594987985393310e+00
-1.497728935494786811e+02
-1.209240686319303393e+02
2.299229629906472638e+01
6.012781991689368510e+01
-2.226945905300137696e+00
2.768620698175899406e+02
5.362066037793694306e+01
-7.666264238860594560e+01
-7.113178687714268733e+01
-7.388635404510014837e+01
-2.263100112298244593e+00
-9.639637890005697329e+01
8.376923203193831569e+01
-9.130861182485762129e+01
-1.072630195987019874e+02
1.215901192227313743e+02
-2.824219576341148752e+01
-1.006183254405761716e+02
-2.558738284679199921e+02
-8.463829906572024697e+01
-2.703180242705412795e+01
-8.972838997065515798e+01
8.917463515641942706e+01
8.871638983039791526e+01
8.496605709933042760e+01
-1.021612484818944040e+02
-4.214100184635066171e+01
-7.736372785086446413e+01
8.921768690610964114e+00
-1.072198537344031024e+02
1.947074702890470377e+01
-2.604463054390484089e+01
-4.998643669702415337e+01
-2.973466470434738795e+01
8.249803316096519268e+01
1.306627871617416048e+01
1.268207978353656955e+02
7.954506750925871472e+01
-1.288406541447176146e+01
-3.968348092784813730e+01
6.663334802747252184e+01
1.947443087532098787e+02
-2.583329064994740776e+01
8.904449772246502803e+00
-1.115068075598443231e+00
6.343917949297443215e+01
-1.897105122614343031e+01
1.715249920314959695e+02
-6.452447443122744630e+01
-6.922427297700546944e+01
-2.211008508067129341e+01
7.764432201416123291e+01
-1.358721717183378246e+02
-5.224216975670150731e+01
4.870716586081800692e+00
1.233386963146916138e+01
1.200119880770403711e+02
-4.831521407905854204e+01
-2.050824781941959074e+01
-1.898288231159728809e+02
4.944708615292552878e+01
1.499273382146580218e+02
-1.008561652974955081e+02
1.860660201210678792e+02
3.584023673980581037e+01
-1.954022407566088049e+01
-1.921189200816919254e+02
-1.063409339150024202e+01
-3.185438776902296354e+01
-2.426208081486293509e+02
-7.949855681898088733e+01
3.616581958701753052e+01
4.210681354088194439e+01
-4.151767085137186797e+01
1.944217736783651063e+01
-3.777059217799768476e+01
6.130890479507935709e+01
-1.408388623789302052e+01
1.822516466774117134e+02
-5.503842202076888412e+01
9.238689941897189062e-01
1.217352643331704627e+02
1.020107460911792430e+02
-7.200062187130170344e+01
-4.106995276015804563e+01
1.630866188561967078e+02
-4.905718438043101060e+01
-1.595871401850156701e+02
-4.656564095894015765e+01
5.092107162783709384e+01
1.520031775781083354e+02
-1.835552521879094741e+02
1.675438979386981941e+02
7.592288336852625719e+01
5.233874833566157037e+01
-1.659075311575512046e+01
-8.261680116122782636e+01
2.999069321364227108e+02
4.652758954271816094e+01
-1.106775449196146042e+02
-8.733776644390708555e+00
7.920225432589407433e+01
1.932929906489765415e+01
-2.687063172006662626e+01
-6.160272858230253945e+01
-9.131928456305945474e+01
1.025325324488587420e+01
-8.895211093862370433e+01
-1.285289591817177950e+02
1.094957868510507950e+02
1.396872748285987882e+02
5.922686495294546205e+01
-1.277384071418941147e+02
-1.480061982378124981e+02
1.203769358780505172e+02
1.683683093378515423e+02
-1.906244120273693738e+02
4.683354051594790946e+01
-1.157299407042653883e+02
-6.514054468383150720e+01
6.272751732473901498e+00
3.592263503611814457e+01
5.201834171498720849e+01
8.957996504323297415e+01
-1.475709689530743329e+00
-6.633463960467234699e+01
7.804403679371434066e+01
6.177805302004340149e+01
-8.383316376453311136e+01
1.267704116849199103e+01
-4.241648817775777047e+01
-9.056836151822172098e+01
-2.531096855537519019e+01
-1.174572438814738291e+02
-2.054366667482468145e+01
9.700963562018982600e+01
-1.229729088885604114e+02
-9.828883634393461932e+01
-1.678345159264812025e+02
3.236621978367513464e+01
-1.820879027207312717e+01
3.331095924967873856e+01
-5.441592115212647940e+01
3.129404800316860502e+01
-8.686195104107824250e+00
6.617910771865571462e+01
7.613312202135449525e+01
8.650171674774956898e+01
9.861084226952213783e+01
-2.372879275745380312e+01
-1.208410732094742883e+02
-3.889037941224321315e+01
7.381949744341325470e+01
5.879581025443911102e+01
-6.825451221383477929e+00
-1.433330777189004550e+02
7.330080740950450036e+01
2.177810750822735031e+01
5.179225951971904607e+01
-2.070986939932454050e+02
5.250670752747991799e+01
-1.045155358376240002e+02
1.774720669199498957e+02
1.013246404988328067e+02
1.818424920388807564e+01
7.130759117354863008e+01
-4.835064927301875315e+00
1.421011259179304318e+02
-8.657961074645453436e+01
2.631426242775160063e+01
1.287279017463226012e+02
-1.219587379211861844e+01
-8.213851552734490724e+01
1.549007280906955373e+02
-1.538356424773384106e+02
7.204650202396824454e+01
-1.423871288120418512e+02
3.527817001246932449e+01
-1.324554739789386417e+02
-2.245343623410117004e+02
-3.495671783368456431e+01
1.660798520125605293e+01
-7.840639711370097586e+01
-7.398800491986673933e+01
1.844314051808396471e+02
3.199214868852293847e+01
-1.727351155981493847e+01
8.499614559274459680e+01
-6.385980907249188476e+01
-1.984239196433898940e+02
1.610740795832989534e+02
9.757978811399937058e+01
6.320705099954055584e+01
-1.061018996862770365e+02
1.167874412560793651e+01
-6.163183575027724004e+01
2.104930894923137075e+01
-6.819048274020532929e+00
-8.042689613432706608e+01
3.456484896821036301e+01
1.017020455280725599e+02
2.677069918054839377e+02
-1.343756841389814838e+02
-8.517130172591789972e+01
-2.791873723303988442e+01
-4.157710788710188154e+01
-1.407110144312753732e+02
7.263511779275128788e+01
3.812768023749557500e+01
5.609151425701046634e+01
3.208944329883007640e+01
-1.530060468099820810e+02
-5.081329311800068638e+01
-1.301289367638225372e+02
1.293975899169796264e+02
7.956841590427009692e+01
-3.830190451416552122e+01
-5.566867437072659186e+00
5.444475788032345065e+01
7.220621865715632737e+01
-2.497698974905152980e+01
-4.442762150771237373e+01
1.199302489552850943e+02
1.406710201437265084e+01
2.872872130742405616e+01
1.011878600356838831e+02
-1.400844484301978241e+02
-1.296484699611489191e+02
-4.003116938995599838e+00
3.951392712019830356e+01
7.050413484977262613e+01
-4.659001544737883194e+01
-8.507389041440842448e+01
2.979263929600097782e+01
-2.769560367873876316e+02
-6.274181547473089182e+01
2.010751583703016987e+00
-6.452876612501046338e+01
-9.363259477177415135e+01
6.843261325048081289e+01
-8.616847227724802849e+01
-1.421792948005692665e+02
-8.063897267373850752e+01
4.661862049640100025e+01
1.674865394384576121e+02
-6.187751199029440841e+01
-1.652402854171304725e+01
-7.432669248750679358e+00
2.876216856716922621e+01
4.011777032526477882e+01
8.556509724657672677e+00
-2.116628865736592857e+01
6.647365420914330514e+01
1.816433269485677826e+01
-4.356034183365392920e+01
2.342944340114937063e+01
-4.302748114720675687e+01
1.284214306650280264e+02
-1.492878665117181072e+02
5.706641311887217682e+01
1.035638763462657010e+02
-1.839528897359583368e+02
5.729903527368349359e+01
1.857218106791608037e+01
2.172236945301133204e+01
-1.759445144065185218e+01
-2.319014492663741933e+01
1.960887165587692138e+01
5.973883041751160139e-01
-4.480294294425710433e+01
-1.096107775835745146e+00
-1.539884183758965364e+01
-3.918398179404177029e+01
4.849835514636056644e+01
1.806803044402449814e+02
5.677250924192761516e+01
4.070260128585396586e+01
5.271746690760344478e+01
-5.544059320592069184e+00
6.497780971856684573e+01
1.207767490155492567e+02
5.293722371063649490e+01
3.855526423587606644e+01
-9.601411369796917938e+01
-8.051384910093864278e+01
1.058954364416816674e+01
-1.128482838890555939e+02
5.201451465300296917e+01
7.857002824991738521e+01
-9.572659330009558687e+01
7.227410994751420503e+01
-2.822478813840161749e+01
8.496686466957531536e+01
-6.149787077952503012e+00
-1.149608619432806478e+02
4.449055907128857967e+01
-1.250245512402991643e+01
-6.414280297243739426e+01
6.103529420296376884e+01
2.595940169095371175e+02
1.114593570659604609e+02
-1.063501038849259999e+02
1.011041200410936796e+02
5.521066881825650796e+01
-7.550310003266541514e+01
-1.029218315974573805e+01
-9.268892410160052009e+01
-7.841692643698307563e+01
7.037216375667274804e+01
2.802001012460408802e+01
-1.100554243066346629e+02
-1.105325645759847504e+02
-1.070869817158117456e+02
-1.716592549314611347e+02
-2.148338981465015252e+02
9.780506491862379903e+01
5.394998014509432949e+01
-1.123943000198406139e+01
6.804137445718301080e+01
-3.826190730478331403e+01
-2.997214092832135890e+01
-7.418854472018637125e+01
-9.347253556828428600e+01
7.057486150690151305e+01
1.495418415709967919e+00
-1.643119826586995202e+02
1.251706926106421669e+01
-6.161919998658286346e+01
-8.138231711499581422e+01
4.169224479120205729e+01
1.977902207027556472e+02
-4.664249656794000387e+00
4.800112389310789496e+01
3.330430147140624086e+01
5.250493753941315589e+01
-1.009505143425086828e+02
-1.221299943276053597e+02
-1.962637682025846573e+02
4.978262575871368512e+01
1.072745594273500842e+02
1.248907798974857286e+01
1.217045968228943735e+02
2.480207646097434804e+01
-2.917126916512694379e+01
-1.973807840492576702e+02
-2.979499588577048996e+01
1.213447113367408861e+02
-3.255452782478222673e+01
-3.585378308106408696e+01
6.099865059229394149e+01
8.652231275644211905e+01
-4.778202146854132693e+00
-3.825164178473136189e+01
1.337036689292949347e+02
1.190682910974901603e+02
-4.473320504258772701e+00
9.774529452819909636e+01
3.556541708566720672e+01
8.825962398677577880e+01
-5.830682226022886283e+01
1.494197876379593595e+02
-6.470587104309647941e+01
8.680109324312911667e+01
-1.242090521135868215e+02
7.222627177458652170e+01
-2.910607157575871611e+02
4.857833156953655163e+01
-8.194019663324971248e+01
4.390758495428022457e+01
5.504076785336992828e+01
1.112962588777685085e+02
-3.490116620992808549e+01
5.099803928642866246e+00
-4.638812574643792885e+01
3.404126685140322195e+01
-5.904166956443778247e+01
-6.455930517152719972e+01
2.427503789957044589e+01
7.557886561638468947e+01
-3.393401782851699267e+01
1.924283221255336240e+00
-8.431577590628175756e+01
2.328382845768177560e+02
-5.037393363742627628e+01
1.808202462005446520e+01
-1.492341193742621499e+02
1.339635547936423166e+02
-1.474401363792953212e+01
-1.529376200119405382e+02
9.868752569091500959e+01
-1.379638726848030572e+01
-1.371224283079940376e-01
-7.870563050260474824e+01
-1.490160961362906988e+01
3.764753983439133123e+01
4.492878766350116138e+01
-1.849131436362777947e+01
-7.324622051967189407e+01
-1.029010095211096569e+02
5.589650946714326274e+00
-1.373862450004166647e+02
-1.115380408429836336e+02
-2.709368689059859321e+02
-8.409983248502943809e+01
2.086375338096990717e+01
1.941672710352235924e+02
-4.054878721095725069e+01
-4.724602728940158158e+01
-1.564460329994182075e+01
1.132839614118257643e+01
7.823751655250742942e+01
4.192835615799945970e+01
-1.056785268909289499e+02
2.394468215398167743e+01
-2.554964452885610982e+01
-7.095102360796241214e+01
-1.330814506445621248e+02
-3.654140407677240887e+01
-3.045293561954443717e+01
5.881147717566684463e+01
1.029522619057275818e+02
-7.038417300736259108e+01
6.450830300989113653e+01
-1.510235813030868179e+01
3.105175159993076583e+00
1.319762114264019033e+02
2.554268066726251174e+00
-6.831639654342441759e+01
-1.724188728341497612e+00
-8.007369010607003190e+01
1.135398040851290915e+02
6.217928588493585096e+01
-3.663161143011096499e+01
-1.590351506878312478e+02
-6.104349538061347147e+01
-1.313386473182116845e+02
-1.205551440485543857e+01
-2.132971353774529177e+02
-6.444174527555095722e+01
2.817892364837010177e+01
-4.949510989793521532e+01
-1.436517285897949421e+02
-3.620603260442493365e+01
-6.377972973736295614e+01
-2.182073692438845001e+02
-4.696910908068491430e+00
-9.333683482878997495e+01
-9.051092490136488777e+01
-2.818224323186320746e+01
-1.251224858139957234e+02
1.071887619562236580e+02
6.129243843929944546e+01
-6.655221316510575491e+01
-1.047009849580587542e+02
-6.320558319643176048e+01
-4.355006668954019489e+01
1.489666575522076464e+01
5.116060324823830285e+01
-1.810256291074293813e+02
-1.971706415231517724e+02
1.083720978836994107e+02
-1.417185292967489545e+02
-5.086350294041320552e+01
-2.208201478120945183e+01
4.726726171280358102e+01
2.700170601938750181e+01
-1.887607366160703748e+02
-2.461763818575277298e+02
3.278023419640815916e+01
-7.688970003314156543e+01
-9.813794071414602627e+01
5.280394392560739192e+01
3.907637731309438323e+01
-3.607927834868053196e+01
4.791777985573029497e+01
8.959146181474821446e+01
1.089454921179233793e+02
1.029835864362393352e+02
6.225932616218670290e+01
2.407812857241153210e+02
-1.410179278728252825e+02
-2.068329219730550861e+01
-2.180613368833801076e+02
-3.192513076144714645e+01
-1.350808792261787801e+02
-4.326025829303014802e+01
-3.834444542690341517e+00
6.757654261182685218e+01
2.234717578089166636e+02
-9.077353535071020474e+01
9.478862569135567639e+01
-3.993891218577510216e+01
-7.277608602903946178e+01
-2.165048059745693934e+02
-2.953352869189892971e+01
-4.328720285853266070e+00
1.811731448393224468e+02
6.219832848821716453e+01
1.158627476195880632e+02
-2.986179069318233736e+00
5.795081648463148127e+01
-6.873845163623838062e+01
1.098108077904737172e+02
-1.181993371652139899e+02
-8.814101249673736049e+01
-4.505542305636099343e+01
-6.516103939094872999e+01
-1.009951586690295855e+01
2.989973216309153869e+01
8.118376142300503773e+01
-2.605332591942669751e+02
1.110145456079951174e+02
-1.024700889711464384e+02
-8.507366338139823370e+01
5.052026226065592596e+00
9.087465169196880410e+00
-9.370070357804216599e+00
-3.922986572622345136e+01
2.972504335076387250e+01
-3.488097759137297516e+01
9.284634584130394330e+01
-4.760315871112015174e+01
-8.308111378894770382e+01
