-1.770362173541017725e+01
2.316327160359087856e+01
1.168801618747605744e+02
3.415265159680141949e+01
9.059116617307050490e+01
-1.184468681885936725e+01
1.670083988060362969e+02
-1.424493287778523509e+01
-1.202344577128550611e+02
4.856644197511941030e+01
8.313010194466622238e+01
-1.099168628617701131e+02
7.949024261833056926e+01
-7.178711013441682098e+01
-1.434379269000329948e+01
3.576108745305746339e+01
1.464145614013211549e+01
6.221626548448700333e+01
-1.116631644498884555e+02
-7.183614176991831357e+01
-5.016768313764195852e+01
5.002919304762740893e+01
8.650511573942797128e+00
-1.162777901300625949e+01
-6.546636416356021471e+01
1.415291480048088317e+02
-3.407654314899485826e+01
-7.230804498761672505e+01
-1.011181830204939480e+01
-7.953311770618303456e+01
-3.238090403757422564e+01
-6.202793348355826453e+01
-1.173558531568846632e+02
1.656072679432531629e+02
-1.311922968984220574e+02
-8.109352831311980481e+01
4.736867366981791605e+01
-2.165901295017290806e+01
8.348824240042842959e+00
1.637211861794793322e+02
-6.290001348534785208e+00
-3.881709014326462892e+01
3.733528601826582527e+00
2.567339972722288266e+01
-3.748941933763240542e+01
9.647863309178619318e+01
-4.313734098385530302e+01
-4.368724555779969165e+01
-2.483302995996792362e+01
9.562248258845770010e+01
8.264457179565566491e+01
-1.255630485340809059e+02
9.848249205310067111e+01
1.378044404785159145e+02
-4.334000641794809638e+01
1.014455947064207635e+02
2.635381582468959394e+01
-1.781347575702389818e+01
-9.127843295913102395e+01
-5.809762977075200396e+00
3.693143963604742908e+01
8.005416653148884620e+01
-4.193884885691828401e+01
5.214023376630162687e+01
9.923863965688919109e+01
3.514304111895786065e+01
1.706244260676367617e+02
-1.371044075174594354e+02
2.157685692695989843e+01
4.353500878475199620e+00
-2.252378806378769696e+02
5.175267532919924207e+01
4.421391588826789842e+00
-1.084540597683757142e+02
9.517039047826087028e+01
-2.469580673290758455e+01
6.513715299029420258e+00
-4.631790034922295973e+01
-1.048654020010249184e+02
3.084436394166866435e+01
4.577483998833392320e+01
3.660857825494739615e+01
3.145965655732741340e+01
-2.057671815881437638e+01
-3.482596794842433496e+01
-4.458131653555540908e+01
-2.031339725749161929e+01
-6.271615480037458212e+01
7.840383318444693828e+01
-4.918803735025448098e+00
-9.146312435300412602e+00
-1.611604370202642826e+02
-3.690233025418671531e+01
2.677646787589245747e+01
-5.623255616241945631e+01
1.105626173227286131e+02
-6.692018164941812586e+01
5.836530527412283931e+01
-4.386961466380490293e+01
1.319481767548892037e+02
1.114030047547345958e+02
6.724405673145405160e+00
6.952047164849469141e+01
1.589308314241825997e+02
1.026987711977310482e+02
1.604585487649580671e+02
6.903935635132026505e+01
6.308214912813669883e+01
4.979521004648238147e+01
-7.095743608305454586e+00
-5.664541226474515412e+01
-7.230404943043329524e+01
-3.781408550768586707e+01
1.057222729893346553e+02
-2.375083375595773205e+01
2.049116373105946209e+01
-1.046183065917344663e+02
2.863348762468433506e+01
-6.722837599784223528e+01
-7.761149397580099674e+01
-3.805309482183287884e+01
-7.548387080463687937e+01
6.675433829283871034e+01
8.813422514097294425e+01
1.215829066632077371e+01
-1.799162958166649506e+00
-1.094537454088867747e+02
1.355405629875733986e+01
4.052886990031333880e+01
-3.186978822573622949e+01
-2.597447118620645057e+01
-1.603370392502273489e+02
-6.262822677972706487e+01
4.206899846433012868e+01
9.231004033628637728e+01
2.214527331535855978e+02
4.333733041880316961e+01
-1.294289406142523262e+02
1.406972990213645005e+02
-9.777674446922151930e+00
-1.489976806569291625e+02
-3.223330438413625387e+01
-7.146495917533856712e+00
1.954613964278279923e+02
2.349469946133449696e+02
4.955483251986776594e+01
9.157474911888164115e+01
1.389056426635870309e+02
-7.023647727707175648e+01
1.218248253347825454e+02
-3.930220794865241629e+01
4.660537896973301741e+01
4.862284022152624630e+01
1.440923600727510916e+02
-1.288495291396302775e+02
1.002319505624567739e+02
-7.177615669129427545e+01
-2.875362961223355285e+01
1.761711552035544415e+01
1.264774974024398659e+02
-1.226885992450526146e+02
3.191462941587583924e+00
-5.770373707015167497e+01
-1.999002668193721988e+01
-1.833497142626029870e+02
1.071656051185918272e+02
-4.485908344516203528e+01
1.426811550013951830e+02
4.249772457648605695e+01
-9.881407436459603844e+01
-1.919410498216557244e+02
1.062969461538946376e+02
-1.212233902252472149e+02
-3.200747121190824629e+01
3.891986071794708124e+01
3.065557537841632296e+01
1.506559394233288742e+02
-1.043632313468276323e+02
4.231658500563187886e+01
-6.988674643940882447e+01
-4.447604941870635287e+01
-1.339397134264932276e+02
3.009631861628360028e+01
-1.052275375701898668e+02
6.929971331200837881e+01
-1.130831947105203561e+01
-3.518635926633119482e+01
-1.134850098158902512e+02
-5.052932594748359207e+01
1.702641341452115569e+02
-5.265655303058452574e+01
6.033047385501223658e+01
3.592008818352613986e+01
8.201899819712440376e+01
1.860586076062734548e+02
1.158478298605599299e+01
-4.231451932560277385e+01
-4.445723081827505752e+01
1.137301528386164193e+02
1.520239007978643997e+02
-5.685460163241140918e+01
-8.276584254439977428e+01
1.094309760867478865e+01
3.345703260219172392e+01
-1.254157743315665385e+02
1.650692440952682887e+02
-5.410849025047244254e+01
1.959069807772022109e+00
-2.716172732465517825e+01
-7.752491838539446789e+00
1.266912668478983903e+02
1.747821462059841053e+02
1.426687891467721272e+02
2.524501076407311828e+01
-1.152742896047859666e+01
1.312462018749814945e+02
-1.774659235483573028e+01
-6.604983811401154981e+01
8.949738578798371691e+01
1.156735939326811717e+02
-1.650288000470424663e+02
-3.330533664961888718e+01
-6.040805085612653613e+01
1.074123736770612680e+01
7.426005071497905874e+01
7.296308262006078849e+01
-1.932906602498664839e+01
3.819539161482433087e+01
1.102228816735250305e+01
-8.767548851961279865e+00
-2.077056814328399241e+02
1.019504482525377931e+01
-4.769282373441319223e+00
4.888450931844793956e+01
-5.114103304115815263e+01
5.543946835964089814e+01
4.732372122859068497e+01
-7.782572601289962755e+00
-9.561369369434501664e+01
1.533356994139286087e+02
-5.477262687190631851e+01
-2.399297389419168098e+02
1.854869028954168186e+01
1.955662383649131755e+02
-4.384867766413943002e+01
3.533494374717756159e+01
2.551808939308772395e+01
6.979493809024597795e+01
-4.647675604091759283e+00
2.152845182911743294e+01
-4.730064542048295806e+01
1.064706117393572242e+02
-4.072623502532858453e+01
-6.385040301072258018e+01
-4.519062901054795134e+01
-7.291689477862492197e+01
8.081365926672887667e+01
-2.090024976873558060e+01
2.103461294282652005e+01
-4.299010146504503638e+01
-5.751835217173880466e+01
-7.779260418590216375e+01
-3.984543849187827647e+01
-8.704590467194146086e+00
-2.295171022411355466e+01
9.468948384850551747e+01
1.553773024742904170e+02
-4.605732822954859529e+01
-4.203438911363531361e+01
-6.357238674067451711e+01
-2.227006863805370429e+01
6.271743138542674245e+01
-1.806545525456114945e+02
-3.254238335385798564e+01
2.238301138605949703e+01
1.183117233646737532e+02
-7.078470639123065666e+01
5.425925048136323170e+01
-7.861686729631820469e+01
-3.138176685748828731e+01
-8.280796168138957114e+01
-2.243279733867363746e+01
-7.549360926021532237e+01
1.822535724419969085e+02
-7.321380136662821769e+01
-9.753903792434856257e+01
-1.596109395948818310e+01
-2.221250243056776412e+02
1.293801512884789702e+02
1.423603314874094679e+02
-1.106763335287136272e+02
-1.560454186208258420e+02
2.694996783492901926e+01
-8.434357350095307737e+00
-1.698554166685194033e+01
-1.396295134743179176e+02
-2.650394904075999492e+01
2.551000346395940994e+02
-3.099796862468772929e+01
-1.724995897359062837e+02
7.975882038888489944e+01
4.087662756119472363e+01
2.019487062170392377e+01
9.781994690625170108e+01
-2.139473153722264556e+02
-1.607298667418392313e+02
6.655582539805429576e+01
-9.323199945489170304e+00
1.441992329562281183e+00
-7.184203791152502561e+01
-9.964664489503228140e+00
1.097386846087045598e+02
4.253583194926342514e+01
4.567822571105203622e+01
-7.365447839814770248e+01
-3.004918228652282863e+01
-6.812649956312881727e+01
1.892963076979942372e+01
8.381039923203688602e+01
4.536817971386226844e+01
7.071008970641386782e+01
-8.119374372058908307e+01
1.420584372431792985e+02
-4.658972791487551746e+01
8.428285331652411116e+01
-1.463402372217012726e+02
-8.114283795874889904e+01
-4.760732464769101568e+01
-1.143234551737364768e+01
7.275755672108013528e+01
-9.860689162325934376e+01
-5.698319581443639237e+01
-1.975385356517346835e+01
8.421105692415187605e+01
2.546418839908532732e+02
-4.938330467346106900e+01
4.003854014558103103e+01
1.240819429259565823e+02
-8.962148744488499119e+01
-6.989902217984673882e+01
1.851606108373879422e+01
5.503155482067450066e+01
-1.214364944025573578e+02
2.328830756225458032e+01
-1.086703648137473408e+02
-2.417862168653086030e+01
8.923404603824465653e+01
5.675071864177520808e+01
3.118197716162060118e+01
-1.372430192790044714e+02
1.302024799177817771e+00
-3.024064380765709714e+01
-5.125859490090449810e+01
2.338689812059312345e+01
4.571482736745784337e+01
-1.355028362216579296e+02
5.812798941998880053e+01
1.884347660485918539e+02
1.058021397412122333e+01
-3.095790957868345217e+01
6.065682647541897410e+01
3.653088070104146112e+01
-6.804860874331555465e+01
-8.297663758625624553e+01
-1.089973051303429656e+02
1.869087436073368167e+02
6.250287003183903778e+01
5.812569827799087108e+01
-9.713895529272882357e+01
1.098978936715147654e+02
-1.074409034589407383e+02
7.958950577175312446e+01
-1.226587306460715965e+01
-3.340812848155228831e+00
-4.801961112632146467e+01
8.846830696090007962e+01
8.393971560869680104e+01
-1.403664997901502431e+02
-2.175292071218010506e+02
6.796654450289082661e+00
1.506697898830777227e+01
-1.000964956730775981e+02
-7.708858459680963904e+01
1.362090145199695002e+01
-1.187257367495897711e+02
1.316892373379996855e+02
1.207476439891665194e+02
-6.801454184085632448e+01
7.616556202833439215e+01
3.792798905297630796e+01
-1.211825356536463119e+02
-9.617510000482592858e+00
2.322547651629238885e+02
5.333746253839156992e+01
-4.089531479728045582e+01
1.163645666984180771e+01
5.773498183205083478e+01
-1.516547165540365150e+01
-7.754532153363459202e+01
5.686206298454137453e+01
1.890705637234707126e+01
1.419366663101046129e+02
1.927722095137985434e+02
1.443237246002801157e+02
-1.828257756890216257e+01
8.734247906212684143e+01
-1.917250185817206614e+02
3.749343196162846681e+01
-1.755310252099473303e+02
2.618048350834573768e+01
-8.148571866039930001e+01
-3.770877076013974261e+00
1.176701928710239429e+02
-1.358661968629727426e+02
4.414227241027377602e+01
3.970689760477736741e+01
7.160853150014054336e+01
-3.362961577045120265e+01
-1.290152980764343056e+02
-1.255994893265387091e+01
-7.638162668251402465e+01
1.182370817000842607e+02
-1.047277290262465783e+02
1.767694582951009181e+02
1.317611479723895407e+01
-1.357361462452489604e+02
4.970865308406474270e+01
3.288564330851674811e+01
-1.360841292072255158e+02
6.601563718437695627e+01
-1.997628609530964923e+02
2.738402856937292995e+01
5.561160928004889570e+01
4.665478107134219243e+01
2.429578566653277605e+01
-5.768363545129466274e+01
-6.470542856486714811e+01
6.330143178828600270e+01
-5.663621523099194377e+01
6.204681395164234914e+01
-1.172782798556475683e+02
7.467196907827694474e+01
-1.072809705869424945e+01
1.960737475030101962e+01
-2.675663978928117004e+01
-1.073566449790991300e+02
9.122000599329295767e+01
1.515018329107395445e+01
1.590646018679347051e+01
1.014805903402235714e+02
2.494065487758412658e+01
-5.727113036132223556e+01
1.004460689072817559e+02
8.283957574194320728e+01
9.582736388134343031e+01
-2.782243305362974706e-01
-9.003393150470113682e+00
1.205580325093824854e+02
-1.150375679302683096e+02
-8.979873770872440275e+01
-1.316737305264248050e+02
1.080395161085260725e+02
4.776534056473549583e+01
1.702198382323995673e+01
-7.595804900533318005e+01
-1.290526335197275500e+02
-7.210048511903951862e+01
7.480913667498600716e+01
1.070440208349069309e+02
1.439519948743836721e+02
3.830039854662127397e+01
2.452754825163803076e+01
1.401671124524281140e+02
-1.453805042666844294e+01
3.737562568476346314e+01
6.207263339506337019e+01
5.262285073846616257e+01
1.194325484790213920e+02
-1.605875071428821741e+02
-5.399905083441627340e+00
-1.625610412452018139e+01
-1.432175307052989979e+02
1.438282642945399061e+02
1.089658187323829175e+01
-9.168727282564891823e+01
5.254220251382258056e+01
7.897698094959336856e+01
2.290219155124071193e+01
1.362627763001572987e+02
-8.920149845706087888e+01
1.595612775607392564e+02
3.178393345134335490e+01
5.500748451643999459e+01
2.912700764425057898e+01
5.074541630688320026e+01
-1.679124108441863825e+02
-4.859644675546641679e+01
7.835392949612705138e+01
-5.104362508165709045e+01
-1.514116777760615946e+02
-1.289466795754859163e+02
4.694947772440212219e+01
3.041197636724503539e+01
8.181280205951274809e+01
-7.509844172359039760e+01
-4.059336001847857744e+01
4.401140485939513525e+01
1.095948812975720301e+02
2.634451445009867854e+01
-1.181316551898108145e+02
-6.024902271554080357e+01
-1.516049111406503336e+01
1.110733351546818568e+02
-3.990356376085772183e+01
1.074564030605953207e+02
2.170839975109377633e+02
-9.304117140630501126e+01
1.248229832280403073e+01
-3.353058070738208585e+01
8.548883189157888296e+01
7.321341831853057158e+01
-7.726936074816879341e+01
-5.590967510235728355e+01
7.751449850691727761e+01
-1.299571976682338175e+02
-3.797233717643509010e+01
1.763390385700513008e+01
-7.213605229002298813e+01
3.260295623027052869e+01
-8.292179306044202747e+01
-6.502146889604132696e+01
9.152055342897467938e+01
-4.795324110299815601e+01
-1.940465578903247845e+01
1.055334318864657348e+02
1.037706238751147367e+02
4.392980670277189859e+01
-9.689196991775015988e+01
-4.960390015502716210e+01
1.665022329654779476e-01
4.024542833191367208e+01
4.691850786798809736e+01
-4.224222940181183716e+00
8.369798957796278671e+01
-1.362743864271068617e+01
-6.727641810262021238e+01
-1.053066477987257770e+02
9.108173767469234861e+01
-2.931345485433993048e+01
-6.456607457614110501e+01
1.131102279866349036e+01
-3.231038075310702595e+01
4.446799694596709429e+01
-1.462540852252534762e+02
-3.376036437067190121e+01
1.703745931538431080e+02
2.206720740534882097e+01
3.006479335147442455e+01
9.453263512711875194e+01
6.965094332242830433e+01
1.165205613954400263e+02
1.835563488317381484e+02
1.005958350862301387e+02
-6.835741231329139111e+01
9.032787822548499435e+01
-4.759839519411794129e+01
-5.108622856680207214e+00
4.150892642830126533e+01
-3.800369042753234794e+01
-3.021396789202690769e+01
2.231063926276570797e+01
-7.389588161582966563e+01
2.701629212420973758e+01
-3.098441485727269651e+01
-9.283955930409689472e+01
8.917874103428879096e+01
9.749465307313559492e+01
-4.416034991123989073e+01
-3.585172591145807530e+01
1.528199609763209708e+02
1.255996148422523362e+02
-6.692107275687994239e+00
5.314595747703008044e+01
-1.320723315803960816e+02
8.179476711514374188e+01
2.506378169037900605e+01
1.298039345898517105e+01
2.115074117209491789e+01
-5.108637456461322301e+01
-7.605071280830291869e+01
1.373533240424689552e+02
-1.027861430583712092e+02
-2.508050766989711633e+02
-9.184811343833810326e+01
-4.138736161572183647e+01
-1.472901647850573852e+02
4.098628625008973358e+01
-9.750405531226540745e+01
-1.711762995393392828e+02
1.764819152174122507e+01
-1.329785928127168688e+02
2.068559447141510361e+02
-4.565862086815936749e+01
-9.440915752688057694e+01
2.818976897487268829e+01
-4.909378462251899222e+00
1.084945527063559467e+02
6.320190242151952020e+01
-2.750015455965741396e+01
-4.960880930784747278e+01
-3.405862617533562542e+01
1.876927045692384866e+01
-1.117847505443088636e+02
1.123249913705466163e+01
1.520070608144238022e+01
-5.935098121355508738e+00
-1.781543232654624092e+02
-4.601131033120178415e+01
3.695529876200601649e+01
-1.032659666453023419e+02
2.332975309419657606e+01
2.084676913970938301e+02
3.028576654840436078e+01
-2.724758815805649874e+02
-8.972124960913836844e+01
6.347698674182554157e+01
9.822605956393459792e+00
1.097235868518931312e+02
3.912025918860707208e+01
1.401512274126506554e+02
4.871143567528022089e+01
-3.199193829051538884e+01
1.828204109101529298e+02
-1.243579004114133824e+02
1.302065976020306834e+02
-1.277438808891171931e+02
2.002395339268385754e+01
-3.120846612039021029e-01
-1.835616978774249475e+01
-4.981435774433706598e+01
2.621457039128043931e+01
2.646460030573075528e+01
-9.662761481153971488e+01
-2.776616346607672270e+01
1.142399554170174127e+02
6.958704567171724875e+01
-5.458310548001909268e+01
6.619720604224720084e+00
-2.287597245111263788e+01
5.707818728619072601e+01
-3.360314525384080042e+01
3.332059592285592231e+01
1.385426891359183230e+02
1.153368176613669362e+02
-6.913984684587212826e+01
-2.151312374061217980e+01
6.013005323047065787e+01
2.012673670327337163e+02
-6.316443051367281925e+01
-1.314975419104511332e+02
-8.870927132916163771e+01
2.394504146825962891e+02
-1.516887885159558778e+02
1.124382533279437695e+02
-8.853363880800035446e+00
-7.361676366037764296e+01
-6.050726624127658937e+01
6.656072592591651471e+01
-9.540788508009785573e+01
1.248390182535773896e+01
-8.312716166447130206e+01
-1.313380426250029132e+02
-1.276590913373178893e+02
1.036357785659529753e+02
4.796138956789747709e+01
6.633835745747251167e+01
1.426607194300167123e+02
-3.106318277257211591e+01
1.860603154225322555e+02
-5.700437165166731290e+01
1.462480300390528214e+02
6.537962116631801734e+01
6.007980727262130927e+01
9.084427992924193518e+01
4.228439689147606373e+01
-3.397966856571515848e+01
1.642675374453660808e+01
6.009472146714519347e+00
2.185864627521364767e+01
8.756916562346016519e+01
-1.589076197917695765e+01
-6.676210477040184799e+01
-4.684302079547386199e+01
1.519415951894543859e+01
6.768361543225033472e+01
4.319874468519324218e+00
3.625920115845414671e+01
-1.180177941475330670e+02
-8.132941217815493928e+01
-2.058662045481907228e+02
1.182175570555862265e+02
4.610470689787903353e+01
-1.421478778659740669e+02
3.369706483971563671e+01
-3.373084877378089885e+01
-8.225531179704864826e+01
-9.512530016867965799e+01
-1.768423708876202127e+01
-7.959050024037323645e+00
-3.805331150305921284e+01
2.279906623130494125e+01
-3.505353658493199021e+01
1.991934828128235040e+02
-4.962498211521137570e+00
1.500660288306204677e+02
4.540273734198729727e+01
-8.802462502174662973e+01
-2.346451707383422729e+02
1.124049376085499148e+02
1.305208075226166784e+02
-3.446643005110682907e+02
7.650657872504109491e+01
3.380775266151080416e+01
-3.327269458305639205e+01
7.138615160137041471e+01
3.103097710088286387e+00
4.679214033336778300e+01
8.648049180828517990e+01
-7.284199782730998152e+01
-6.114551442322107278e+01
-8.886529352488383893e+01
-5.635936312548949445e+01
3.781814689099039839e+01
2.983354646679575950e+01
7.489682607022210448e+01
7.279160407037934988e+01
-1.286469986669532091e+02
-2.159806612977389193e+02
-1.748123888953996357e+02
-1.642170262738917685e+01
-1.014358009629482922e+02
-1.031561949875431026e+02
7.601585569458140412e+01
-1.077874510837440027e+02
1.584489099742131089e+02
-1.119021308798131003e+02
4.918333819629551584e+01
-1.601390244545702330e+02
7.714542220241044390e+01
3.049970777282714707e+01
-1.161488998673779705e+01
-1.256467518386797622e+02
-9.227823655235785338e+01
5.401292702403215173e+01
-2.015954819103897933e+02
5.991938041061860787e+01
-9.151272786984726793e+01
-7.452263379477452077e+01
-6.903006178032659079e+01
4.289172218896139555e+01
-7.206375383118735556e+01
-3.870423237472812872e+01
1.029360789800947487e+02
-3.505299508109033013e+01
1.641054182874878009e+01
-1.737830858246971957e+02
-4.952577777454549590e+01
-9.106624660614353672e+01
2.763773743499658408e+01
-5.945781873522452798e+00
-1.901087614229404039e+02
-6.545360665742144590e+01
1.714783406386954709e+02
3.672191033116871495e+01
-8.374792469607261580e+01
-1.421802204399836000e+02
-5.404936618382719615e+01
1.464227846684665053e+02
-8.251516963934041371e+01
-4.856560870469158431e+01
1.839105631853574607e+02
-4.420607786215724389e+01
6.480954867363212202e+01
-2.033946004470648106e+01
1.502061836880210990e+02
-1.005650244804696491e+01
5.635359320854215781e+01
-7.830144871530123396e+01
4.554729694603162926e+01
6.503244669435396474e+01
-6.201555326704053783e+01
6.785954420643561136e+00
3.303558796570813172e+01
1.035355488678555673e+02
4.361661181745188998e+01
9.232556522643125874e+00
2.672244217773700470e+01
1.127389877302581880e+02
1.562162958668554040e+02
-6.483656732597563632e+01
-9.808466978478006126e+01
1.174169212832321030e+01
9.976377674477213020e+00
1.088134866304673807e+02
8.203696963264353315e+01
3.935332133258061305e+01
2.332238276848175360e+02
-1.492741837904981992e+02
-1.346538478134492038e+02
8.739477279096543327e+01
2.093091534009230159e+01
6.921759385121760033e+01
1.150107081308888297e+02
3.876643628199551017e+01
-1.147378803031655714e+01
1.573123131643949364e+02
-9.146437791216824564e+01
2.438345001620544572e+00
8.796924472080077351e+01
1.124136476101209610e+02
-3.677978831178028152e+00
-3.273886813466271661e+01
-8.959432221358055415e+01
2.155162700987988345e+01
1.110624236027510534e+02
-5.004159578522261853e+01
-1.142329773912264272e+02
4.744055890156092659e+01
1.505224509264261314e+02
1.039361810927041603e+02
-4.287986187168107222e+01
1.025283893989874286e+02
-5.108801940603711245e+01
-1.352947612955982777e+02
-1.329220070054845735e+02
-3.327072060238126028e+01
1.639374319852558415e+02
-3.832459942126698849e+01
9.810790602427992724e+01
1.199064995198671255e+02
-9.754320736996308483e+01
1.068021704786447685e+02
2.596512519186270538e+02
2.202458326164038738e+01
-7.364572193253054877e+01
8.263568822626108101e+01
-4.684337133390955898e+01
7.269132563589026574e+01
8.544540706876330205e+01
-1.112286719895505804e+01
2.740932136896162774e+00
-1.545165376863852487e+02
-1.479310220653492820e+02
4.011616586633626014e+01
1.053529509501115200e+02
-5.526305437602171367e+01
-1.311646863910723368e+02
1.904934740265319135e+02
5.748711581396729287e+01
5.854422796341540902e+01
-1.615516975193456517e+02
-5.698489082905268122e-01
-4.508171507047933346e+00
1.094225685924386937e+02
1.058898218372626019e+02
-1.230151201707036677e+02
3.010297996664664311e+01
-1.087509031408146996e+02
3.654866098922535400e+01
-1.415241261680195706e+01
-1.107103312845105734e+02
1.427024154725016842e+02
1.518106804437329060e+02
3.392162699954474903e+01
-8.185297574281756283e+01
1.921042276417641972e+02
-6.070619104002893351e+01
1.242617878861664593e+01
-9.573263993069717870e+00
3.958144998044789276e+01
-8.756320309384368272e+01
5.296363257493334942e+01
-2.136891616390186144e+01
2.831730470888866193e+02
6.743644453094550784e+01
1.866281906458262938e+02
-7.684618321964586585e+01
1.479829009574041834e+02
-7.702228411726036938e+01
-3.380987724841664033e+01
-6.158687875407843393e+01
-1.066035490301767368e+02
7.632889238603203808e+01
-1.071933106295848717e+02
1.851592046633433881e+02
-9.693931727689592037e+01
1.295751962991935358e+01
-7.120434436537701117e+01
-8.441317777693426194e+01
-1.660647103587828610e+01
-1.249030456890296819e+02
2.945778905044172546e+01
-1.131423756970665977e+02
2.263517753348714834e+01
2.349384998424273761e+02
3.344868144993530734e+01
1.112774965949001382e+00
-1.510385758938813581e+02
-3.563384286607419682e+01
5.050691568649102692e+01
-5.715982986077387551e+01
1.610670824948113875e+02
6.143731143294414920e+01
-7.488642708012669402e+01
-7.066223421654892434e+01
-5.267015936491905848e+01
1.281755502331839978e+02
1.338524001688542455e+02
-1.904929120025090867e+02
-4.521529592652340312e+01
8.745748857808298737e+01
-5.955048204151833602e+01
4.170241106773271156e+01
1.322875663164824545e+01
-5.410085338209295003e+01
9.013388370626606161e+01
7.341815629609862448e+00
2.961167243445718711e+01
6.259954100694258017e+01
-7.821184042987667340e+01
-3.759510458948832845e+00
4.975920251635782421e+01
8.265123604470666407e+01
2.064666506709953442e+00
-5.485211175539937045e+01
3.011577910573793915e+01
7.055023223455131998e+00
1.604019758814935770e+01
1.322993443560942808e+02
6.735387859218985795e+01
-1.544423158768826170e+02
9.463693491353873810e+01
9.383358536374528569e+01
-2.281010698019137806e+01
-4.353214703256385931e+00
-8.336330795851193898e+01
-3.797297631322071254e+01
-1.194992400569686097e+01
1.380697846024681219e+01
-1.030566299109126227e+01
-1.578394867418653575e+02
-1.106391517879988697e+02
5.423694580588610137e+01
-1.118710463838982321e+02
-1.335779564349216075e+00
-2.811418785116223162e+01
1.930384638790843326e+02
9.004221488354612291e+01
-1.238056416207701318e+02
-8.650500953511740931e+01
9.315821319334426676e+01
-1.771943718815603575e+02
-9.176115286558002992e+01
-1.202818510395661491e+02
1.023344020829373164e+02
1.517938305401177388e+02
-1.989654174054722091e+01
-2.162172823879473782e+01
-1.947817730410396209e+01
1.639614403511438923e+01
2.356878381827498714e+01
-1.881640923437915944e+02
4.931301795992718695e+01
5.336490366848364175e+01
3.690143107375764231e+01
1.921812168188714338e+02
-6.739630657818896964e+01
8.245451990097564021e+01
-9.446332932006798444e+01
-6.212711785732391689e+01
6.957920707661705251e+01
3.850819223549230230e+01
-7.729172418599527816e+01
1.270461233039206093e+02
-2.897145013151821047e+01
1.235316094738930914e+01
-4.330739054614861061e+01
2.497045141350620554e+02
5.423415815594250233e+00
-7.319156940968603919e+01
-6.435200551114691336e+01
6.389201464796804686e+01
-5.087722233824241869e+01
-3.842072227560897346e+01
1.520152330790047870e+02
-3.570440908441987204e+01
2.512858889883780478e+01
-1.674263062282419128e+02
4.216692885171768523e+01
4.759418786554991243e+01
