-2.943038118416896864e+01
8.611372512038707328e+01
3.982542607045417071e+01
-1.827880162173453868e+02
2.521744053427674359e+01
4.568591879081030527e+01
-5.270934295700389782e+01
-8.084977448845440051e+01
-9.306183793260258241e+00
-1.136893703406716156e+02
3.246572704936604481e+01
7.958021152846231416e+01
4.115763739279804412e+01
6.037327122599137397e+01
-7.640656246172929400e+01
4.609441672915859556e+01
-1.964268279375469461e+01
-1.387582891075475402e+02
-1.202472925828480896e+02
2.684689931469184643e+01
1.394712502786972408e+01
1.178699515455373081e+01
-6.007854740248669145e+01
-2.737513464047038170e+01
6.317705495313649777e+01
-1.231691301156668032e+02
5.717988117754689625e+01
5.691669514561282783e-01
-6.001250290166662182e+01
8.667028373343218561e+01
-7.825258344475467709e+01
7.432759986601375601e+01
-5.651943697148595902e+01
-1.604740978665761375e+01
1.761938142908988425e+01
-5.748574778875362057e+00
3.537782581448141883e+01
8.591400436130977880e+01
4.794475396055386085e+00
9.044308855614181653e+01
1.293779715951193054e+02
9.115209351974964136e+01
7.142119054772209097e+01
-1.372932464432869892e+01
4.467071283368441215e+01
-6.593391680148424427e+01
6.839046235998873158e+01
2.106758592529808709e+02
-2.693290708169386605e+01
-3.628885177011807173e+01
-1.653150909026035720e+01
-3.436975441418881161e+01
-4.952232559917580090e+01
-1.046779870900967495e+02
-3.905201320005456012e+01
1.590605759452406787e+01
6.222778907767753509e+01
-4.530579129644009839e+01
8.968637679195033741e+01
-1.210507441601454133e+02
-3.356642737781604069e+01
5.104240236663532215e+00
1.402680513951005707e+02
-9.877177430854388263e+01
1.726093973020844885e+01
1.518263532106041680e+01
1.354070711292631870e+02
9.454649721140508234e+01
-6.472981708119063171e+01
-1.378414828645112209e+02
-2.973991278690932916e+01
8.679820202372162896e+01
4.848590115012147095e+01
-1.709392056348624465e+02
1.101403169445768437e+00
-6.944929556436899531e+01
7.888539820500446886e+00
-1.573203399904658966e+02
2.372766971888386323e+01
1.261000419553890737e+02
1.432702705883483532e+02
-1.277261031875070607e+01
9.736300516679800410e+01
7.839961995242131820e+01
-1.086620885590959062e+02
8.146062602904294181e+01
1.838466307966950524e+02
8.569578248189083425e+00
-4.785442056347620365e+01
-5.712712363702226526e+01
-9.631507850262259751e+01
4.229533432451037811e+01
1.454203512347450555e+02
2.509032982429548042e+01
-2.271068341597693063e+01
1.213030718463887183e+02
-1.657439212745115640e+02
8.425257202846241356e+00
3.067859910566462034e+01
-1.203356803684869192e+02
9.521123644303136402e+00
-1.588132327361552996e+02
-2.234469590803869110e+01
5.767317340365824663e+01
-8.839885260441386094e+01
6.530641120304618141e+01
7.243538502256787126e+01
7.263395307437939152e+01
-1.390446171891777851e+02
-7.722751415438399647e+01
1.793222655814411937e+01
1.564713647834893209e+02
-3.286882487981702639e+01
9.332817977600784687e+00
-1.449153351904463989e+02
-1.150293448069772495e+02
3.278731099383738723e+01
3.027661121813542522e+00
-6.948351555632794430e+01
8.118578350965994161e+01
-2.537783861404974672e+01
-5.314989985491916968e+01
-8.145843938926043393e+01
1.286032792989133355e+01
-1.804689594004543451e+01
-7.518852947104939233e+01
8.808893188927374496e+00
3.379088504906095380e+01
-1.300527106774650221e+01
-1.365481355123635865e+02
-7.387044329172984192e+01
3.497923986743879254e+01
6.177572500249830512e+01
-1.032537771237401643e+02
5.878524734934649132e+01
4.869417884664721186e+01
-1.138857956010416075e+02
-3.760606671609191665e+01
-1.776079747031701004e+02
-5.209587363856488906e+01
8.146116187554773092e+01
2.312545556001190405e+01
2.006968191906284105e+01
-1.016217182446920759e+02
-4.676366381527334681e+01
-1.249254026171501977e+02
-1.494469924435069572e+02
-9.154194317946080517e+00
8.969070631453027431e+01
-4.352808112653205086e+01
-8.370059297408289467e+01
-9.158416227816593036e+00
9.456432883494211694e+01
-5.842148071858982661e+01
3.934287916619022951e+01
-9.787661931418909944e+00
2.458515016094105476e+01
4.256584698634001285e+01
-1.360995341600985142e+01
-5.861844455581248070e+01
7.019324261128757314e+01
2.374609626920405603e+01
6.743979005107723523e+00
-2.073240457766967282e+01
-5.782595617780984298e+01
1.277945120437201325e+02
5.476442980211375300e+01
-1.535900668283499897e+02
-3.414419913963340747e+01
1.016916924859144478e-01
1.229432076234405891e+01
-2.787769193137000201e+01
7.500964608828978442e+01
5.496647237154768817e+01
-3.335694571585112289e+00
7.270208981851192576e+00
-6.852409964525072894e+01
1.033319631218157042e+01
9.814995012494760829e+01
4.411275124031385531e+01
1.187201241062647057e+02
4.029764799405048059e+00
1.170760581089046042e+02
-3.044756513296275102e+01
3.992406369624954010e+01
-1.092645611577257903e+01
4.445954459864352515e+01
6.694879091371714708e+01
-1.652682927968645288e+02
-5.432850907346422531e+01
-4.196125114481069573e+01
-4.722592166641803146e+01
-1.283219455879527686e+02
1.183301405467902754e+02
-1.075381523157129671e+01
-1.280586973616311184e+02
-1.160907444960382122e+02
-1.226748680750801697e+02
-3.665597951258192211e+01
-1.274589498774982133e+01
1.985298806725932863e+01
-4.473178432364873203e+01
-9.543897454099776212e+01
-3.868809971716269835e+00
-1.775925828112986267e+02
6.640971037576304070e+01
2.081750057041151081e+02
1.214373952550413662e+02
7.572867724166083292e+01
5.038922553601631904e+01
5.928613285708981273e+00
-2.224256073851539384e+01
-1.148727970107666607e+02
1.844539127763206068e+02
1.602932912044695115e+02
1.032247419933046189e+02
1.133524203770544574e+02
-7.849067323545267527e+01
4.228343066935534722e+01
-5.613347022481494264e+01
-1.576584293033935857e+01
9.736122830352569224e+01
-1.466446575283670484e+02
-1.718442909253936648e+02
8.518597977878719973e+00
4.292196611120022709e+01
5.374083787061696427e+01
-1.858565797725427515e+01
5.940562754600306583e+00
-9.123743143619523721e+01
-8.886830147656201007e+01
1.080413785005269887e+02
-8.025821944515269024e+01
3.072997356507355704e+01
8.047029463471972122e+01
9.894811523178464086e+01
-7.899255936194498418e+01
1.716533430055987708e+02
5.810293549264283541e+01
-7.772251072238989877e+01
-1.914394130840396713e+01
-2.760152962126258558e+01
1.842199529004661684e+01
2.753558818356034266e+01
-3.942213897277279244e+01
9.238382144350681813e+01
2.782896041566516843e+01
3.160773046072374726e+01
3.845073606718591464e+01
5.764854847032029994e+01
6.315596450817842111e+01
-7.740903192493306051e+01
-4.663011557816442121e+01
-2.511473241285141000e+01
1.750852547730318420e+01
-2.673432815232328608e+01
6.605289301886465125e+01
-1.281809750952533378e+01
5.336532678937639673e+01
-1.023342643972789006e+02
1.751750174336879127e+02
-1.795781335948502289e+01
6.868069355610765570e+01
9.873715499654922212e+01
6.437187330664264096e+01
-1.184957907267120802e+00
-3.550415889934933844e+00
4.912505397029453746e+01
4.364366195656648273e+01
-3.445429340241167893e+01
-1.803576452974639324e+02
-8.223284548774363145e+01
5.385168291349545910e+01
1.004017187863027658e+02
7.269476956626724018e+01
-6.934909221259151479e+01
7.902227166275508807e+01
-4.744820758340444478e+00
-6.212437054571147854e+01
-5.472000501667844219e+01
-2.138392076129866037e+00
4.518495391194325528e+00
8.001277529281541945e+01
3.337283957496706677e+01
-1.266312201202564225e+01
2.026646317641168196e+02
4.234831800791427625e+00
4.281845063701925369e+01
-1.081106495786650612e+02
3.261162824886445044e+00
5.355011593354046795e+01
-3.578886571725995225e+01
-5.567484616467776704e+01
-6.456635548779967593e-01
1.516739188997227394e+01
1.445053174440548993e+01
-3.418250666390908066e+01
-2.507946047396600164e+01
7.342392634046514388e+01
1.456856136043737848e+01
-1.183084974066219957e+02
1.633424150567813911e+02
6.623737804494516013e+01
-8.975818378369915251e+01
2.874965417026475478e+01
-2.208458258172449007e+01
-2.740050682142043215e+01
5.969281360595338271e+01
-1.649285876909223134e+02
-2.747252061697600922e+01
1.653864988792544182e+02
3.101118942199531148e+01
2.590032790406593222e+01
-1.794832745656719908e+01
3.175845151046480197e+01
-1.216909632806024177e+02
9.987261365380381051e+01
7.005779147579282551e+01
-2.433083163527201442e+00
3.071940380786672620e+01
8.132588759457220817e+01
-4.653789352540744773e+01
2.560928862578395737e+01
-1.021590496202279219e+01
4.391915691674307709e+01
1.472114863137558132e+02
9.211687035527026524e+01
4.762969909675893376e+01
4.506920079452181938e+01
1.515603133946511321e+02
2.901311740850411880e+01
-9.326503736475090989e+01
-1.896098855973532409e+02
-2.407122144977105194e+01
-6.907951780985224843e+01
7.927044546413755199e+01
1.670918030442079214e+02
9.124598348994015851e+01
-6.443441663290435883e+01
-7.645036560321295838e+01
-2.926933633861571238e+01
6.443394410311829468e+00
1.306655360866005253e+02
1.096258648092054528e+02
-1.813788374826023073e+02
-7.846386989543488255e+01
8.797494282441866176e+01
-6.138032967836319642e+01
-3.430872941096441764e+01
2.460924725707965521e+01
7.974699588147525731e+01
-5.803129109948492470e+01
7.176766695227198056e+01
5.045369036017105913e+01
-1.296855069573577737e+02
1.462607395342291454e+02
2.040693973772820584e+02
-8.601031543380106115e+00
1.578173724915599507e+02
-1.370359294276260300e+02
9.486280793249454746e+01
-8.029297060746411319e+01
1.149121622916958358e+02
-1.032385980720166003e+02
-6.528735361820977801e+01
6.170441897026101685e+01
-8.159812499507047789e+01
-1.514479218904947686e+02
-7.172007153019498205e+00
-2.201190114220491978e+01
-4.168822811595215683e+01
4.165093510398585863e+01
1.404439434485095717e+02
3.322247791436767983e+01
-4.862552361197899842e+01
1.948865200299744416e+01
2.891176506916972855e+01
1.230847498732747312e+02
-6.203375109917147512e+01
-9.809741170133247579e+01
3.272431758816605907e+01
8.950224438076975275e+01
-1.234390196808104463e+02
7.251714594427849647e+01
-6.360627185341866152e+01
5.059214612456842985e+01
1.544577219625441842e+02
-6.211696173012803968e+01
-1.588338639786232704e+02
8.128077203531103123e+01
-8.623786169082111996e+01
-1.791598848142865563e+02
-5.770695874636369638e+01
9.202802054121249853e+00
6.430808451587635943e+01
1.592572513649346888e+02
6.548569963908231273e+01
-2.669376375760914399e+01
7.677350246915013443e+00
-6.057085801184548757e+01
2.503665788263661796e+01
1.586225688302110939e+02
-5.142108057024814372e+01
1.140479537816063100e+02
-2.805938422324976855e+01
2.167357221614220464e+01
-1.685599247135518510e+02
-2.777069612150728872e+01
1.137655848112506440e+01
1.843092777184919555e+02
1.012617636483367107e+02
-1.003355479781756117e+02
-1.365650766961527474e+01
-4.427730165975913224e+01
4.538820013255546826e+01
1.515874181674677779e+01
7.209896901575916672e+01
-9.821168309129143381e+01
-3.272233996337715212e+01
3.168254738229276413e+01
-1.109866679982262383e+02
-1.738744658935692939e+02
1.299975948000666222e+02
1.246395706809098698e+02
-6.871761074696445348e+01
-7.513101586335908522e+00
1.378785506385687540e+02
4.345488347808343121e+01
1.501746016087241786e+00
3.198565530375090660e+01
-6.651591390245974011e+00
-3.343352071988383045e+01
-1.164812019954288189e+02
-1.099389903257325614e+02
1.269408620123695108e+01
-1.519904493477044696e+02
-8.059097020151570234e+01
5.376723936273716475e+01
-8.773083071159845758e+00
-2.867012747278441509e+01
5.526120003581789319e+01
6.312865798603747436e+01
-5.624359561533810448e-01
-1.219073102216664211e+02
-3.021062895155345096e+00
1.174390737190536385e+02
2.235153934881701332e+01
7.650379542319947213e+00
-6.757338594671605847e+01
-6.918887518699990835e+01
2.349868537624689324e+01
-1.572867923509981267e+02
-3.031601255982341669e+01
1.052124265009491353e+02
4.050012506979365412e+01
-1.091958313355827936e+00
-4.346677729157384107e+01
-7.860202593417700712e+01
-8.589079678124991801e+01
-7.966124143896837495e+01
-3.155734257155382494e+01
-1.440431863818381260e+02
-3.106533877870788629e+01
1.070188789527315620e+01
-2.030441028136457646e+02
-1.237209059070637522e+02
-2.422437761618822094e+01
4.533015013392439130e+01
1.541299643536860060e+02
-8.680534090891509891e+01
7.679158868966888463e+01
5.349021446068264396e+01
-5.479079125242377302e+01
3.495373410079750442e+01
-1.712140662214818860e+02
1.273929624086939754e+02
-2.506631448192476341e+01
-2.646190971300572414e+01
-4.033070196334142210e+00
-3.585178263803505416e+01
1.279682231084764510e+02
-1.335061438681645711e+02
-1.547055338790383132e+02
-2.847031846715646708e+01
2.439017250625807662e+02
7.203362833048929303e+01
1.235495197257188948e+01
9.514116999335345781e+01
-1.005425893566718543e+02
-1.938825468533975709e+02
3.054861882335047341e+01
-2.365018753260153517e+02
1.524466977540201817e+01
7.236298289724952326e+01
-8.104089464470469295e+01
-7.601809252961797547e+00
-5.621717117441219358e+01
-7.160977144879778677e+01
1.377602964314542646e+02
-2.626969686490664913e+02
1.499638238521771711e+02
1.627649000403581852e+02
8.247287834841075949e+01
-4.298758505472176239e+01
6.610847515661804152e+01
-1.591026000900733663e+02
-4.133066403248533049e+01
8.833362102398627513e+00
-7.196335516893570627e+01
-1.250319411363372240e+02
-7.062187163313028293e+01
7.032050742840822011e+01
-5.663675834245191965e+01
2.265024908079895738e+01
6.797487316358095200e+01
-2.275767097826772556e+02
-3.708337315408132184e+01
4.592410917874330778e+01
-1.581605450512207156e+01
-1.988911130434700283e+02
1.174446200260456408e+02
-1.998918252800324069e+01
1.154496879385307295e+02
-5.999978019179708610e+01
2.898985155472320585e+01
-3.972425606272286558e+01
-9.343664193729874512e+01
4.629589028888187840e+01
-5.033129913578029857e+00
-1.023692485172584554e+02
-2.032470690325156149e+00
-2.196463917546775946e+01
-5.877804021898437981e+01
-1.441798653464153119e+02
1.034281871579567813e+01
6.639163182002985764e+01
-3.715219309999835406e-01
6.143662806498006290e+01
7.716746167208358997e+01
-8.813875067691775200e+01
6.354018130431513356e+01
1.131940492829223786e+02
5.157803827335446556e+01
1.160997717528695006e+02
-8.684188877282031171e+01
5.676875446731951769e+01
-7.357430263837889584e+01
-6.967166837846211536e+01
6.323473612126972654e+01
-2.394415462837018538e+01
-1.233816749068426191e+02
-1.132410079933288394e+01
9.009836437350513094e+00
2.258061263383281982e+02
-7.598039732648558697e+01
-1.775621063274258660e+01
-1.142832696821724703e+01
-3.513357581407975516e+01
-1.774492629907019392e+01
-5.652055068626243894e+01
1.391922835548162425e+02
-1.338193084809873028e+02
-5.729967536858049471e+01
4.791549552707702730e+01
-8.600325434125356594e+01
5.727611606895175811e+01
4.825650476118762100e+01
-1.031700178055380235e+02
7.034095717426410488e+01
-7.383719380870181226e+01
-4.041012760203663134e+01
7.152627200322390877e+01
-5.981725183459970197e+01
-1.905256844076809131e+01
7.601458861327128602e+01
4.966892543552746275e+01
1.265979742409814257e+00
-2.547004162288446878e+02
-4.672666985429173536e+01
-1.328985063832040225e+01
-1.741078093028524876e+01
-6.070240587683528588e+01
3.866823044463492920e+01
-5.757676942549271359e+01
3.016425678927529930e+01
-7.028025841503179549e+01
1.465232251101562078e+01
2.555167619433533233e+01
3.896277484244490807e+01
2.731559149617635640e+01
1.042929062962608384e+02
9.996513845446384039e+01
5.104459827492811286e+01
2.872492513869077868e+01
-1.713687755235193677e+01
4.426078853763369381e+01
5.869735395787107990e+01
5.409590748453702957e+01
-5.205469214817228618e+01
4.519928784493460938e+01
1.312284645048397067e+02
-5.448579863763198006e+01
-1.745627107569840319e+01
-2.193268193300949775e+01
-8.984448871676829640e+01
-6.881699357254198901e+01
-1.670115661452955464e+02
-3.623207996373766804e+01
5.267265872512167846e+01
-6.807446870143981243e+01
1.093659605668206041e+02
1.744986034973382516e+02
-9.895040458451209275e+00
1.962323365246647029e+02
6.755468840242613737e+01
-4.318226886174513623e+01
-2.252032582287140983e+01
6.483693541905734037e+01
3.154786237720762898e+01
7.832112963682587292e+01
3.503146318735194598e+01
-8.579937549756266435e+01
-5.689981149746606093e+01
-1.653676117453030088e+02
1.810375597024057015e+02
-1.061155529434979599e+02
7.927188395613799621e+00
-9.047204630560635508e+01
4.091149368887509752e+01
6.149871690256529888e+01
6.681747823973705636e+01
1.864026491885492476e+01
-1.214892386370318356e+01
3.665760357300298011e+01
-7.008832216502261758e+01
-1.848539149971387303e+02
5.389328044999496470e+00
4.891281880577554197e+00
1.426237091820423473e+02
-1.838280447595830083e+02
-2.672450023900551841e+01
4.346925203588254760e+01
7.455372200374174696e+00
-3.966578985496011711e+01
-1.914505781424976050e+01
4.587234995869251541e+00
-8.839149164842665130e+01
6.980533440349934438e+01
-9.578443571128750023e+01
-1.519992712811791868e+01
6.013815059008030062e+01
5.809091640334265350e+01
-1.745564026681028338e+02
-8.099778745125369994e+01
-1.204501155865331441e+01
5.355889912236294848e+00
-1.293054328660201691e+02
1.447812046056433530e+02
-2.899947525536038029e+01
-1.636498258158308943e+02
3.102641431505951619e+00
-9.809378995882811125e+01
1.546364018406866236e+01
-8.665958287530841631e+00
-1.708947454044875656e+02
-1.434810749278747544e+01
3.961776034291798965e+01
1.319114692396648252e+02
9.290266056903213610e+00
-3.642127886404250603e+01
5.848479062216669178e+01
-1.007744463294764046e+02
-8.453301585954370978e+01
-9.549805521248588391e+00
-3.388351589066132874e+01
1.655966836706198109e+01
7.857992355329774625e+01
-4.357037886403171711e+01
-1.269124288657884669e+01
-7.540223464701331579e+01
1.009486932685087908e+02
-6.264991118937386716e+01
-1.949946587527716346e+01
-2.096723776629569613e+01
-1.402992859133420112e+01
-8.204416853389876962e+01
4.852414485374828956e+01
-8.234710943078708567e+01
-1.404334021851416594e+02
-1.404583877201153257e+02
8.153958601072929246e-01
5.910079427706404687e+01
1.563388300086153890e+02
-1.769969435498196475e+01
7.052004332683575072e+00
2.608194782475385498e+00
-2.448395531206010389e+01
-9.146198201210344791e+01
-4.989248464302214359e+01
1.973358402151788127e+01
-1.007548969570893576e+02
-4.107912278887987156e+00
-1.751544270333413067e+02
4.647247364409652448e+01
2.069093634003301574e+01
2.604990724077125819e+01
-1.285459679878169084e+02
-4.640048955953993470e+01
6.376587027082268833e+01
-9.225102431522921620e+01
1.787827506367464423e+02
9.628526643249839978e+00
1.337728035983623265e+01
-3.241550371175127765e+01
9.110547439360952637e+01
1.657537614250985030e+02
1.333550548079838620e+02
2.770722278408195294e+01
4.770708496392224873e+01
-5.999923063196238360e+01
-3.785864390742847263e+01
-6.109157797656209254e+01
-2.538496016726537796e+00
2.693064716254323088e+01
9.267831431752540539e+01
-1.543672111947566350e+02
1.174019770593465317e+01
2.672632409449259328e+01
-1.894928075599662520e+02
1.549897967610608518e+01
3.178120478767682044e+01
-6.605861183980189821e+01
-6.563183293713461808e+01
-1.235787391893803573e+02
-1.524597545643216279e+02
-7.927277503229549893e+01
3.580546894582582240e+01
-9.904485626935637299e+01
-1.762289165170646186e+02
6.135813731125995218e+01
9.985725594617314016e+01
1.268153911633893784e+02
-6.718050627089246163e+00
-1.288989059874961640e+02
-1.599846639651767646e+02
1.748549292636604378e+02
-2.498581907780881295e+01
-8.215606589423551043e+01
-6.014561181326424588e+01
-8.576921744597403574e+01
-8.282263406508681669e+01
8.588509598582224669e+01
9.584819440378380762e+01
9.209368451409198997e+01
-5.509819285155804636e+01
8.855819740983244870e+00
-2.999966509214077703e+01
3.092645374803148428e+01
-6.101523372987454508e+01
1.558712809915963362e+02
-1.820661055671023476e+01
-2.207440888479270225e+00
7.373808885579535399e+00
-1.748194596778806797e+01
8.152479558613045185e+01
3.034383967611558930e+01
1.094492667111767048e+02
1.018335445322169761e+02
1.524559289380978022e+01
-3.889861376357622635e+00
-1.958188727527315764e-01
-6.300989095414673358e+01
1.807333340860212800e+00
1.210022987642615000e+01
6.663168047732916932e+01
5.796639513436736735e+01
1.235812650997564504e+02
-3.182288857366948776e+01
-1.841164094147993922e+02
-2.813349276967768731e+01
-8.872394560432186950e+01
-6.758150155268533865e+01
2.690102649029384452e+01
2.987486273377608637e+00
-5.030225150281547997e+01
8.120139126717285194e+01
1.348240007936181257e+02
4.811239174369276128e+01
-9.453749132338748495e+01
1.237185254624940285e+02
-3.647920527769426258e+01
-5.160990242677954143e+01
-1.035966776537803327e+02
-4.193616000022473145e+01
-3.846668310505184962e+01
1.665293518695609620e+01
-1.112770251129540213e+02
-5.897290146776783359e+01
1.000726421356977909e+02
-9.093734216046826191e+01
2.490075701437744371e+01
-1.278435192936459259e+02
-4.669249314938075912e+01
-1.355140133554818931e+02
9.567025216304838864e+01
1.574608844104545824e+02
4.440860127740855745e+01
5.246367471568988350e+01
-1.895635855291791358e+02
4.710128712030133613e+01
-7.462710463074269107e-01
5.564244219673588532e+01
-1.128957064568389086e+02
-7.636592707409241143e+01
-2.851164956712233689e+01
1.992879648416808536e+01
-3.810486385590265712e+01
5.929611547480668321e+01
-8.763332833003124733e+01
9.994191678325319117e+01
-1.234073150472550680e+02
2.260143805298350799e+02
-4.350593115033993996e+01
-5.360035029920569372e+01
6.483060859438809587e+01
5.453821755391626169e+01
-1.177174801983777428e+02
1.501146883404220489e+02
-1.198470491749425264e+02
-2.806682856487315192e+00
-6.061719749349748554e+01
-8.491682086796861029e+01
-1.026184495621799613e+02
3.983688209916551415e+01
-3.182443255775313062e+01
-5.129158500875130500e+01
-1.329919712202811581e+02
8.949349403908570366e+01
-1.197040470348454591e+02
2.569696825088120917e+01
3.051771456975571795e+01
-4.619196703420806926e+01
2.016154485076446576e+02
5.236637147383409996e+01
-6.396849963622249646e+01
2.963970632288024376e+01
-9.969137009441824659e+01
-4.229589400458562665e+01
1.883161906358306936e+01
-5.805766496314871716e+01
-7.693058301387635822e+01
8.255519862536139897e+01
7.591899710726301009e+01
-1.591219225622081126e+02
1.801377697243770371e+01
2.217537550481039332e+01
-1.516878440347468349e+01
-1.413936314836091412e+02
-1.815129241812989846e+01
-3.423996449991227564e+01
9.093888800995836164e+01
-1.088896572523425021e+02
-4.135659101935664950e+01
1.743428640221476655e+01
-5.744904087346313304e+01
-1.775132711094035187e+02
-1.096153690922870396e+02
6.470225675245686148e+01
-2.217908488846635464e+02
-2.440330496945809102e+01
2.242240016135798442e+01
-1.335774694743166719e+02
9.012318493098223371e+01
3.793389428453446044e+01
9.127922038809617789e+01
-2.725191569645789968e+01
3.980316221192523329e+01
-1.918371669329847009e+02
3.777382071171762590e+01
4.212494430885801222e+01
4.383233459448582181e+01
-2.127122732670110494e+01
-1.117247084989959305e+01
-7.269907223551115294e+01
1.140045125367870611e+02
-4.572272436603102364e+01
-3.644004324950377338e+01
1.617478516472024808e+02
-1.755799354088384803e+02
-4.647539489416011094e+01
-3.788007198638391770e+01
-3.757377408702157595e+01
-4.543311703218387265e+01
9.058127647558394813e+01
6.683073081543246019e+01
-7.794799289540735288e+01
-6.556350934554447463e+01
3.748350679774244298e+01
1.145821144489234058e+02
1.205022186466806460e+02
7.246085356248888942e+00
-3.339523547883801768e+01
1.370945996796891997e+01
-8.165701256956421616e+01
2.150789436987400194e+01
1.180671345680510029e+02
-1.550833217870473675e+02
-1.632595011267937650e+02
5.833997947025987685e+01
-2.009509679573109509e+02
1.245362713786613824e+02
-1.581038993104470478e+02
8.061628159812569550e+01
-4.712791802944009589e+01
3.748525407701955459e+01
4.081130980890858240e+01
9.461132036604060147e+01
2.093786961651542242e+02
-1.052387218937025608e+02
7.683734294639745599e+01
-7.021529832610515598e+01
-4.062583280722098777e+01
6.578805237822182050e+01
8.591075199012827568e+01
5.429821209323989706e+01
-2.275638985095813638e-01
6.528006948934596210e+01
1.290685616151530724e+02
-5.699894553960051269e+01
-3.338909744135854396e+01
-1.413163212725841333e+02
-2.597724365130330781e+01
3.813655428131636427e+01
3.394161288672808752e+01
-3.644612247270440974e+01
-1.153444106214653004e+02
2.317920201003303404e+01
-2.747359868464284816e+01
-6.557983401126516299e+01
-4.428019956754191355e+00
2.346511986750909884e+01
4.490560635116386479e+00
1.500062039911891887e+01
-1.280983023495550981e+02
-6.086276767871592597e+01
4.745880557948617451e+01
-2.121460299218541650e+02
1.015011227087970980e+02
-1.340971937136492542e+01
-1.099270063544133080e+01
-8.616671560796596907e+01
-1.335075779876080446e+02
7.887375040957637751e+00
-4.827136834747660288e+01
-1.305779657018988793e+01
-2.513280822499927325e+01
1.180575921875823724e+02
4.164691439473772405e+00
-2.155880275450355299e+01
4.565674602252139636e+01
5.164740633818255588e+01
6.648123901445742945e+01
1.265280474064602032e+02
4.863933159495181258e+01
3.783129336566337741e+01
-1.565493559850433201e+02
-3.659882329999662431e+01
-2.531631580790264024e+01
3.390492200641379839e+01
9.487227140329828501e+01
-8.997115509702972247e+01
1.185318594435949819e+02
-2.418681734524560056e+01
1.063955652907524474e+01
-3.362887858645112971e+01
1.214926810176727656e+01
1.669532382136855020e+01
6.711260839338041251e+01
8.897564602714492565e+00
-4.373517363786672441e+00
-2.542264629721571367e+01
-2.833885492592087019e+01
6.860381598869108188e+01
-6.899878285396985689e+01
-1.472491447459358653e+02
1.108401593245795596e+02
2.457780330840088467e+01
2.538408892041424281e+00
9.806572137195279026e+01
5.097402063686578799e+01
7.622756426136353980e+01
-6.025436865896214300e+01
-1.606639242894392794e+01
9.650280173051896782e+01
-5.350180815396245748e+01
-1.081851793460266862e+02
-6.246763776098893572e+01
-5.493400730669840470e+01
2.088097653604325643e+01
1.032368781277871221e+02
