8.546915358041964339e+01
7.451100880249549085e+00
2.731022300106170064e+01
7.346210124805992336e+01
1.468490195922151820e+01
-7.230778028498621168e+00
-2.033363462165392210e+00
-3.952484057980753107e+01
-1.330140353797636621e+01
3.093112957096135673e+01
-2.658278307809377594e+01
-1.859293742922073704e+02
3.654046061515030885e+01
1.267309410804023706e+01
-1.116812806166813061e+02
2.757837454678633904e+01
6.557998533464044044e+01
1.267129431755182196e+02
9.675051128239027776e+01
7.492163504624981840e+01
-4.070058585246584926e+01
1.573588476379209169e+02
4.390400448986409998e+01
-4.850869330236793786e+01
-9.316519307260655580e+01
-2.078356073904246060e+01
2.773893346345889910e+01
-3.076923557985752922e+01
-1.371885036052025164e+01
-4.447516125755378624e+01
4.677775285417672535e+01
6.270671275394729349e+01
1.005586310759243318e+01
4.707813958931451026e+01
-1.287248039862913629e+01
-4.946489510762194186e+01
2.648031628056234581e+02
1.125226210846614450e+01
4.315304797010722382e+01
2.026419364948837654e+02
6.016066587165953194e+01
-8.990105210731445595e+01
1.579869774520322601e+01
-1.621384806488912034e+01
-9.150414345474938216e+01
4.485945006331920126e+01
2.770888149607522166e+00
-2.780729930993821242e+01
8.412234761519674464e+01
4.561478660459183487e+01
-8.665615238968895540e+01
-9.610918823734934335e+01
1.413719387517067219e+02
-5.146536048986503431e+01
-8.158323482065982546e+01
5.969879074454167522e+01
-5.864449986403814563e+01
7.671594837235532793e+01
1.316779997575037271e+02
1.374619341827768437e+02
-2.751952042700678192e+01
-5.252011753952041317e+01
6.720083283814720687e+01
-1.080480308164587484e+02
-6.218561102040490596e+01
-3.352411714456687974e+01
-7.762709351034895633e+01
-6.327727473375494327e+01
-5.392273120649065987e+01
3.676042817275202879e+01
5.948846358536673051e+01
-8.136674640780688605e+01
2.356128445556687367e+01
-1.674686860871425864e+01
4.573634679674290737e+01
-1.815258755753962419e+02
3.118994498563511186e+01
-3.175455091626617232e+01
-9.789806417917825687e-01
-1.018454109185951637e+02
1.293807067127775667e+02
-1.992203376555228189e+01
-1.055819866151274766e+02
-6.901155101384976831e+01
1.562088958516499417e+02
-9.816923145120334482e+01
1.266490204943480364e+02
1.514347379313388942e+01
5.608840810375623676e+01
-8.656226065105990131e+01
6.189997049422772335e+01
3.374144588709596349e+01
7.008651400390803587e+01
-4.548002489944581583e+01
-6.783223638893406360e+01
-6.459214181107157060e+01
1.566548797795432506e+02
1.450217226994342035e+01
2.139339924628818679e+01
2.154028846495777429e+02
6.816043386976400598e+01
-5.569291865602974667e+01
-7.866470048355466815e+01
-1.062826038519464049e+02
7.238279296391226580e+01
-1.348901959453402277e+01
8.582674782250948908e+01
1.435740123776395478e+02
2.970769328284141508e+01
4.664881834427838925e+01
1.496924218745945723e+01
-7.750064777797387450e+00
-2.423914278363579555e+01
2.686116371218904675e+01
-4.634822841411034489e+01
2.835604866565252635e+01
-1.166718919873000004e+02
-4.282931345319398275e+01
3.211955202053648151e+01
-2.590075479053333396e+01
-4.931048234613572134e+01
-1.515013352624779053e+01
-2.149198779655372959e+01
6.228614825218868845e+01
8.500495915458957086e+01
-4.087632840597783712e+01
8.293662806270938859e+01
-9.104200407881309332e+01
-4.922735363125400454e+01
3.035182053250798262e+01
-1.417192544481306413e+02
4.186917958472362500e+01
-1.736886322168469974e+02
2.453145314828835666e+01
-3.485619850411229237e+01
3.448711360018308802e+00
1.116830677555175839e+02
8.847585994933114151e+00
-5.651225126349537220e+01
5.486173671046919509e+01
-7.235055366959301182e+01
5.856935573006415297e+01
3.796051385291292490e+01
-4.131585786005292960e+01
-1.458942866995314773e+02
-7.029788033044674478e+00
2.734423096286340638e+01
-1.091585887555434056e+02
4.727959841013278464e+01
3.254011927605170484e+01
5.677847628056944274e+01
1.274775895024478967e+00
5.512425788113243641e+01
1.899339954530193211e+02
1.456123158788385119e+01
-9.387365282223521490e+01
-1.596385527211562021e+02
-7.731924614034251420e+01
7.310525259724151681e+01
-7.765324218977991677e+01
-1.473715941558504916e+01
5.447320123002218573e+00
-4.201975970201068833e+01
9.172099858219328894e+01
5.339789412822909753e+01
-2.565318712270997139e+02
-1.894567994385333520e+01
3.588861534296134437e+01
-3.774140350653811282e+01
1.996918113291076935e+01
-2.950022006612653769e+01
1.318073625464886867e+01
-1.048316880579849766e+02
5.141861396488159386e+01
3.204460495121374919e+01
2.080164568221281129e+01
8.353545157820829559e+01
-1.490485880554635401e+02
4.555198075034250849e+01
-6.092441987167177331e+01
1.040427905448618731e+02
-1.734377020100431599e+00
1.406705731637164547e+02
5.717391381433117914e+01
-1.440559039745732832e+02
-1.465626691550727756e+01
7.285315809169497925e+01
2.016804413563395713e+02
-1.034664607729073964e+02
-6.371988251763516331e+01
-1.941430182638227393e+02
1.291616210670883280e+00
-6.444564071226857926e+00
-1.180296892743542969e+02
-4.604047566694356419e+01
-6.114163515313195063e+01
-2.198264858734286342e+00
1.536820255426076756e+02
-2.421328320523820299e+00
8.216212338730511533e+01
-1.888629667154214644e+02
6.421086356826961605e+01
3.665251509237809557e+01
8.088910350561664586e+01
-2.047217298646580730e+01
-4.026081520097488209e+00
3.549978123173639233e+01
7.432637886453987619e+01
1.104261508098902027e+02
2.195132659822178880e+02
2.467475449185911529e+01
1.198548876776321137e+01
7.275614418163121400e+01
-2.525284262308501937e+01
4.755312833188715871e+01
2.942420523713633074e+01
-9.987547291445194730e+01
-1.177166957749605913e+01
1.230499093718594992e+02
-8.768435220825776355e+01
-6.076090556655640285e+01
6.353288681738940369e+01
2.410505934105148285e+01
-1.325646665806014255e+02
5.858953721540591886e+01
1.536010861637741982e+02
-1.953895371538963133e+01
6.262193521665445672e+01
1.723293288916653410e+02
-3.394860570030504476e+01
1.011315017992784782e+00
4.625013178203619901e+01
1.419580675017975864e+02
2.506707326992168205e+01
-6.925337128892080329e+01
-9.649955069063275914e+01
-1.168360843653630354e+02
5.153824807095965355e+01
7.962570745916653436e+01
-1.263939856254368976e+02
-3.991461721915451477e+01
-1.068002216666065323e+02
-1.284495794218161535e+01
-6.855211922292558313e+01
7.191743685849647250e+01
-4.293094761964182737e+01
5.126613268658222644e+00
8.294845202253574712e+01
-1.235084703305748519e+02
2.981200001690325507e+00
-7.835194514529018761e+01
1.146692868322284369e+02
-2.461086329065148348e+01
6.394919203643976857e+01
8.643625709180344785e+00
-1.919900426461563825e+01
3.136663683050558404e+01
-6.618408391494712362e+01
-1.088179677016270830e+01
-1.101000907190611571e+02
-5.477662225496972326e+01
4.042586439376478324e+01
9.291725216684555733e+01
1.393630191612348597e+02
-6.528205995594309741e+01
-7.345994331329605131e+01
-1.163432010349630445e+02
-9.816796876047320097e+01
-7.387769638653610116e+01
-4.791109911443352587e+01
1.421016709026073670e+02
-2.006304963332394209e+02
6.692431086598639922e+01
-7.914577653756991182e-01
-1.569308881623531988e+02
-1.916497956429106475e+00
-3.438283521553327660e+01
-6.414824395563653070e+01
-1.585997378200240746e+02
-1.009240528846232650e+02
-7.994197394825231129e+01
5.524958851199139076e+01
-5.334199385962680395e+01
-1.229515521596857468e+02
-1.531868495528559038e+02
-5.108028572962120251e+01
-1.260244215256565639e+02
-1.347457180684380091e+02
-6.123721554907179510e+00
-1.046255920132970658e+02
-4.020008129254935447e+00
-9.388499220508782273e+00
-1.458442357980644255e+00
-4.698840307991337539e+01
-7.575174887336623897e+01
4.234199008211167126e+00
-2.508955107568249687e+01
6.983051954383310544e+01
-3.447831306457359091e+01
1.196379875697993711e+01
7.651732115419183344e+01
9.587896462046278145e+01
6.793391650517124902e-02
-3.124233871087152892e+01
1.390155516892990306e+02
2.203596068106319095e+01
-1.510635791213383072e+02
-2.944162911835536178e+01
7.085600535497997043e+01
-7.765181096018913820e+01
-8.059920017629303857e+01
-1.191180754112535851e+02
-1.112279736602060893e+02
1.161806127985250185e+02
-1.318087680650494633e+02
1.274558642349051851e+01
-2.527286295999514110e+01
-4.381990043449307848e+01
1.348328366997599481e+01
-7.788065686405310828e+01
-1.288897352488964287e+01
2.099217352941006354e+01
-2.348217610841565772e+01
-1.144542450402877165e+02
-5.819615125913978915e+01
-1.367234445520890063e+02
6.524005676159161737e+01
1.439889928597122193e+01
1.027543919696220343e+02
-3.746589623983581419e+01
2.543094798947189972e+01
4.663758451098985347e+01
6.168865043709169527e+01
-5.075656600358014714e+01
2.044705381339677075e+01
-1.918780420075374593e+02
1.077627779184016390e+02
-1.165439527812479810e+02
3.965918470799213225e+01
-1.131156965517124320e+02
3.183579628205331602e+01
1.546190251951778549e+01
2.820716961941935708e+01
1.550227259225500909e+01
-6.788648244155342582e+01
1.473943401380552984e+02
2.722379031764046786e+01
-6.111039257316249973e+01
-1.249756741922238623e+00
1.006993467291752964e+01
-5.648174259634004812e+01
5.748398925614306165e+01
-1.177442421251146953e+02
6.158959731979285124e+01
5.560978436614182385e+01
6.541696296582239256e+01
2.520816650878438381e+01
-3.149687756335494271e+01
-1.484168835332306813e+01
1.249341592872693418e+00
-8.158041347632732254e+00
-7.985592191231256720e+01
-8.883614733148479559e+01
1.342785626197494331e+01
3.983206945911484098e+01
-9.315882204722950632e+01
-5.012394746397712453e+01
-1.017087630087272458e+02
1.111320984768301372e+02
-4.135428237197081636e+00
-5.600597201600733044e+00
7.888403255150222559e-02
6.365253064744058520e+01
1.514938638196308673e+01
-3.202232237329778997e+01
5.902004120451537261e+01
1.227959702736133352e+01
1.925068565611284441e+02
-8.269119934111574821e+01
6.775210205997736068e+01
-9.386181926246994323e+00
3.672096922547095943e+01
7.818817905092166143e+01
2.395975210384324683e+01
-4.214084372768726183e+01
-2.205296592472905104e+01
-1.124095350726920088e+02
-8.143697075672307051e+01
-1.542257694094687679e+02
-1.861507404002299992e+01
-1.512049138541057403e+02
3.409634491764297337e+01
-1.515038558129272417e+02
1.015591771121872569e+02
6.887744267897912209e+01
2.517190996820598414e+01
-6.877375307677854543e+00
7.499099417964575309e+01
1.513657878163471366e+02
3.751994154670384063e+01
-1.572115577437304168e+01
2.054008473126010301e+02
-5.217531457667248418e+01
-2.260416598397378962e+01
-2.092071016138215001e+01
3.661165653057578595e+01
-1.232316605567759016e+00
2.733484991785949347e+01
7.158011247913353259e+01
1.776749577418074111e+01
-2.028363538524684984e+01
3.322611319943043640e+01
1.269227076312651192e+01
7.279577645692943122e+01
8.038328466898398972e+01
4.869117039165389826e+01
4.317742705223716371e+01
6.631728739784684912e+00
-8.973062579873649725e+01
1.519830449225281299e+01
2.666164566095318733e+01
-1.030336935548332917e+02
-5.613701874346287468e+01
-1.241257865846261552e+02
5.610521790794729924e+01
-1.652500463349873883e+01
1.730370397803590166e+01
1.086659889067550040e+02
-5.473843898390412477e+01
-4.932415913574975264e+01
6.595170775499539673e+01
-5.207000976842378392e+00
9.185816346669933807e+01
4.621019656528108044e+01
2.136592000733988925e+02
-1.537650001275884506e+02
-1.837946272544308499e+02
4.662574084554581333e+01
-1.430359694699451438e+02
3.673039359089120381e+01
-8.865190982062165403e+01
5.359869547215517116e+01
-6.628591881016153309e+01
5.998142399163388205e+01
-2.498125570185670163e+00
-1.368143127226938986e+02
-1.559224610500162669e+02
6.601643057302953821e+01
4.638167851233656336e+01
4.992366540799592300e+00
3.635702379315752797e+00
3.992180041353250175e+01
8.798229218889463255e+01
2.584216875362326959e+02
3.085752009716342315e+01
6.510179940734194304e+01
-1.466946698195378929e+01
8.097316990463808040e+00
-1.118482498519078518e+02
-7.039776991770641246e+01
-2.801591164582978166e+01
-1.954686202460061963e+02
-5.555181036679986306e+01
1.801341621775525681e+01
-1.791212483186684423e+01
-6.222693527719766848e+01
-5.266682882777077879e+01
5.161077190377821466e+01
1.059957259820610744e+02
6.251225887564913819e+01
1.481957085453456635e+01
6.797108997335870129e+01
-7.725400940018876383e+01
6.503946234194553710e+01
-1.990205513430955762e+02
3.756715585320814199e+01
-6.424172679350236592e+01
2.487425175094270813e+01
-2.978258500055966707e+01
-5.826976485833678510e+01
3.661874047582254121e+01
-3.024283489948757975e+01
9.972720766047318364e+01
-4.707577930217732742e+00
1.863635838906809283e+01
9.857892103386322447e+01
-3.213560934676317515e+01
6.350842679039820382e+01
-6.201806893304677715e+01
-2.056980252028230538e+00
-1.836487308488857195e+01
1.883610272796991580e+01
3.898803721730799765e+01
-2.121765100738884087e+02
7.683659263533188266e+01
-4.327327430542605669e+01
-3.715233419392137648e+01
-3.139051556382096209e+01
1.425254156198639066e+02
-1.651344022648276422e+01
1.326524070515639551e+02
2.274105541026267474e+01
-5.353028781608964692e+01
-8.478857317960741113e+01
1.286939643718947934e+02
7.953555919065097157e+01
1.169524381095485488e+01
1.151308009382116779e+02
2.129264715214548520e+00
1.060760401859154598e+02
-6.252597697648719333e+01
-1.036822526998062344e+01
7.287452359819462799e+01
2.346795794272723867e+01
-9.712354036037216076e+01
-3.036409766745912009e+00
8.103679609485492108e+01
-5.067433067337004360e+01
2.243519634664205853e+02
-5.859782138949640995e+01
-5.720205737614941910e+01
-7.556438300521426754e+01
-1.351558182027685859e+02
-2.542946743872437665e+01
-1.594140522234806134e+01
6.835709837664317945e+01
2.108276345423677611e+01
2.745662108013423719e+01
5.033189221569359972e+01
-2.947311516498103856e+01
1.158605958726666074e+02
1.858203545408093760e+02
2.183453882200006149e+02
1.559661272612724758e+02
3.915824724098051490e+01
-3.636687302915503039e+01
6.888434555007182780e+01
1.204543462462211494e+02
-7.162356289650148256e+01
-9.785349786502716540e+01
1.404745159944543786e+02
5.419031954129403061e+01
1.035480667537092216e+02
-1.413884520950471142e+02
4.185227242954355376e+01
6.375509582714294510e+01
-6.269379634204449303e+01
5.620448242409414519e+01
-2.039642996555028009e+00
5.032361015097120571e+01
-2.128750589915296416e+02
-7.825870487347405913e+01
1.791980869348718102e+02
-2.043805877900478833e+02
2.122016301822412743e+01
-3.541912814545734278e+01
1.131874956225237412e+02
-2.735588493528155851e+01
-6.663337703127574230e+01
1.820859620279069091e+01
-9.667802598445221918e+01
-1.395749421947967903e+02
2.932440583998581118e+01
-1.767018440697766550e+02
1.749358965615792627e+01
9.947614919950414958e+01
1.415669578754954472e+00
-3.955177514278478856e+00
1.452013978557894269e+01
-4.512044156837399100e+01
-1.075258575634262428e+02
-1.052913447540226457e+02
-2.950443292288071007e+01
3.641928853463787696e+00
-1.313303270418621196e+02
2.208430950291941031e+00
-5.596110489040527369e+01
-8.573619205635026219e+01
2.814660948024617326e+01
1.448890789193202124e+02
-1.234622774138768477e+02
-7.602415460187631879e+01
-2.081914603955699405e+01
-5.666421206372933739e+01
3.384593028705726425e+01
-8.503957770068004152e+01
-2.185235938864761920e+02
5.727749060639794010e+01
2.795889356392934033e+01
-5.001423205502521618e+00
-5.364006265991877598e+01
1.322131097507651099e+01
3.851935279668973777e+01
4.355350509809971271e+01
-1.306291299410186753e+02
2.197968928589381932e+01
4.548239664712669139e+01
-7.464437367737932050e+01
-1.294084456310487212e+02
-2.765127064498653198e+01
1.932200918839562007e+02
-6.803969306722990495e+01
-1.183183145534236189e+02
-1.121855404519164807e+02
7.799900847632676459e+01
1.280436951636254719e+02
-3.110613163140741477e+01
-8.260948836753932767e+01
1.841553562508831376e+01
7.033918832996596393e+01
3.595699732036888463e+01
-4.210645161590448282e+01
-2.165354730737462674e+01
5.933408317153010358e+01
3.565636966166192856e+00
-7.815927568680292836e+01
5.585471683808767551e+01
3.618583945394710355e+01
-1.242649486900824627e+02
1.709303638172421103e+01
1.735031141240946040e+00
2.792582153695144598e+01
-2.302310046434684310e+01
4.457760249008601505e+01
-4.778349038528647696e+01
1.676722288223761126e+01
-1.850688969184326904e+00
-1.782076363503457799e+02
1.135781905332342490e+02
9.669044245264797155e+01
-8.808123644737798941e+01
8.253616079606145206e+01
1.482189709552967827e+02
2.533088781235077036e+01
-1.663253580081985774e+02
5.340560771029279152e+01
-7.252075897497935131e+00
-6.786021996527557576e+01
1.380936441446100389e+02
-9.460777788056607562e+01
5.873945572393602532e+01
6.540866352577178588e+01
3.200764618882701740e+01
-3.110579260298879767e+00
6.898013876438987779e+00
9.036972196023432602e+00
-2.252055640452101670e+01
1.168509997408189065e+02
-5.214101495529795471e+01
5.677365203683804395e+01
3.214192925750516139e+01
-8.467490577845740063e+01
5.342391292697136862e+01
5.669819680622717328e+01
3.281885866571809363e+00
-3.951357164205276007e+01
-1.201572576539899551e+01
-4.609327173737266037e+01
8.416381289945289268e+01
-1.438468528658741548e+02
-1.246519807006039997e+02
-4.221359786724901397e+01
1.860145502681794483e+01
2.152573073047210528e+01
1.271062236354613084e+01
-2.721756563986272326e+01
-1.031329746823377462e+02
9.998444439186806676e+01
1.522327906085477744e-01
1.532261029775387442e+02
3.625205004543911258e+01
-1.943277865525356418e+01
6.342820333287462375e+01
1.415515450469979726e+02
1.098178132363609620e+02
-1.446885952497663368e+02
-1.919319917807438856e+02
4.751798399070327150e+01
-1.039254795467907968e+02
-2.660699233482552586e+02
3.080758605531696048e+01
5.496295965965559560e+01
-1.887573411307862159e+01
2.424708731401257111e+01
-8.462849030832826713e+01
4.481737359310558588e+01
4.472060699314896226e+01
1.000162299233883090e+02
7.806285307938131268e+01
-2.056534837743579303e+01
-5.842598794324076295e+01
4.974497151084066360e+01
3.436099497390669200e+01
-3.130201766999020663e+01
1.931954821303784087e+01
8.267096683572064819e+01
-6.578586227321325453e+01
-3.806858907704593520e+01
2.788894409911745598e+01
1.121280749411600510e+02
3.910014974541535793e+01
-1.471744996484918886e+02
-9.920264685577105013e+01
9.286565191262522490e+01
-1.408338423629382703e+02
-2.805865879377787664e+01
2.028814766134672709e+00
8.010363955303149908e+01
8.152379450844296116e+01
5.907200965538152815e+01
1.773572055669037866e+02
7.696911404159965286e+01
4.430123961384035880e+01
3.619585970502328998e+00
9.145839826489327606e+01
3.350242479814702534e+01
-6.705857615835358665e+00
-9.033383642282704784e+01
1.299498577611746555e+02
1.749429537610738521e+02
2.925299748047442705e+01
-1.595906146919058877e+01
4.330772844274839883e+01
1.325016737556629209e+02
-5.827880297779343266e+01
-4.534658007679804825e+01
2.115361961545336200e+01
-6.358648056250678593e+01
6.215973320169338123e+00
1.203157031858209507e+02
-4.048439552234676597e+01
1.114172138633295503e+02
8.629585070505929423e+01
-4.671825000560742325e+01
6.771540229204124017e+00
-5.358010590356551717e+01
-2.885023759914001928e+01
-3.652644675900771176e+01
9.209373518502497191e+00
-1.751694832256672285e+01
-6.368823664742250656e+01
-9.370333286756768132e+01
-7.444683988690927379e+01
4.430886957132872794e+01
6.368958735756590528e+01
1.940966559345818254e+01
-1.980983062741811978e+02
3.340047556846641896e+01
3.659409002410723843e+01
1.358420351486604432e+02
2.490870680163338236e+01
-6.223996654222155911e+01
-3.692677328897953970e+01
-1.396544622530755078e+02
1.537299683383293569e+01
-1.794648780912783934e+02
-4.887704314189979016e+01
2.852126534248360201e+01
-1.415764555324225284e+02
-7.285680176043275935e+01
1.205210805444047821e+02
1.218984292663708580e+01
-1.411188992502114843e+02
6.646439808898041690e+01
-1.322769600359537208e+02
1.040064801117993198e+01
-1.403580579262493586e+02
3.512569468443386711e+01
-1.918409188599611923e+02
3.654506046782633888e+01
-6.730213310254397285e+00
-6.298868790733432377e+01
-1.246392912497272789e+02
8.730664512195460247e+01
-7.823590760831731927e+01
-1.353171322294819312e+01
4.867440463822232743e+01
-1.216454400194704704e+02
-7.328507174985711359e+00
3.473556247605699099e+01
8.812910217779472077e+01
-2.017225754946655059e+01
4.400449158288817131e+01
-4.543507735618418764e+01
-2.742360390434370387e+01
7.130144034089778415e+01
-1.772465655218270797e+02
-8.821289012883811154e+01
2.233721796403493443e+00
3.475032329821753763e+01
3.684238094883939141e+01
1.518355874703729569e+02
9.696330290137208152e+00
-1.891616458289734792e+00
-8.099055977478252544e+01
-1.494298240219495426e+02
2.074929563508261410e+01
7.939941202659821329e+01
-4.391461558350022898e+01
-6.317552261260683366e+01
2.624693585241952576e+01
2.060791885125906475e+01
-8.746722921119437899e+01
2.568537935178011722e+01
-5.320354584117680474e+01
3.392556363047372514e+01
6.446320981897531510e+01
-1.109626046740098104e+02
3.583474872972954728e+01
9.593134723444062928e+00
-1.174294708686732207e+02
-2.065553085771679775e+01
9.789938274811648355e+00
-1.565210445721067742e+02
7.355360153318861194e+01
1.063499185932859348e+02
7.832384537272246483e+00
-1.191337701346092359e+02
1.138827240481102905e+02
-1.436667170132541287e+02
-2.654260902829606295e+01
1.306101319410427664e+01
8.225475465691133081e+01
5.747190750080073940e+01
1.274191115174850353e+02
-2.292208632221178632e+01
-5.480525693255664521e+01
-4.074171060259483568e+01
-1.426050975597298702e+02
-5.581376338626390066e+01
-3.470893765730556879e+01
-8.876601054566684468e+01
6.426016768377010635e+01
2.638866308704354235e+00
-1.677721670159050120e+02
2.964419029653516091e+01
-7.353705647163087633e+01
6.703944027010648199e+01
7.321805586016755285e+01
-1.098200537627911011e+01
1.317860878008844736e+02
-1.013207649955131444e+02
3.231828750043550968e+01
1.478497963097154866e+02
-3.914142526738949357e+01
-6.972654423111032429e+01
-7.566317067878493674e+01
1.168096205249851849e+01
9.475345819007834791e+00
3.164511158168841831e+01
-7.652136423297096712e+01
7.793306737215453950e+01
8.085143027434301644e+01
-8.031812212905478532e+01
7.178553159795845318e+01
9.663774297006895608e+01
4.826916129979005099e+00
-4.232451291906759394e+01
-1.026411303504542047e+02
6.908479496923233398e+01
-9.930757713997245162e+01
1.086501462497001569e+02
6.881605100659150764e+01
-1.295174259445773259e+02
-2.019497532315373434e+01
3.246027834354372743e+01
6.973408104620180126e+00
-2.562624385761672130e+01
3.885468804477346794e+01
-1.554618562904671464e+01
9.665941977894732418e+01
-6.898578350452848440e+01
1.240336132761820807e+02
5.144328691697386802e+01
5.747985681214802867e+01
-7.875485097945419000e+01
4.101559478400014314e+01
2.686904606739188139e+01
-1.586964745384942717e+02
-6.801510152736052817e+01
-1.292081505595231476e+02
3.502205305348358166e+01
1.038496773028619344e+02
-2.952737348920611637e+01
-2.489112369145416181e+01
1.704887847808899792e+01
-1.081848095271707955e+01
-1.671756307785530993e+01
1.334933858592748379e+02
2.201213472196964105e+01
-7.302363347080903111e+01
-6.453221021670741209e+01
-9.689524713336579964e+01
-1.179872075284136059e+02
-7.969084850594130387e+01
-8.414323549006309122e+01
1.134059614049430138e+02
3.868204648917768651e+01
5.941426389840597011e+01
-2.187172602467025229e+01
-7.805851376034206623e+01
-6.919154966598540568e+01
-1.603121642987877635e+02
2.114292504552292939e+02
8.148255890807038782e+01
2.627997126443378306e+01
-2.001441734380859714e+02
2.040010410855574108e+01
6.121092456454407227e+01
-1.172377855659507588e+02
1.243031115608698371e+02
-1.259039201209628231e+02
1.299859959388201673e+02
-6.453624783098351259e+01
-6.264375266451880719e+01
-6.698346130341485605e+01
9.180606593817807948e+01
1.111452117780172273e+02
4.362918121071334809e+00
3.192703555448218822e+01
3.139168310857101218e+01
1.975999083670270196e+01
-1.025523229848656115e+02
9.328479901015230169e+00
-1.400644086316419035e+01
-5.263816596516067392e+01
2.081212680590199149e+00
-1.151478027082668945e+02
-6.268340533783455015e+00
5.380683522729340496e+01
-1.630749963512526790e+01
1.391228355228392033e+01
-4.948934305623621555e+01
4.373609153380417780e+00
-1.207580407956547575e+01
7.780088009755988310e+01
3.447432302715715480e+01
3.293973333537109482e+01
-6.574768291401157683e+01
9.731906122943939863e+01
-3.243888865500381513e+01
3.122184749268167181e+01
2.022801891900510851e-02
-1.205014379101351452e+01
-3.383578988073603711e+01
-4.077713798280708346e+01
-9.005438273634452173e+01
-1.184052943832599425e+02
9.839685001814058296e+01
1.729404832694435612e+01
9.572298826279704542e+01
-3.064965631967709214e+01
-7.868176160102592576e+01
-6.816029339256549235e+01
5.259417883524794490e+01
1.563434754996793075e+01
-1.694278674823979092e-02
-9.032891504586402220e+01
1.640313238617893603e+02
-7.676161614046156600e+00
7.770261854359984000e+01
1.201954821031340828e+02
-1.921995762715978628e+02
-8.054935833623945030e+01
1.319471680937031621e+01
1.566247813341116455e+02
2.097539675992343078e+01
6.953213479404440989e+01
8.374540971899921260e+01
1.192292131705594560e+00
-1.194646197091692130e+02
3.061052731620870304e+01
-7.165695865877752091e+00
8.856123927443142918e+01
1.688906947659341640e+01
5.013678605595061555e+01
-2.936528184849983347e+01
1.715803521846845214e+01
-7.882649155858186418e+01
4.222796905933789446e+01
7.112232102029902592e+01
-1.972802669679550647e+01
1.350108678048504487e+02
4.366272805343420771e+01
2.160722698209166879e+02
-5.378922278939960222e+01
-1.755565100507649579e+00
5.327276635083844525e+01
-4.855284451370085463e+01
4.063190725843968210e+01
-3.266435514934845941e+01
-4.534537841006598313e+01
-4.923332631848124663e+01
-2.156712350760929269e+02
6.945911986711675468e+01
1.537005088929400074e+02
-1.040198722411008134e+02
-1.160147663108877403e+01
1.392587800475026256e+02
1.460262508842532725e+01
