-8.097676504216627791e+01
4.863334366416199828e+01
-7.391253285276312113e+01
6.572482944919890713e+00
9.988057769934049190e+01
-6.128427613510680061e+01
-1.504458667014387458e+02
-4.011199905107854846e+01
-1.586588507761208007e+02
-4.933705855010098418e+01
-4.000903217804924594e+01
9.038151622011220354e+01
7.914544969822360088e+01
4.380027485620939132e+01
2.298142974596503620e+02
2.902832970605419405e+01
-1.317703622987389451e+02
5.724094306434673030e+01
6.138638645017639561e+01
2.684280740794652331e+01
-4.433520892597084817e-01
1.218266986368078477e+02
-7.319297081314732623e+01
1.305064734164955098e+02
-8.041398494062374880e+01
-5.290503502337442043e+00
-7.000980354871795441e+01
4.216005769510824308e+01
8.317588395110520594e+01
6.174684257830666212e+01
-1.179963625368873466e+02
2.663597068660735800e+01
-2.252418600178778973e+01
3.136792891733760769e+01
1.068552700506760402e+02
2.378913930845608959e+01
4.541317691742784746e+01
-9.558606477672351787e+01
-9.601024993051237288e+01
9.262243429896014391e+01
4.338157175018608314e+01
-6.199761309316873792e+01
7.131948929770581458e+01
1.382177765805381284e+02
4.535306193409747522e+01
-1.333145104791082947e+00
-8.318532804411847792e+01
1.162915432720810216e+00
8.220924630841803094e+01
-6.135381187827641014e+01
1.050325034032362197e+02
-2.233183849561745049e+01
1.803269980710964404e+01
2.361178126867331528e+01
3.540882030328341301e+01
1.928281193834752969e+02
-9.404010472222680050e+01
-8.180444844852816644e+00
4.482526211060896770e+01
3.148451050800853324e+01
-7.426369052303027729e+01
1.048839893050049028e+02
5.175016803606167670e+00
8.970581724688167924e+01
7.096555374575586939e+01
5.213981058261230572e+01
2.140762012555349827e+02
-1.076959053520336624e+02
1.574087989546899848e+02
-6.850498778718883131e+00
-2.294507639246773323e+01
2.076227279928872349e+02
6.927765105814307844e+01
1.618234100605835124e+02
5.225537898570551931e+01
1.243075708057996707e+02
1.255182369221298870e+02
-6.693911159372555097e+00
-9.377448992420765705e+01
6.973059768636703382e+01
4.319621016053733342e+01
4.107914006537561846e+01
9.684664104687828967e+01
-7.611065299653940031e+01
1.340689570679176654e+02
-9.063709869344751535e-01
4.497231613676991913e+01
-1.270799085825026076e+01
-7.985984901013682702e+01
-5.520818090405190048e+01
-3.689577794942712075e+01
4.111485989423172782e+01
1.007298642307724208e+02
5.889645022374600813e+01
-1.161524902788050326e+02
-1.192677732322740169e+01
7.471127176781053869e+00
-6.518603205512589227e+01
-3.184774618845407801e+01
-7.854750765255461786e+00
9.971931283215093345e+01
6.044206258459636416e+01
1.568786246698109643e+01
-2.873496556580190386e+01
1.347706785803929392e+02
-2.011002287006704137e+02
-3.524277390249901742e+01
3.950086813829214094e+01
-8.181268680349943168e+01
1.109184867072824510e+01
-5.260849961179897605e+01
1.124326903546724310e+01
5.425544203939846000e+01
-2.916003712110859425e+01
1.103519331758558337e+02
-5.320668801409073723e+01
-8.291192686598056127e+01
2.777689272332657211e+01
-2.613229039305028145e+00
-8.019283761717946390e+01
-3.807131906024768853e+01
-1.594673554597100917e+02
-8.379010568514397050e+01
6.337640603351687218e+01
1.739449722432577516e+01
-1.720366785684094282e+02
5.020812217850472337e+01
3.967800860058328283e+01
5.888437314512187726e+01
8.201101383904200759e+01
-6.017502825918671050e+01
2.828814018788212792e+01
1.018214770473457946e+02
-6.798437650314426151e+01
4.257727634814744277e+01
-2.313348965655296752e+01
1.291651904592577011e+02
-8.860937270137515043e+01
-1.660478295819666528e+02
-3.583079043291512278e+01
-5.924230953052502713e+01
8.407479682861560377e+01
1.441020769593407280e+01
-6.476112800430823313e+01
-9.300180947636090423e+01
-2.976788753742727067e+01
-9.301236730229665284e+01
-2.828617711248537603e+01
1.867693362359362368e+02
2.336605097631648320e+01
-6.905220262133863685e+01
6.853374184043010686e+00
8.009655375921758491e+01
6.544804816844533946e+01
-4.604804960652428747e+01
1.927239838254337485e+02
-6.593047883363536243e+01
-3.126105327652175703e+01
8.962822324881580371e+00
1.149013089469758597e+02
-7.697619495443287008e+01
-1.553123494394068516e+01
5.318732918225521900e+01
1.632727102717856269e+02
1.196420408084935048e+02
7.186708854985960215e+01
4.494199628104701105e+01
5.765340773329258894e+01
-1.074172124542424740e+02
4.003328967253604986e+01
7.995386947999286065e+01
2.669830220760305295e+00
-1.217977900218848042e+01
5.701206873713834256e+01
3.202991738732588800e+01
1.522548406870592714e+02
1.704683806376649216e+02
2.684363629350548308e+01
-3.174262924855151269e+01
9.286824069461036402e+01
-1.727563739311384836e+02
-6.991296398472107398e+01
-9.685121546709487461e+01
1.455593665900224210e+02
2.184594409325393727e+01
8.509555133819890216e+01
-2.638247005143200496e+01
-3.940141388768021358e+01
-7.104200433715169538e+01
9.970319297529928804e+01
-1.494343568840015557e+01
1.002892240306305212e+02
7.574339353596980118e+01
-6.811791662730234975e+01
3.586015536156264005e+01
7.833648908889933038e-01
1.339005105475394259e+02
7.506528713359858784e+01
-4.225791876320474927e+01
6.034936677482549783e+01
-3.341167510945745533e+01
2.603313519983311863e+01
-4.221897257336163278e+01
-8.075549142444828021e+01
-7.273086422376850635e+01
1.224835342539245744e+02
-3.443479723309630458e+01
-1.449010865224691713e+02
6.517089380306843793e+01
5.660361633662806469e+01
-3.566408724226710625e+00
8.870635896845354296e+01
-1.571258548301670146e+02
1.912343050124080150e+02
-4.431221625699912892e+01
-2.119552015233240638e+01
1.866295052832722945e+02
-2.874043346526567788e+01
2.031503659660534211e+01
3.276140371958418029e+01
-1.285282127963612311e+02
-8.396123734433300001e+01
-1.723210301537931599e+01
-5.817664095859489404e-01
9.008692627768976990e+01
7.188691628944805245e+01
-6.586837229502394031e+00
-1.068479629853998318e+02
-1.176814729652940770e+02
1.044458339277883567e+02
-9.727408838752853626e+01
4.896931587965210753e+01
1.184806340449187090e+01
1.513075132632320319e+01
2.490649174697819745e+01
1.243508517221208187e+01
-9.198277932766931997e+01
2.614705495469736363e+01
-5.295743557508162525e+01
1.299140470099270601e+02
-2.982484559186962869e+00
1.331858350168285483e+02
4.024908015416287554e+01
2.722891187884194863e+01
5.562300422249526832e+01
2.170989236590263829e+02
1.703082931139987579e+02
7.219119275571391370e+01
-7.452489327081516990e+01
-1.830482511308458129e+02
-1.138871045593425322e+02
-2.594290598832772687e+01
-9.942395808278182301e+01
2.809894979945602245e+01
1.334451788017931335e+02
-1.715455544302139401e+02
-1.437264035255572310e+02
-8.761144869868947183e+01
-1.654393398787377123e+02
3.266289798263944988e+01
4.641233570924344320e+01
1.832961307044335442e+01
6.748126474540306674e+01
-4.965415256889809825e+01
-2.699326071413665673e+01
-2.282446234631574811e+00
9.994010154232357479e+01
5.268467709491175555e+01
-7.106852492646841313e+01
1.589512097877432772e+01
4.218518047031433582e+01
-6.307880579085516359e+01
5.805747189759443216e+01
-1.160880002576302701e+02
-3.090028024732421130e+01
-3.736300630706930548e+01
-4.255405920185071977e+01
6.646938071532571257e+01
-1.764196788504413007e+02
3.292194406657851147e+01
-2.067688835171028927e+01
9.336407230947200375e+00
-1.007281418874712564e+01
7.946185999660069399e+01
-1.581026476212233263e+02
-3.124099219254084403e+01
-5.709187961972240544e+01
9.948005446362633108e+01
-1.398208203713533635e+02
-7.011720108228091419e+01
4.915799532897818125e+00
1.211338012886112381e+02
4.123165591092615045e+01
1.771932739569244575e+01
1.346749526816685147e+02
7.116650909881008147e+01
-2.060409070575207977e+02
-6.119341533003426292e+01
-1.189092867138087115e+02
1.080411541223293312e+02
5.374923569544324664e+01
3.795790769405846987e+01
-4.053828457268323859e+01
-2.267489331654967444e+01
-1.438208288971713955e+02
4.064511938822715820e+01
-3.904650862795871546e+01
1.353503512141739691e+02
3.791042894757348591e+01
1.314904631869207776e+02
8.744453319503760724e+01
-2.802034115676784154e+01
-7.132660334051193729e+01
-7.295584276492887454e+01
1.286413181943706796e+01
3.317164379800998120e+01
-5.906010159949954641e+01
4.431159838863661271e+00
-1.291702491741779468e+01
-8.173062925094477293e+01
8.920455665196637085e+01
8.834197975994995033e+01
1.358209502439774496e+02
-3.252136342988517015e+01
-1.564934088073399892e+02
8.319204855437622825e+01
5.734639941573875888e+01
4.181758617322703486e+01
-8.037087541768943311e+01
4.698658508834211034e+01
8.019008410110116358e+01
6.124699108720953689e+01
4.187965234450312124e+01
-6.327885802834872209e+01
5.433202044024333333e+01
1.138205639710115804e+02
-4.268667127813386486e+01
4.563444734184463059e+00
8.283095347501546257e+01
-8.395743076894461865e+01
1.690690468189195883e+01
8.137515465684336391e+01
-1.067633121416970852e+02
-2.274989869771457052e+01
-1.169571500317934891e+02
-7.938369004453532796e+01
-4.664704122775490447e+01
-1.616250739934583791e+01
-8.140495252892257838e+01
-5.784408177735868684e+00
-8.263300177072726171e+01
8.169114219650393238e+01
7.662082552849316386e+00
1.523712269611552728e+01
-4.967443596206475576e+01
-2.307223133593321336e+02
-1.894364502557581034e+02
-5.619474306651706286e+01
-6.917188750495331817e+01
1.146549646884268299e+02
8.286999267506939759e+01
3.398221814175086308e+01
-5.553668180184184422e+01
-1.767040450599677399e+02
-7.013388569225891445e+01
4.549356251075158752e+01
-7.382325591690576516e+01
-6.849831835336996733e+01
-5.297676525344778753e+01
-1.347258893834271589e+02
-1.508622914847776997e+01
-7.696445802698542593e+01
9.424526074719599578e+00
6.039232116635230341e+01
-3.754746099608218657e+01
1.757017140219426565e+01
1.781827731672738935e+02
-3.877918766766453018e+01
1.465711796289285758e+02
6.657792094171809083e+01
9.476828400240270867e+01
-1.074705098572952267e+02
1.515998385651312219e+01
-1.836705739237065700e+02
1.662960468542657964e+02
-3.184790772479265542e+01
5.237009926782551616e+01
-1.046520099662146919e+01
9.216161987472825956e+01
4.736394948620179690e+01
6.427138838144983879e+01
-3.665962309978047529e+01
-1.990926333395747960e+01
-1.430861218789725342e+01
-5.758553767986638405e+01
4.222175231734760104e+01
-6.399108288855281756e+01
4.181971992015124329e+01
3.588084727335837698e+01
-8.673037790762441546e+01
1.199879125559919757e+01
-6.194773597279049859e+00
-3.224625778060190839e+01
1.828025096450616900e+02
-3.483630951166912126e+01
7.569155954235585737e-01
-2.317167511741773822e+01
-3.329012153604661250e+01
3.421792918338895362e+01
-3.115398740405663336e+00
2.745055939425607150e+01
3.113000730155837203e+01
6.577043851347811199e+01
1.208597571234690520e+02
-1.777183634525250682e+02
-1.890084121014749030e+02
-6.528244188765800970e+01
-3.386043422465082386e+01
-1.638568105361467531e+02
5.733560397241862461e+01
1.933265856948700456e-01
-1.095654606615832627e+01
-1.603143055673438369e+02
2.195321134533643459e+01
1.699727950367196456e+02
2.904772858240547428e+00
-1.377116894481945621e+02
-6.158803977519492889e+01
3.684908437289031724e+01
7.040839639739201061e+01
-5.357653633409857008e+01
5.140960257065918171e+01
-1.270971113391831153e+02
-2.956284738387014954e+01
2.962645666806718125e+01
-1.394502788272602913e+02
2.853402798189510747e+01
5.369902192242668182e-01
-1.377760932108767520e+02
-4.625408843528178693e+01
-1.129262322499013038e+02
-1.103687600088783398e+02
-3.604515620933812414e+01
-3.829861051831522190e+01
7.617040639036250127e+01
-6.072751418792299205e+01
-7.977330434118591995e+01
1.204946815343846822e+01
-5.981746135288233290e+01
-7.192337530881231089e+01
2.552300717116796491e+01
-4.051559740757336670e+01
-1.813600494292365397e+02
1.691036694646366243e+02
1.366400673421566410e+02
-1.878278960162433364e+01
2.457533897997276995e+01
5.371107916036221752e+01
-9.285276053398114016e+01
-1.334120748687803655e+02
1.037270627630532118e+02
2.170055571625561619e+00
-5.360309983708953752e+01
-7.967410370769610495e+01
-3.543920855999050445e+01
-2.120126194841961365e+01
6.731733883754759518e+01
2.328435666400374693e+00
-1.861859760737009140e+02
-1.286017020503478747e+01
1.146163663672835042e+02
1.802854186989897300e+02
8.536012269842470346e+01
-1.033830965182228425e+02
1.536498468938798965e+02
-4.545369959350830413e+01
-6.927529897169137030e+01
-1.429891527452509514e+01
7.814075674552763928e+01
6.076569404216760262e+01
-1.006914414587423465e+02
6.439052435732784829e+01
-4.756987254927460640e+01
1.248426392497957949e+02
7.808221261516995071e+01
1.271949813683543908e+02
9.132274287082199749e+01
-1.618246156084530583e+02
1.050511376697332189e+01
-3.729420538326465362e+01
-1.058883301411756150e+02
-7.167970391969497257e+01
1.118988786960678397e+02
1.052152259275907227e+02
-6.674148431922850477e+01
-3.925838187026125325e+01
-4.936845725177254707e+01
2.373421468981708671e+01
1.023943067060734791e+02
-1.540348191090700070e+01
-2.536027260803922090e+01
8.098952159870394496e+01
2.088188206291542315e+01
2.463934034957176777e+01
2.776989012267750212e+01
-9.304999518718034324e+01
-6.723901704030579651e+01
6.685676491384404585e+01
-8.159470989440799826e+01
-6.806015777849927417e+01
1.397982600179304029e+02
4.083217639519438791e+01
-7.103338782178138899e+01
9.816134573300435306e+01
-5.352908232493324192e+01
-2.861000580758705425e+01
1.672866476453292535e+02
1.124770601168639104e+02
-8.535418815293908779e+01
8.963177290495876548e+01
2.506981628289597452e+01
2.280602213757710501e+02
-1.146770820496232091e+01
2.408410890817500061e+01
-2.607483927033784710e+01
2.842094133262459366e+01
9.110316619080094824e+01
6.480647537071347131e+01
1.865681854955583674e+02
1.341259025547230408e+02
-3.962052951413320301e+01
6.589677324053617724e+01
1.288620913134910850e+01
-2.817284717883998013e+01
6.579104374497255492e+01
4.886534724173473876e+01
2.559712351585874845e+00
-9.821347763704144995e+01
1.048468475590472906e+02
2.167587637385756807e+02
1.419462910624224605e+02
1.310490279590805756e+02
-8.956023087956151585e+01
9.991162342354546411e+01
-1.053401222641845436e+02
-1.271423744254719423e+02
-1.410815302319126943e+02
3.415480765060546986e+01
-1.465751874975482671e+01
-8.377919051789702110e+01
-7.548922625085923599e+00
2.535187140840481490e+01
2.230731185592184147e+02
-4.966015473897601851e+01
5.300300750502157143e+01
3.394851556636031109e+00
-8.324884726168515670e+01
-1.126307174276020362e+01
-9.926430036235717580e+01
8.347961643030350842e+01
-4.956223573563578100e+01
6.342501327602999339e+00
-7.646087631583549182e+01
4.132551571232181686e+01
9.201141666211115933e+01
1.259971595506656286e+02
2.344445510362505303e+01
-9.943691866444476091e+01
1.480505997620507799e+02
-1.772343283465957242e+01
1.236144707376969620e+01
1.709673579314063829e+01
2.082014889184316431e+01
-2.401523275173568805e+01
1.038845742509691519e+02
3.932635740793146795e+01
-7.638829904936662807e+00
2.559293610295979349e+01
1.896333691919262421e+01
2.305962710801828575e+00
7.459218935672336848e+00
-3.874552993564795145e+01
3.621075668846604145e+01
6.428454824271945256e+01
4.678578708022912735e+01
-9.233532374856196157e+01
-8.770887066069023774e+01
1.110672388557762291e+00
-6.209827108721356126e+01
9.224527401880865796e+01
-1.029733948580566771e+00
-6.987577982719031411e+01
-8.165710978026537248e+01
1.471183300495878257e+02
7.475272921520202374e+01
7.560173967063551004e+01
3.155909298746890457e+01
4.964483208806502290e+01
1.033753699814941172e+02
2.286586457601335276e+00
-1.331877296728405895e+02
3.591156561904443123e+01
-7.174550299711745538e+01
-2.523451213284455363e+01
1.860128808533078200e+02
4.901156760542205859e+01
9.679287832837864869e+01
-6.841791604429204199e+01
-4.615722593243270211e+01
-6.780479678360374862e+01
-4.951568459152451140e+01
3.255822847989951185e+01
5.774080907641521776e+01
-5.140325117475747874e+01
-3.874956395987678093e+01
-7.244087514126927374e+01
2.626481037151781717e+00
-1.192750690978523238e+02
1.210597240919745161e+02
-3.470500995159729030e+01
5.729183763264172313e+01
-1.400343860060825989e+02
7.465783441915499452e+01
-6.428321674801000540e+01
5.049541383036834219e+01
4.647724953351710298e+01
1.628445092499023872e+02
-6.246487054703290909e+01
-2.728569211135326356e+01
2.336048417355510765e+01
1.023244407732334622e+02
-7.552926601637172155e+01
-3.937642813098630512e+01
1.265538757651875557e+02
-1.253024402860695474e+01
-3.904665646003627444e+01
-1.432550285253300615e+02
-6.068361750558022294e+01
7.372241600817018536e+01
9.974664086236163030e+01
8.074489049702116006e+00
-6.389358282789466159e+00
7.787437725557484036e+00
-1.022033392594994705e+00
1.262223199013908612e+02
-1.245980406693679221e+01
-3.168603875867914610e+01
-6.217598738087939836e+00
1.678534515240570002e+01
1.422843291951642897e+01
7.582001260288501499e+01
8.493614414056925455e+01
-1.032352824034302330e+02
-1.256967033179036264e+02
1.519279867338370877e+02
5.719283439537889535e+01
-1.068236997038540714e+01
2.858166763090130047e+01
1.022484154198889144e+02
-4.748855208540519612e+01
1.003232351480059492e+02
9.421299359538875251e+01
-5.393266485174803648e+01
1.126494428102452758e+02
7.487554792468193909e+01
-6.571901401906076501e+01
-4.138068054778548088e+01
3.032925871627685055e+01
-1.503107143292288015e+02
-3.391516633126531133e+01
1.318323779175137247e+02
-8.224376982896952626e-02
-3.030496897075741458e+01
2.972727932741177082e+00
6.606985423537116731e+01
-2.838030008518725467e+01
-2.613207709181143912e+01
-2.158933705148933413e+01
5.845417244130464951e+01
-1.585373331260359748e+02
2.004009815360264923e+01
-1.369265548444070646e+02
-1.894334442999451369e+02
9.629754656603492435e+01
-8.686915142122344946e+01
-1.165842435898222789e+02
-1.628296902859730722e+01
3.435854932123508787e-01
-1.210839586885677166e+00
4.136378703417349101e+01
1.329649857673190105e+01
-8.219436952934719898e+01
1.131870324818912366e+02
1.308164444267246154e+02
-6.166139313744866257e+01
-8.067637964677439300e+01
-1.386129990223861626e+02
-1.176681210023194808e+02
-6.013579613509365629e+01
-8.307165555023003378e+01
3.930770694780477470e+01
2.830580861832573447e+01
-4.600804173608824499e+01
-1.408480425783939154e+02
6.100694865601387562e+01
-4.056823609018127108e+00
-1.109181137039877569e+02
3.362821138608139648e+01
5.166961343714349653e+01
1.623187227493637295e+02
-5.642776464631471356e+01
9.176708458890445286e+00
9.029316684980736341e+01
2.072123507412869401e+02
-1.160320376104871514e+02
1.209004302207277171e+01
-6.346722314780009100e+01
1.093724380149370035e+02
8.228883775050844918e+01
-3.637143325983033249e-02
2.755132201491779753e+01
1.118122038823337405e+01
8.250268544720582042e+01
6.078266366012990574e+01
-2.395904099043261848e+00
-9.126445275336956797e+01
1.752848449890990423e+01
3.792643341229268117e+01
-6.791430889737678456e+01
1.403325027526659312e+02
-1.672733931225093329e+01
1.082711980838077466e+02
3.016183635216328440e+01
-2.860779747437556964e+01
1.020501266605301680e+02
2.973084310084140469e+01
-6.878288495961331250e+01
-7.407299210127509070e+01
-6.886507210909821097e+00
-5.565010858292036744e+01
5.465821259491977457e+01
7.833681951135979205e+01
6.571440318222707688e+00
1.859471751509650161e+01
2.420404444699914137e+01
6.172350044875121711e+01
8.953161095094770872e+00
-8.867864624582573185e+01
-6.397109005475285670e+01
-6.065232410912579475e+00
6.951187330642939344e+01
2.459377350986709843e+01
-6.533145942213165469e+00
1.275842452913400535e+02
1.178418070734652900e+01
1.506725231419656268e+02
1.186897323887082933e+02
-1.279393407106720417e+02
1.626619690472085367e+01
2.257135205535034572e+02
1.245455279702727935e+01
9.879839176304449211e+01
-2.348744840471569262e+01
-1.109022104316592561e+01
1.040873271333611427e+02
3.383664489850296064e+01
-6.763888082679729052e+01
9.433988048620074451e+00
2.348377246310118949e+02
1.757782675222298678e+02
5.394985575592089333e+01
3.436629898112391146e+01
-1.347279736482084900e+02
1.455168323995436452e+01
1.221167052475171459e+02
-1.443325566190175557e+01
2.092649170192347299e+02
-1.427734877286854100e+02
-3.512510998939056606e+01
5.964813578926846560e+01
-6.084530734547001174e+01
-1.111358061052543889e+02
-1.401951526095900036e+01
-8.808986904922464589e+01
4.856871486630429757e+01
7.292501412442959463e+01
-3.193138404907512040e+01
1.241753570325505933e+02
-4.363449514495756176e+01
-2.247207612339972727e+01
5.797993813135970242e+01
-4.470319667108406669e-01
1.223216481481428364e+00
7.774109381148611497e+00
3.728564803480599466e+01
6.812836487602676527e+01
2.291600305047836628e+01
4.434393888054366073e+00
-1.280995262856783938e+02
-8.272765696050704776e+01
1.806507141106248753e+02
-4.220746848970458842e+01
-1.538941171144401778e+02
-1.490465425254458864e+02
-6.365972260518083914e+01
-1.494320272563814171e+02
-4.596459852572886007e+01
-4.385767263675812444e+01
-5.068002878528440647e+01
4.967358273784675049e+01
1.083468569177254093e+00
-1.470745882334023520e+02
-4.551453719498182338e+00
-1.695088863702865112e+01
2.283841422871903433e+02
-1.058555018898383082e+02
-1.846852514077856995e+02
1.784978448743201085e+01
1.125082480225416219e+02
4.042239071869297362e+01
1.004108863340660633e+02
4.410295323727237360e+01
-7.475319398717313391e+01
6.499028189478909212e+01
1.259884213449512345e+02
1.234589378606915915e+02
-2.577016264702506305e+02
-7.091016725330393911e+01
-8.919663629732218624e+01
1.585235879985688996e+02
3.485489133508350879e+00
4.882771251300727045e+01
5.122274757047032523e+01
-1.205087743161083580e+02
-9.477931881626997779e+01
-3.247300330250020295e+01
1.567856294613034862e+01
5.034296445635777673e+01
3.542032522389263249e+01
-1.424053530462365984e+02
4.808542032960452417e+01
2.627165911874826065e+01
-2.053615127206265711e+00
-1.544908109635032076e+02
-1.267021575110595677e+01
6.220006322735061488e+00
-2.706759925726786165e+01
7.015379610715392289e+01
-1.280745848485864968e+01
-4.026016292283456366e+00
2.578723672445255133e+01
5.384857791586184561e+01
1.670706446257821938e+02
6.237949690117716983e+01
-6.834088441931557512e+00
-7.232369360860040786e+01
-5.514578079585477077e+00
2.663785204100613768e+01
-1.778742093277013794e+02
3.997048312184286800e+01
1.342704657759348130e+01
-1.855483689185425362e+02
-2.700009843031617862e+01
-5.130595411474551781e+01
1.829529277947015089e+02
6.403879002472038451e+01
3.269725524980497511e+00
-3.449813225154349539e+01
2.790386815449252822e+01
1.753405326759018124e+02
-4.900471641636647036e+01
-5.095167135882465459e+01
-1.110014807917901436e+02
1.286110992089729166e+02
-1.722108043846104053e+01
-1.749812351526287273e+02
1.263029967254772714e+02
2.727934360373135547e+01
-5.055132897367764855e+01
-9.244379555020617545e+01
2.202377584606998440e+01
-1.963229179227264964e+01
8.969359233681598198e+01
-2.945672543249702002e+01
-1.273414276476113258e+02
3.256399265721567815e+01
2.611037188806312770e+01
-3.848990577636853772e+01
6.408295528148347842e+01
-1.766371293738285999e+02
1.480945560133443450e+02
1.338142363447933292e+02
-3.287964946074966832e+01
1.814549982389360494e+01
-5.925803925985118781e+01
-9.889067188875219472e+01
2.945190989390934178e+01
2.306810096060954507e+01
5.266561225761645915e+01
-8.544469084137716663e+01
-1.085412495446414312e+02
-7.935287736658199265e+01
-1.707109849163861881e+01
5.047163692061717200e+01
-7.677634655896719096e+01
6.439089219816408161e+01
1.457238910868049118e+02
1.274941844218929390e+02
1.112765372142732474e+02
-1.381740437995545676e+02
4.109348534876220072e+01
2.739962808521920756e+00
-9.580431115867415315e+01
-5.021847803394994258e+01
-1.658528760827418296e+02
1.321351172446628084e+02
-2.355437028879640238e+01
3.016007953084463722e+01
-1.319058449634451051e+02
1.204064628988927694e+02
-5.874528169650780285e+01
9.041783435760707732e+01
5.452937379188594491e+01
1.087851482613513099e+02
-3.079218978290977304e+01
1.318103856650435262e+02
4.308874797187406358e+01
-3.927410290203390275e+01
9.999717103736085022e+00
-8.447723215755777915e+01
-4.744753137874288740e+01
-1.598885037078662208e+01
-5.653022206399317895e+01
-3.530849380020919170e+01
1.188402734618604484e+02
-7.145968767345438266e+01
-4.704855326930191950e+01
-9.468235873495956412e+00
7.954299550708491928e+00
-2.465946356215908253e+01
1.644224529490601583e+01
-4.593182233147813776e+01
6.384209516592489031e+00
-1.040712795015870995e+02
-8.958721133701710926e+01
-7.606061550367550694e+01
-1.578725914772618921e+01
-5.244179576986849334e+00
-1.832494497790261789e+01
1.313496852588776065e+01
-1.302408990146720384e+02
-3.522719408211591130e+00
1.110459091339696585e+02
-1.013433220522326934e+02
-6.029608399105730854e+01
-1.922613561052883213e+01
-8.444191519305665850e+01
1.077549132101387528e+02
-1.058877916377493378e+01
-8.305931988720246295e+01
-3.730342576381512743e+01
7.705938770346990907e+01
-5.051616294772323101e-01
-1.102168116953977517e+02
-2.101277201203869538e+02
-6.390294652120033447e+01
1.615198905462132117e+01
4.150625423974234707e+01
-9.654084079430111842e+01
-2.644990124100671469e+00
-2.038700466052845783e+01
-2.913522493975551697e+01
8.087205838999442165e+01
6.134855285797164726e+01
-7.987207175801914616e+01
-8.836844536695279828e+01
-8.190998723825404682e+01
-3.034206195990038069e+01
1.146983994503414976e+02
-3.837661865968544816e+01
3.264696899873290903e+01
-1.325705601531367961e+01
3.751932059882866355e+01
-2.876357179015006338e+01
1.649865673376685891e+02
-8.816440810729234556e+01
-4.444601391640481580e+01
-8.112644928911548448e+01
2.877307456563302779e+01
-9.028191066490454375e+01
9.142338166765840413e+01
4.981348355448917431e+01
-4.494330316513900136e+00
-1.052798149154288723e+02
1.002904190222055689e+02
9.551889359014644754e+01
-1.285580423990046484e+01
-1.303355648630068799e+02
-3.414050487871266970e+00
-9.123916819388865918e+01
