1.477219070394035896e+02
-5.478773485376495955e+01
-1.464175263243594749e+01
5.694131540663093460e+01
-4.308369529977815748e-01
4.090101640988780041e+00
-1.725523405487484752e+01
7.567987417937725070e+01
3.722624074183276832e+01
6.569209208147360357e+01
1.329587487890956368e+02
-4.896956327100037143e+00
9.110821380190548879e+00
7.885134399676344685e+01
1.816197791602379255e+02
1.190557992916900645e+02
-7.708523698309649319e+01
2.722686463666266121e+01
-1.079263287713581150e+02
1.338410183381185448e+02
1.225564009793932314e+02
1.303805492575696121e+02
-5.286173381572199048e+01
9.068389258623814442e+01
-9.930533521321405033e+01
-4.487250358622220858e+01
-2.432810331039228657e+01
-7.515908011037105041e+01
-4.271045873619066668e+01
2.029395687078184096e+02
-2.335994689372931887e+01
-1.820203243380869651e+02
-7.627868523854564486e+00
3.493970508213984516e+01
7.282864106018385542e+01
-1.083403787182353994e+02
1.146871773781009978e+02
2.103381324482574826e+02
-5.172288860823203294e+01
7.033555386997444714e+01
-1.255826450486742658e+02
-2.823184963636008860e+01
-8.821256568722607483e+01
2.318070707899423510e+01
1.465502600683212790e+02
5.136936011471124885e+01
5.661900853758286445e+01
1.520080729101228201e+02
1.248065205251446486e+02
1.741618962577144032e+02
1.896706355490607621e+01
1.578166848584245372e+02
1.738140655952781799e+02
5.883896442330336640e+01
-4.438837164478557185e+01
-8.564754893522614054e+01
9.069150233241835224e+00
9.885054773651600613e+01
-8.503237446235550578e+01
-1.191351976644302084e+02
1.998446571730630694e+01
-5.083280677904264167e+01
6.212753843824572897e+01
-5.222291365440734978e+01
-2.234650928884366294e+02
-1.215657599061641747e+02
4.335869172689949202e+00
1.155169081654530459e+02
-4.768311256251026720e+01
-1.675215407723932159e+01
3.782477912606424741e+00
2.672982692645876401e+00
6.158780491134949386e+01
-2.762808569144084458e+01
6.215696697245095237e+01
6.910502010747012491e+01
-1.931137881741133455e+01
-7.496116983872470030e+01
3.701010249032356825e+01
2.110550415509504063e+01
2.529790237569446276e+01
-8.451139686425243269e+01
-1.808537521830918848e+01
-3.225430246776542020e+01
1.324594306975074858e+02
-1.078138395265238785e+02
-2.711571667535708663e+00
-3.347167100751067892e+01
1.266441210901858128e+01
9.387611154711376571e+01
4.321891772478333849e+01
-9.754446405016679478e+01
-8.007739796153201439e+01
-9.152676233978084497e+01
-9.599042724042423913e+01
2.042979395668663187e+02
-1.103821819125676171e+02
6.133061734440825319e+01
-1.176166611770747892e+02
-7.264163642115244102e+01
-5.486540839576880302e+01
1.475840990743142243e+02
-8.401487203687544536e+01
-1.671253790746262098e+02
1.114912597388274236e+02
1.120708627153908168e+02
4.709931287515428266e+01
-1.768070612998667812e+01
3.225401856201330020e+01
-2.529675965476814170e+01
-9.233796821213516637e+01
7.381397925639387836e+01
-2.511333085879890348e+01
2.005197782914159621e+00
-1.447065706782512251e+01
-5.522337740669701844e+01
-2.233843153310007157e+00
-9.044732125491651686e+01
1.514472734084971819e+02
5.767974818691884664e+00
7.497647419629176113e+01
3.278963610775127790e+01
-1.879096382072309268e+01
8.915440816509432409e+01
-1.316833474881619850e+02
1.859611348573908458e+02
-1.015348850022245273e+02
5.361021606822689023e+01
-7.199713186110439089e+00
7.944959543248376121e+01
-4.167646958864340689e+01
8.623336944203079213e+01
2.762251218386876772e+01
3.406196029535007597e+01
6.043670633199412556e+00
-5.130193059201697992e+01
2.744263494436640372e+01
-1.510375369714762428e+02
8.813422971117783788e+01
7.768955761919364988e+01
-1.473435098093310671e+02
-3.423162977872269153e+01
-4.589499424842719577e+01
-1.704102839193118513e+01
4.326792495799969274e+00
-4.676329032746291858e+01
2.908433153657333392e+01
-1.406605662788687141e+02
1.015344116656394675e+02
5.151536568500988267e+01
1.876422779992584111e+01
3.586451000306558257e+01
6.534524244962895523e+01
-4.622939727736341808e+01
7.695404392670607763e+01
-3.024333668498949734e+01
1.246560152292534553e+02
1.744432077020462657e+02
-7.172250034632435245e+01
-1.452276623257470760e+02
2.772373350103332612e+01
6.556134491916893126e+01
7.171207056041515671e+01
7.726774951173011630e+01
-8.282217809753204563e+01
4.237853190280360138e+01
-1.505485398406124773e+02
6.339175354377052685e+01
4.715786633716884779e+01
6.983548176246406669e+00
1.137983480219750732e+01
-6.712695201100727616e+01
1.008180411732311086e+02
-3.556061213196673521e+01
-1.643129156564130824e+02
-5.884035569177267888e+01
-1.422713295036950569e+02
3.436725986906161268e+00
1.381245355338829484e+02
8.861654540647596434e+01
-3.484714037009581489e+01
1.309881105719774155e+02
1.140373719554541907e+02
1.487385148768689902e+01
1.031939024414029547e+02
-9.235000334439469327e+01
1.169282045742608744e+01
-5.862010835371177819e+01
-4.263974054532451596e+00
1.099514145050999758e+02
9.834836641302194948e+01
1.741553307974219535e+02
3.468613794577734666e+01
3.660980582988870680e+01
1.385667853397588658e+02
1.510870868325739877e+02
-1.097673695853483089e+01
1.786154934908087171e+02
-9.363326612000348348e+01
5.345717027130565668e+01
-2.796245123951550227e+01
3.589081482010475099e+01
2.377360143162394746e+00
7.814880575592437317e+00
-3.434948953006545125e+00
-2.708237047256604768e+01
-7.969636704650605452e+01
-4.923669926234369854e+01
-5.487490158760972037e+01
-1.444702947436191494e+02
1.260938277415126976e+02
-1.705683518332222945e+02
-5.828003302989981194e+01
-6.807760296514913989e+01
-2.348368644657182003e+01
-5.435693299701603642e+00
8.581280169925425128e+01
-1.938591126985770741e+00
-1.222381918594050063e+02
-6.742131465049506289e+01
1.303976230399841256e+02
4.086408929867664597e+01
9.867457699540445049e+01
1.283975497781345325e+02
6.354205919969455607e+01
8.263128808111765977e+01
-6.391845885202857858e+01
1.193612463725065993e+02
-1.904436829325302893e+00
4.009251768561042439e+01
3.018229285562757269e+01
-5.055264414347353608e+01
-1.430622194133996459e+02
4.006236531692222513e+01
-1.594007806649134977e+02
-1.090976274875175989e+02
1.703072398489256045e+01
-1.420859294311552290e+01
-3.253197210465199163e+01
-3.866195817441855098e+01
6.800547733337842260e+01
-5.380503892767688967e+01
-1.258170824107281902e+02
-4.089507888532614999e+01
-4.767434289502637768e+01
6.671627252543797226e+01
5.279740551220881883e+01
1.131672012009680941e+02
1.135654674590645357e+02
-1.309893017732438807e+02
-3.248102397703770094e+01
2.630663037367218138e+01
-7.474340440199326530e+00
-1.637880847455485878e+02
2.915077776924150044e+01
-1.039897465687097622e+02
8.613197861012140777e+01
-6.409399832476066194e+01
-4.556155395218539184e+01
-2.718308388262020614e+01
-2.737149390314926123e+01
1.154516781338976159e+02
4.802209995820488331e+01
-2.174377460472907444e+02
-3.899122766870980428e+01
7.626698498195568732e+01
9.504755206719531202e+01
1.419579662603022996e+01
-1.190096117189524882e+01
6.420906295448291701e+01
1.113428131280859503e+02
-5.219454433489773493e+01
-2.055594141996526791e-01
-1.456589530978428115e+01
-2.833414984890893606e+01
-5.530026937260588937e+01
-4.542121904144001832e+01
-1.142621423729636092e+02
1.484915696880885605e+02
7.827448820162332765e+01
-3.023567208026541309e+01
-6.786759227703664976e+01
-1.215130325768155295e+01
-1.750055481505006298e+02
-1.016008671262296588e+02
-7.233656675446789563e+01
1.016099152103541030e+02
3.320020342926651580e+01
-1.255031469526056709e+00
4.570706342542178646e+01
-1.436683082894346910e+02
3.803219255328247073e+01
-6.740641136145519852e+01
2.247813808647854295e+00
-3.304432028079732504e+02
-3.816877174612955770e+01
-8.289559151032993611e+01
-1.721668489217187670e+01
2.958958340665374465e+01
8.209146897300722401e+01
1.164781464273924314e+02
-1.778519539204940259e+02
-7.208539340373084769e+01
9.927608647933820407e+01
-6.086602298408563172e+01
-8.535491628446482082e+01
8.948387492149720401e+01
5.432784634547579827e+01
1.654024939737071520e+02
1.753145601703148486e+02
-1.455411571345626101e+02
9.030389766159163401e+01
-1.203067856420819197e+02
-1.968903837665393439e+02
-6.003255545705941643e+01
4.842147753573372881e+01
2.688485491595723076e+01
5.532615445262153742e+01
-5.815877607411591299e+01
-8.588573463115628215e+01
-7.507817354804609522e+01
9.938250332852010160e+01
1.482150825582580156e+00
-1.308642210880792049e+02
-5.994786072856676640e+00
5.279195597405286833e+01
-6.703755368360774014e+01
-4.309049036597271254e+01
2.398058671242671380e+02
-1.172909450874286108e+02
-4.146760405212942402e+01
-6.958351048680380124e+00
-2.808939361149641556e+01
8.952993170182679705e+01
-4.808799225592706961e+01
-7.730442607194164317e+00
5.561022065715459206e+01
5.943717625979324737e+01
1.335931350927189669e+02
9.908400412660934364e+01
4.375494189856213190e+00
-1.227994789527440957e+02
4.955909982215436571e+01
6.075372279193936009e+01
-1.306839636029961014e+02
-1.216708962521019259e+02
-8.670509114156197938e+01
-1.042713387181648841e+02
-1.148170407439019058e+01
-1.690903250987207400e+02
5.402705741812077633e+00
-1.913725979859959736e+01
-5.554956465151717993e+01
6.618858819507511271e+01
-7.448669987594060160e+01
1.430201149416571411e+02
-2.787582372010328413e+01
1.737707410431043229e+02
-3.955161999594394473e+01
1.618415856627231975e+01
-7.695447057846129724e+01
1.634136842228914688e+01
-3.689037572536147991e+01
-9.180376261142821193e+01
5.832352371975145644e+01
2.791510815854100969e+01
-1.340689740906877958e+01
4.402600992228451915e+00
1.298953503425591691e+02
3.132894601321312322e+01
-5.191659443069560353e+01
7.763821317519670195e+00
8.886203647577166009e+01
-2.217703685102248414e+02
5.082708399766104890e+01
-7.025493527993035059e+01
1.590347906133648870e+01
2.868137133409776851e+01
5.782852604466126678e+01
-4.609500397952660755e+00
-7.744525852729138649e+01
1.023043546123440990e+02
-8.654953364209431754e+01
1.130120443926131770e+02
-9.197459207911127521e+01
-6.861442263549022869e+01
-5.254793516242023799e+01
1.160947364427713353e+02
3.039145033754445890e+01
-1.227975672089553854e+02
-8.306492163796939110e+01
3.700788249243502293e+01
-1.266382179971015773e+02
3.961056285752081862e+01
6.209495162280931169e+01
-3.419135716515040002e+01
-1.741310202489452763e+02
3.459474326517608489e+01
-7.383696689854134831e+01
-2.012207788661302743e+01
8.721392186329099161e+01
-8.895396988743988231e+01
-6.894378839454395447e+00
-9.948137541044951604e+01
1.673508258433755316e+02
1.206974852250735921e+02
1.614345758884395252e+02
-1.200562528560621871e+02
5.699291314480825044e+00
-1.439683864408679881e+02
-9.413289866362677571e+01
-1.452362200051920240e+02
9.641464775404196530e+01
1.074585947369613734e+02
6.676082860732442725e+01
8.259417015940084639e+01
-8.961669117217641656e+01
-3.833827602319335881e+01
-5.125213978917741997e+01
-3.026301045258445654e+01
2.439977276385351601e+01
-1.928898350526904171e+00
5.705386767358327660e+01
2.249340723019940569e+01
-1.868875651632623942e+02
4.138114897042803619e+01
3.239014751798187319e+01
1.273925829628973361e+02
6.281665819771195913e+01
-3.518365962494100785e+01
-1.527938940870734186e+01
1.280091758294123849e+02
2.116247301748881853e+02
-8.069630988511309511e+01
1.267331457771756646e+02
7.069762472559186506e+01
5.808658670354930820e+01
-6.231037813585136753e+00
-2.726451997465439092e+01
2.230842022552127091e+01
-5.442643734253097421e+01
-4.316322947155295253e+01
2.466722346376529984e+01
-1.400980189104053295e+02
1.292855675403964142e+02
8.016423200478666899e+01
-1.406838007586195261e+01
1.060631777084571752e+02
-3.126785031673439619e+01
2.329247905715290656e+01
-1.551889796795163790e+01
1.735772030493860285e+01
1.606686143438099634e+02
1.409617616840233012e+01
-5.257236061515579451e+01
-3.920083139018062468e+01
-5.971985123701771414e+01
2.865998299745767497e+01
1.715292710180613245e+00
3.077787675126713030e+00
4.754193626671851547e+01
-4.804469922125462489e+01
2.393176978532142130e+01
1.250505416125818101e+02
9.059612192285766241e+01
2.292822536311946635e+01
2.369554644683904598e+02
-3.755705728424741352e+01
-1.989200534075656037e+02
-5.015847446327222769e+01
1.518579159279158262e+02
4.460515544102599250e+01
2.455289917273231382e+01
4.082129861673693227e+01
-3.534156720419602493e+01
4.627323751572775734e+01
1.199919871597076195e+02
5.117057329857235715e+01
-1.196434078901069853e+02
6.225985774809294071e+01
2.940545803524583235e+01
8.610186763535247678e+01
-3.740746927840258707e+01
1.007695468815837074e+02
-6.659907083290107721e+01
-8.874114513757714917e+01
1.200697330350395333e+02
6.945481283348193813e+01
4.442479833697544933e+01
-8.508441423072342502e+01
7.474871128897963501e+01
2.701127510360548101e+01
4.051235640547422889e+01
9.064650107011735258e+01
-5.558798171954126843e+01
1.405070977657300091e+01
-5.936664052296682570e+01
3.693072638349918435e+01
-8.639209022066036425e+01
8.141261895828279194e+01
1.629728189269843313e+02
1.662453489858466469e+02
5.073291251081661812e+01
7.428380149273135657e+01
2.753146698758303756e+01
-1.384285768057486798e+01
9.718816186938290969e+01
-1.290764721296700657e+02
4.682847922909924421e+01
2.002096898594833974e+01
1.272241228932024057e+02
7.024602097128131106e+01
1.806632454484360437e+02
1.302646600485512067e+02
-9.849936920809135188e+01
-9.160057618024465853e+01
-1.590315432692861464e+02
1.572818229784556365e+02
3.900437829661264288e+01
-2.347089948399884918e+01
1.137267156703948956e+02
5.905604571177147477e+01
1.002571532316609790e+02
-1.084190639946607320e+02
1.183461092872143610e+02
-8.661484792782553654e+01
-7.324237605436056242e+01
-1.024726688096938254e+01
-1.949419480278483832e+02
-1.574034000103266067e+02
4.319615905554602620e+01
-8.944262044505073561e+01
-9.281623898841212394e+01
1.522739964701037536e+02
-1.688824048763464418e+02
3.021046782761259664e+01
6.035776862717948177e+01
3.679581868580527981e+01
1.281173642710546687e+02
-6.062487930092947863e+01
1.019548054917353852e+02
-2.613577991527798972e+01
2.296827589896952873e+02
-5.118610664114109454e+01
-5.885028352411228525e+01
1.206631135805493749e+01
8.183306792829327492e+01
-7.807613239224632196e+01
-5.708500414468284845e+01
-4.390717820336799093e+01
8.902993074105818749e+00
1.015659454913577804e+02
1.137680066648904109e+01
-5.520299680395312159e+00
6.632880567718106590e+01
-1.123613468041347261e+02
-1.466004503950661899e+02
-6.363643842955114138e+01
-3.618183050599114381e+01
-3.182355937575320937e+01
-5.858048797162108912e+01
4.589245245122959460e+01
1.142606705255216326e+01
-1.078318526003832574e+02
1.266950053678367567e+02
1.405204672326468653e+02
6.354669960948427132e+01
-1.956651408648997403e+01
-1.007131270773253391e+02
9.615852696772860497e+01
-2.990401358311422086e+01
4.383254371830106777e+01
-2.398027569316430458e+02
-8.511382715662529108e+01
1.201007366065511661e+02
7.847511539748039411e+01
-1.278815478711803877e+02
-4.394562816848945630e+01
-1.785770795366521213e+01
1.864993628092931601e+02
3.530016652084709250e+01
-1.761078452818603068e+02
-6.643049400821954009e+01
5.644301232439883620e+01
5.898115876859169049e+01
9.838496430553426819e+00
-6.785462209524341404e+01
-1.129661139199061637e+02
5.642079756342998564e+01
6.522082391459028372e+01
2.083117746819891281e+01
-8.614602397279507784e+01
-1.466453769481040581e+02
8.894416684610456514e+01
1.544187736884675566e+01
5.755553580010286652e+01
3.537646509371049319e+01
-9.831928278752818073e+01
1.534806695215324339e+02
-7.791380176278892122e+01
5.525178316482097785e+01
1.906074823917307128e+02
-9.959344138503068677e+01
-1.459786849856645086e+00
1.254044703846289366e+02
1.973041004074397620e+01
2.205288267450318784e+01
-2.411832911855143493e+02
-1.210748076575427135e+01
-8.266606273478754474e+01
-1.227814551155123723e+02
8.368170264527336144e+01
-5.324120629888390255e+01
-3.022806370943685650e+01
8.171913623431238705e+01
-8.654927961640004241e+01
-7.353368508121390335e+01
-8.671752626340912684e+01
1.608318935843246811e+00
8.255224415793797732e+01
1.067669453827383137e+02
-7.925896978720467700e+01
4.330611197084067499e+01
1.049515590172229764e+02
-8.692861217902644455e+01
2.193965503028408648e+01
-1.031420648183531910e+02
7.524484004305924145e+01
-5.166175940071738637e+01
-7.717354005060663269e+01
7.989840965898775949e+01
2.686578108999062238e+02
5.460895711956388965e+01
9.875309576814645496e+00
5.080607623706646336e+01
5.685945790929213217e+01
-1.178407640603778646e+02
-5.533409447904669776e+01
3.189949969736551694e+01
5.635573094871691779e+01
-1.934668179473809957e+01
2.287779554724766129e+01
-5.563623097663328565e+01
1.315330714506097252e+02
-1.843178691215392462e+02
-6.153348884992537648e+01
1.611771313036325068e+02
-4.059693599571031086e+01
7.825108648290894564e+01
-2.287255103335022710e+01
3.398155448676710932e+01
-5.442400291726029593e+01
1.319380244191686700e+02
-8.959761279000005629e+01
1.846319657916099573e+02
-1.438006548897873529e+02
-1.819128840825996463e+01
8.964192693706949910e+01
1.808146738095061039e+02
5.037238448655010359e+01
2.454595205031850824e+01
-1.437230553260641486e+01
2.405436424143388052e+01
3.020689835270128754e+01
-7.891324327990753318e+01
6.376922699305225706e+01
-1.361526450244185753e+02
6.685143306525910134e+01
2.851414511293571152e+01
-7.771414759986710408e+01
6.000723074491452280e+01
-1.218447218192384440e+02
1.268031690690900781e+01
-1.433718886485451378e+02
-1.342085726958825731e+01
1.133922289852978196e+02
-8.657038032443688280e+01
-2.643647422984494355e+01
2.044643431111940046e+01
1.197231725705327960e+02
-2.122498569981162220e+01
4.530518482852018991e+01
-2.391939662373544806e+01
-1.449023909293408110e+02
1.761098285475271439e+02
-1.149349010375900662e+02
-4.037213923217414191e+01
-1.362184388998752809e+02
2.526546103032910651e+01
4.266227243577674244e+01
-2.764860386587102070e+01
-1.024360758174893391e+02
1.353819911679401855e+02
-2.581519616917721649e+01
5.374903352670610701e+01
-1.405569006075999141e+02
-7.742535709570175584e+01
9.067854133063564248e+00
-3.928474933436170602e+01
7.269170842497437945e+01
-6.685818343223652960e+01
-7.108137897056866450e+01
1.757458289986637681e+02
7.308573863596060960e+01
3.645048778179134530e+01
-4.910288727796506691e+01
-1.624554842343351311e+02
-1.673093535618844285e+01
7.791067217195683270e+01
1.099018889325392934e+02
5.164460287015047335e+00
7.179639868618534138e+01
-7.077216837899744917e+01
-6.804914821072173936e+01
-5.119829535693428113e+01
-1.770141686531366645e+02
4.637370316526838820e+01
5.048807535060337415e+01
-1.642125371585838707e+02
2.540178771612469433e+01
2.792151227115290624e+01
1.706454533598649448e+02
-1.930603873158685246e+01
1.256431577165290605e+02
7.649931005622697455e+01
1.167336782985374839e+02
-7.569361369467361556e+01
-5.809831762271353739e+01
-9.140545251509603020e+01
3.928969187656723960e+01
-4.628069334609294039e+00
6.440936729783402370e+00
-6.877560538400786072e+01
2.598221077462297046e+01
1.444815426473571973e+00
2.918442221309444307e+01
7.781286868072456286e+01
1.274631136921910155e+02
1.522736048717597157e+01
-2.066102243553030746e+02
3.864200157736579655e+01
1.087080397695296199e+02
3.127065844361574065e+01
6.531530771149122927e+01
-6.419088302640939503e+01
-1.852358123813296586e+01
-3.733721496956915331e+01
-5.629797416094112350e+01
-7.702888134328169656e+01
-8.330519637955224876e-01
-5.958469872995845407e+01
4.719955252089849118e+00
-6.972329895546022271e+01
-5.546091669143753222e+01
-1.934989888063339691e+01
6.560783253759062461e+01
-5.975329898956093899e+01
-4.922096104712881726e+01
1.885889069895003445e+01
1.037697665962481466e+02
-3.905064351383573751e+01
8.832858991820856431e+01
1.052105217314971419e+01
-1.889985954490937843e+02
-2.170055935602193387e+01
5.970095800033732303e+01
1.272142385227137709e+02
-3.049095357454464761e+01
-8.878209184310298951e+01
3.987126213486943627e+00
2.070266446927283965e+01
-8.621557235453130374e+01
1.576830143746816937e+01
-3.743923984737471677e+00
-3.382164023509493411e+00
-3.180319238502323387e+01
-2.228043599128771390e+01
-8.023766512875198487e+01
1.102786716023642697e+02
-6.267750921234678430e+01
-2.826958995244805450e+01
-1.484598691653737603e+02
6.283489542727900101e+01
9.412863739623787751e+01
-3.231479452487987203e+01
-2.339047768608091005e+01
1.035978302901124977e+02
-1.653407496698130501e+02
7.884874551436523404e+01
5.260680390068910128e+01
-2.036147265751711544e+01
-5.745735914290060009e+01
1.616190027034278742e+01
-1.272655618040042569e+01
4.515503909219941647e+01
-1.833149060981433252e+02
-2.147127295175850747e+02
3.112043709557929461e+01
-1.780054660933523181e+01
-2.896293385466428205e+01
-1.525681224442182327e+02
-3.935275267381371833e+01
7.722367272438832231e+01
4.288549577080662800e+01
-1.263484110608388278e+02
-2.102696936685360640e+01
3.906782298297467548e+01
1.047088653899306223e+02
4.385851796037365347e+01
1.367196226643927162e+02
-4.747649376161717782e+01
-8.725739894659317031e+01
-1.781570711755444592e+01
6.516118367818457546e-02
1.851612702987207726e+01
6.091138380617285009e+01
4.145703387420261521e+01
4.384877223808503999e+01
-5.744490583410441076e+01
1.090502284595439448e+02
9.428867485792905256e+01
-1.327980159546508787e+02
-1.048926756649623684e+02
3.741111147247490010e+01
2.436986313919926417e+01
6.566778465438071066e+01
5.416310612411940895e+01
5.666726464844975908e+01
-2.979803672518641378e+01
-1.161240896387453603e+02
-4.402131703789159189e+00
1.315079928946348176e+01
-6.552131370449264125e+01
-1.688172616056967570e+02
-1.119116786896407945e+01
3.277699451691385946e+01
1.921519503812551122e+01
-1.030270506855177217e+02
-1.715775619549692408e+02
-9.773536499116055154e+01
4.446209144121057477e+01
8.575712656427836578e+01
6.442709649415070317e+01
-3.847060892274197386e+01
1.364748371974602890e+02
1.777055643489649981e+02
-1.030319828502867274e+01
1.090796643294171560e+02
-1.317518493397856503e+02
-8.137794017624328191e+00
1.289292494604906913e+01
-3.089833572913746451e+01
-7.688673958830746002e+00
-8.416048505192608786e+01
8.982523254292493675e+01
2.443280578326590202e+01
-1.871374526180870745e+01
3.226229972776737043e+01
-3.423767873609401846e+01
9.723696697573635106e+01
-1.925207879436750247e+01
-2.079111914563335883e+00
6.134761418692412427e+00
-1.115648593942947571e+02
1.102381992114810139e+01
7.999817723757269050e+01
5.103903971515858728e+01
-6.850445960691962100e+00
2.623135093709773713e+01
1.201047324029947205e+01
1.605676853203942045e+01
-1.762797562809025109e+01
-1.394436627006737428e+00
-1.761671933661274068e+02
3.118152617475225696e+01
-1.010023984975823765e+02
-1.051340216702570096e+01
5.171352957873992295e+01
1.008362878758146479e+02
1.341650865499183851e+02
-1.416430866888857487e+01
1.382122445824969645e+02
-1.791277799225705678e+02
-5.683979938194665493e+01
1.486855434783313683e+02
3.836309724421687406e+01
-3.804185651837004745e+00
1.077846685264401430e+02
-9.150068869304605812e+01
-1.872401598190334084e+02
1.214853368814183909e+02
-1.575122480257772573e+01
-5.544857717950321785e+01
-2.347102528794146394e+02
-6.009586924689498488e+01
-6.777823671890335788e+01
3.258829403603930785e+01
-1.718032512595163723e+02
8.802783856310426813e+01
-6.458061934270605775e+01
1.512865665748326762e+02
-9.316230370925289606e+01
-8.885678435157333865e+01
-1.468660274600098035e+02
1.254680889757252800e+02
6.569195321950908806e+01
7.561753585706796343e+01
-2.597945825212295290e+01
-2.908295320550004348e+01
4.653916364493564828e+01
-1.293524775703321836e+02
-5.840136854669039934e+01
-8.293263910951910134e+01
-2.285239016082498509e+01
3.429970068060964650e+01
8.042685508539759098e+01
8.456849362263656644e+01
-2.044760557391838418e+01
2.893942791014278271e+01
3.608809623976775072e+01
-5.437764527835215489e+01
-7.128084378832926404e+01
-1.103428307962460764e+02
-1.029444663834658513e+02
-8.992001230708567050e+01
9.474121567370860930e+01
-4.552255271378039936e+01
-2.378368456231439154e+02
1.621252403942978617e+02
1.104863564673936338e+02
-1.030665274698906586e+02
-4.401344682310085688e+01
3.888731356566970021e+01
9.182054066852330720e+01
-1.816859756044672736e+02
-1.083336425440264321e+02
-2.143058459357330747e+01
3.670608619286668528e+01
-1.786125503748600352e+01
1.054307598033604449e+02
-2.822941787108888789e+01
-5.622418860686446607e+01
4.846156180333262142e+01
1.682458011300568614e+02
1.945713695553552469e+01
2.256953474689694303e+02
-3.880502382582590570e+01
-6.262943431010866391e+01
-2.273643488371572374e+01
-1.024851963842126423e+02
5.137895945652309848e+01
1.314995968533691268e+02
-1.184954441442452833e+02
1.150286336248017420e+02
-1.722611298540639098e+02
-8.040877064979449074e+01
-3.436740706738034845e+01
5.880146996539981785e+01
7.254711688013368587e+01
1.466318098858191377e+02
3.796122963134443751e+01
1.770880710067254427e+02
2.461738818877715929e+01
-3.565063451499784719e+01
-7.748767320141065795e+01
3.334760825317568589e+01
7.393842112928111021e+01
-2.964904004331378928e+01
-7.629401340606347048e+01
-1.021412579322572185e+02
3.469838776300559147e+01
-4.686579966447677492e+01
-1.090784429211299624e+02
-2.068685059383940761e+00
-1.253344344858570381e+01
-1.286027168414128141e+02
2.921424830987098886e+01
2.518377912380057282e+01
8.181914405490537945e+01
1.527119749310272567e+01
1.668961457909172736e+02
8.471137937511277016e+01
-3.945946109928011936e+01
-1.469585753080429811e+02
-7.234161110666613581e+01
-6.588203457952547026e+00
-9.814565214493347867e+01
3.439292508924833669e+01
-7.339085144530578475e+01
8.695735091838220399e+01
-2.943074779965924748e+01
-8.272651665944398758e+01
7.178860462084443839e+01
-6.851414893480921364e+01
-6.554065737964572236e+01
-1.018388463962458843e+02
-2.298271307861972801e+01
-1.275328998464378287e+02
-3.109269165433229176e+01
1.577447032122807080e+01
