-1.642441385093908224e+01
-2.782075426147044084e+01
1.760435719810499506e+02
-1.210232353766799918e+02
2.137386331835574822e+02
6.821787211765953884e+01
5.555228578637601800e+01
1.177699343652654562e+02
-8.057658634106773832e+01
-7.605312813518744974e+01
6.105755765003487312e+01
2.625140418758003591e+01
-6.281000478401124099e+01
8.592413622917764826e+01
-1.142906546485279051e+02
1.097797825721570604e+02
-2.398572577218291091e+00
-5.885299243249186674e+01
5.388742708709085605e+01
5.171335145790126830e+01
-1.537058635186765230e+02
-2.119044658485848061e+02
8.094764068764418141e+01
2.363271385735024310e+01
-3.781889929275274653e+01
-3.369066015280918691e+01
-1.338289018730013140e+02
2.657764418097774239e+01
-9.049602536676417230e+00
-9.633254197154656140e+01
-8.364136813692512362e+01
1.377071971864115199e+02
-9.901638529077546025e+01
-1.302130876760262845e+00
-4.152814539617372702e+01
8.518334545401421565e+01
1.017041333746282419e+02
-1.262290146706205007e+02
-1.073311718885572787e+02
-1.598351283069523632e+01
-7.312518008188558838e+01
-1.892408697653846161e+02
-4.206116285903693353e+00
-1.207332665552368525e+02
-4.475033956951989467e+01
-9.410695130770535854e+01
1.487172041865319443e+02
-1.764653148778114087e+02
-2.944103500111220484e+01
2.128601787461629868e+01
5.736422385974211124e+01
1.691406496651458156e+02
-9.312497954153022306e+01
1.672032089414784934e+02
-1.108628299583797769e+02
3.331311896666459660e+01
6.236111705537909700e+01
3.473970086049300221e+01
2.578143637080730741e+02
5.061919601730082263e+01
-6.738293269321688683e+01
-3.645069003270440788e+01
5.527803305162455416e+01
5.557042305330372045e+01
-5.556302576721989794e+01
-4.639505280385005648e+01
-8.490177528200422330e+01
5.363962089668434174e+01
-3.247266838318906679e+01
-9.166921285767416805e+01
1.663789016558050662e+02
7.407989685723801188e+01
-1.853127553250829607e+01
-5.509287349760344199e+01
1.959991470812175507e+01
-9.409338788686197219e+00
-1.000551082898917628e+02
-2.574953450435758029e+01
1.148716159178893292e+02
5.460518352591767410e+01
9.912510383091067467e+01
4.864116729523733085e+01
-4.597077173079961909e+01
-7.829843959608002990e+01
1.187678785545088971e+02
-1.540634352994873382e+02
2.274593348678129345e+01
4.379707919120581749e+01
1.054505777665574051e+01
4.219538932129923836e+01
-7.765113468067220026e+01
2.081177330352277863e+02
4.731117681661559971e+01
-1.137781479725424028e+01
-4.099079134560280835e+01
-2.511697170271428448e+01
-1.921042615001668139e+02
8.361867937987184973e+01
1.926416867021742689e+02
-7.409165627943649213e+01
-1.781692559724658409e+01
2.462436178537879883e+01
-2.905475743248538123e+01
2.743354333025423131e+01
-8.100692769241173607e+01
6.066827022339168707e+01
1.085130494285074718e+02
-7.661499477287378568e+01
2.633762421070303716e+01
-8.540027441135238817e+00
-8.301154632599437377e+01
5.174549064158323830e+01
5.428374264474343569e+00
-1.340584288966430790e+02
4.163219623425931815e+01
-6.779873706454622173e-01
-3.262419146331564690e+01
-4.567543957800391041e+01
-1.565606311220425795e+01
3.471938076615783242e+00
-7.343127823054777181e+00
-5.901801613235992505e+01
8.364527612500738485e+01
-1.300822334768415658e+02
8.779183773381186029e+01
2.982968848382165206e+01
4.251482095321006405e+00
6.696705404028256226e+01
-1.682707225418694819e+01
1.226919675668667509e+01
-1.241974132915914275e+01
1.042905275146292752e+02
9.173131178347203374e+00
8.385509398987788643e+01
6.170705021003270474e+01
-1.064109908532207811e+02
-2.138500279961697714e+01
4.949076692272848987e+01
-7.539276321368735978e+01
4.879278943420589343e+01
-7.085252402180188369e+01
-1.531554608821063539e+02
1.150214867045318279e+01
-2.102050992189653869e+02
1.469074646901985943e+02
1.186542534586498903e+02
-2.850313193014214335e+02
-8.806530059118910003e+01
-1.161601643036706548e+02
9.190429383723416379e+01
-9.457991772347376980e+01
-2.732787282695501574e+01
-3.818668701435034052e+01
1.532401832738687730e+01
-1.585980291519106515e+02
7.670632141911312374e+01
-1.033834906766555584e+01
5.117585103494709742e+00
-8.694662313367592787e+01
1.661918471412459652e+01
6.620000382282732687e+01
-2.299916941889451607e+02
-1.637035090811339728e+02
1.049069730069299311e+02
-7.662753458603341983e+01
5.551635511364035835e+01
2.399875918262755903e+01
-2.138547868709688515e+01
1.088890417185167365e+02
1.273704083231276769e+02
-1.551842957622085706e+01
-5.547037318825327645e+01
-5.458147944509572369e+01
6.507569030539471555e+01
2.280255211864393630e+02
-4.107149169167085745e+01
7.199297122212902877e+01
-1.669813893672414622e+02
-1.575527468866873271e+01
5.346043825609363154e+01
9.737086793905062265e+00
1.327014204187097590e+01
2.169849498685196920e+01
1.834841533377191354e+02
1.050933251286829950e+01
-1.698581890390154001e+02
-7.694898124458995881e+01
-1.136633028431820946e+02
-1.676591366178234566e+01
1.359672156286510436e+01
-1.041870475392557722e+02
1.277672502060552375e+02
4.264869387720112570e+01
-2.517566661494905134e+01
-3.129213182957316164e+01
5.518619349937524987e+01
2.767798376843061803e+01
1.688859305726016302e+01
1.862426197883520018e+01
1.575745753720567564e+02
9.356294878876826715e+01
1.259292294168602098e+02
1.939405984895986137e+02
-2.829656920748074711e+01
2.182216239048042894e+02
-1.189437359149064655e+01
-1.918998871630998471e+00
6.647649548402273467e+01
-7.893730425824647057e+01
-2.501609632675824102e+01
-3.607415085033192526e+01
-5.780255958981171460e+01
1.049519188652563173e+02
6.049057063419493119e+01
-2.436199016622808244e+01
-1.751668919258962092e+02
9.735453263075565644e+01
5.462104102037008602e+01
5.366831398982002810e+01
1.210497992395883671e+02
4.171301049879032519e+01
-8.661904593220762649e+01
-1.725088936452862924e+02
5.828307519925614599e+01
-1.001675342687851611e+02
4.850216236651121449e+01
-2.244062202361070320e+02
4.220964205932025592e+00
1.796968024989064361e+01
6.214603445556144123e+01
1.117437527960622674e+02
3.058174478917929662e+01
1.204207480486691111e+02
-1.099861460113677047e+01
-1.260590978863224763e+02
5.802112150493780263e+01
-1.759786128687353255e+02
2.222749223746040670e+01
9.017553392084508346e+00
9.423358981283311664e+01
6.927041227897652220e+01
-1.593890585929904091e+01
1.676602719077189079e+02
4.233795535226089157e+01
1.093319609618782522e+02
2.278056838287248240e+02
2.213433240205285415e+02
1.181457124922380046e+02
1.647109441139214425e+02
4.850203902611029605e+01
7.454649095101228795e+01
-6.409881350244538112e+01
6.758274625599731245e+00
1.022637596242007874e+02
8.833191326904152163e+01
-9.226280143158787439e+01
-6.972821228772323821e+01
6.555865809701948876e+01
-1.457964819066527298e+02
-1.272844383148156311e+01
-1.318537888845545503e+01
-1.112221704196890926e+02
7.512238137927334947e+01
5.349749694234193242e+01
5.235425689893457246e+01
-6.613533667177874520e+01
-8.262722569950074103e+01
-9.850698845949782623e+00
6.285046438562672932e+01
-5.759172767249622638e+01
2.670560703190774099e+00
-1.451605993041120080e+01
2.535666208362937546e+00
-7.669060654902738250e+00
-1.590155613754219530e+02
-1.192756075130482998e+02
-3.584877374820058638e+00
2.034804864143669647e+02
-6.435358620036525679e+01
1.134052353287670734e+01
1.528563260901676699e+02
-3.091817329452026808e+00
-8.972461358860022074e+01
-9.021710152065618615e+01
2.651519711130809398e+01
-8.717446710982861191e+01
-3.436748090882505835e+01
3.977744258843352920e+00
6.894254678064601194e+01
-8.227334153273497463e+01
-6.710279379840730485e+01
-2.983726255303476194e+01
-8.755158566630822037e+00
-1.997067545741133543e+01
-1.728378978199005189e+02
8.816282989184833241e+01
8.395170509383301294e+01
-1.958767108002171398e+01
1.137389981781848718e+02
1.869833013120798455e+02
1.407030238112079985e+02
-9.256652764688395507e+01
-2.026940703539595745e+01
3.322630393406548421e+01
-9.168541971657690226e+01
-1.512374284749484987e+00
1.459481388130539870e+02
-9.617668426820532090e+01
-9.306248366687168527e+01
5.511093622301149964e+01
2.715224262292986168e+02
-2.290084729306853433e+02
-8.875973946460321429e+01
-1.651862493666965577e+02
-1.048380913330124571e+02
-5.957917858057275140e+01
-1.190173111403926072e+02
-4.342541135591692125e+01
-3.178972949445591922e+01
1.068743728176745833e+02
1.450981245410185352e+02
4.558759188951881924e+01
7.337891131957624680e+01
-1.556091443886769525e+02
6.820002944806702772e+01
1.056747962863627350e+02
-2.227165526465260825e+01
6.768733717427953422e+01
1.406780393885559590e+02
1.198134891370271049e+01
-3.602323017153062068e+01
2.290909767507676165e+01
-8.527917316371417655e+01
5.221232243871839707e+00
4.782220569965473800e+01
-1.020779400240224675e+02
-1.541641928499114726e+02
-1.456455216213329251e+01
7.409958262409642948e+00
-1.332759180057931303e+02
5.971982384177886871e+01
6.988523185086988576e+01
7.844666456765975227e+01
-6.483889598193383286e+00
-1.317319426156720965e+02
1.357570936875616496e+02
-2.878215505619491310e+01
1.585859701949781879e+02
8.955635907521394756e+01
-8.626567703441513402e+01
2.847765916196047442e+01
-9.497834837590097834e+00
2.947487870725523607e+01
4.328692218130932901e+01
6.090528644391390856e+01
3.531474803447292743e+01
-6.532434267524210725e+01
-1.148000773178075207e+02
-3.349203512181016151e+01
-1.127657514445226781e+02
4.954048018195285152e+01
3.074919606464090904e+00
-7.273243419531334553e+01
1.074284810968677277e+02
1.218955413023183922e+02
-1.391244070462912532e+02
-2.009708058618354087e+01
1.688414936820443017e+02
3.498510644914312451e+01
5.643491875978475747e+01
5.357093643815068873e+01
2.268333661379509536e+00
-9.772540611610476446e+01
-5.080682537435685475e+01
1.820974980501058837e+02
2.064399610380621652e+02
7.745989022251764311e+01
3.624267449677289932e+01
6.515933798302660840e+00
-2.726597684476990580e+01
-7.871653998905682847e+00
9.050510475211247297e+01
1.006081176104333963e+02
4.540738525682272098e+01
-1.101888557332450391e+00
1.583792423451486968e+02
-9.281112427259000697e+01
1.625130463853386686e+02
-3.802431840164409493e+00
-2.993571634324344899e+01
1.163615311854597678e+01
-1.234615703602738535e+02
9.885302601444409731e+01
1.153146377757685315e+02
3.636476755936612193e+01
-6.103382318948881391e+01
3.047192072502560123e+01
-7.993691794253505734e-01
1.322244308617265744e+02
8.257500325276454589e+01
7.916159757992595303e+01
1.622902449400176010e+02
3.246169337066500304e+01
5.264230697731588471e+00
-2.562604116919917487e+02
1.080158134312359408e+02
2.238415526926034147e+02
1.315062858411198299e+01
-2.451768184900552683e+01
-3.673342079086064871e+01
1.671775646022091166e+02
-8.959173140550554137e+01
1.368795658579194310e+02
1.069983943266764612e+02
2.434844062841828816e+01
-3.681643425092915578e+01
2.162536552972951043e+01
-1.309783858920395119e+02
-6.377277476578139215e+01
3.150306381818179702e+01
7.931580805123084055e+00
-1.790119076604319730e+02
2.939667377010858118e+01
-7.661777222680005650e+01
-1.448264477448286414e+02
1.153600774965989473e+02
-1.753786077708723781e+02
-3.501144302719713153e+01
1.520558370564530719e+02
2.467803438582758702e+01
2.000674905955310834e-01
3.508135990631386392e+01
-1.229575528359698495e+02
-6.181966645902835467e+01
1.296276680475771741e+02
-1.681828129425169749e+01
-2.522405352592684480e+01
2.493580482927491460e+01
-1.123019921741720282e+02
-7.144709981172809421e+01
-8.006407123140141380e+01
6.805054996463367978e+00
1.414882974737884638e+02
5.434492618113040407e+01
-2.569387323520999544e+01
-6.991397599345212654e+01
4.898723622742051731e+01
-1.664761586437591490e+01
-1.016991995937745656e+02
4.804229366811265578e+01
1.802830500292999183e+00
-4.841874489812585836e+00
1.059584058817032997e+02
-4.904211735201278088e+01
-4.063946031897167188e+01
5.303464732535592674e+01
5.259644468070077039e+01
-8.643224985282186879e+01
-1.615363649231628926e+02
9.223744294313007686e+01
-1.208744371938724100e+02
-3.470806539773402477e+00
-1.148581995978911863e+01
-5.509404652122906043e+01
-8.565720647991207670e+01
1.092196779972003213e+02
-6.173562538745586181e+01
1.928170566660062946e+02
-9.912187257395092388e+01
-9.199388024391977581e+01
6.918111650358526044e-01
1.062311837853921332e+02
-1.524294061561874400e+02
7.041299272166743606e+01
1.187411557881259938e+01
4.025818697844285765e+01
6.540433608689262712e+01
-1.138547924672522811e+02
1.833831152705861882e+02
7.006508481512331343e+01
-2.075344780466413752e+01
3.370994596258742604e+01
1.910012124598743100e+01
5.702478583238535492e+01
4.905973374417513355e+01
1.237392649720875824e+02
5.605485006029668149e+00
4.336631072791671926e+01
3.268394026780901385e+01
2.832007599091812544e-02
1.685116352425589525e+02
-4.823796843053543881e+01
-1.281959733884917796e+02
3.583127420047145506e+01
-7.520158086160514621e+00
2.642078461793423116e+01
4.425561475737146111e+01
3.795579342841364934e+01
2.818222514186384586e+01
4.394089161603503868e+01
-3.181444771329910637e+01
4.796780654129673849e+01
6.335871136325629038e+01
-3.388520613266547343e+01
2.361801088743464305e+01
-2.799642419362660117e-01
4.815461663581179863e+01
4.372376220593920237e+01
-1.256533441154420672e+01
-1.144966704642224720e+01
-3.922419971296972108e+01
-7.271347499539486137e+01
2.077240427950404200e+00
-8.171320588557362896e+01
-6.195181496630628004e+01
-5.342271934880104212e+00
5.032060127436845676e+01
9.082978487190363381e+00
-2.401054481226168047e+00
-4.179776361697791742e+01
7.306946706950814985e+01
9.070639257524004506e+01
-3.615074256693926014e+00
7.318717110585070884e+01
1.595688295114251787e+02
4.882927680597953923e+01
-4.339029056265908402e+00
6.610575460108194079e+01
-9.154670438599991300e+00
-2.425399171308798429e+01
1.180542388846578064e+02
-2.526587532016979054e+01
-3.936990194482257266e+01
-3.342336435140585138e+01
1.332979584271128601e+02
-8.545886355054724604e+00
1.337191921522014013e+02
6.975496326312286044e+01
5.067374516801194773e+00
-2.069752343309225182e+02
1.671979326621829500e+02
4.627799142060442250e+01
-8.595621125091348347e+01
-1.111060178963505365e+02
4.842685875787793748e+01
-1.534524012106855295e+00
9.752382169759084718e+01
1.696002227689412578e+01
-2.201044517133175873e+02
1.674186448352495233e+02
2.232833819174174650e+01
-2.928281831561019999e+01
7.515368895928905602e+01
-5.340473421741819493e+01
-1.629810527636423672e+02
4.930215208278345074e+01
-6.616380925199044327e+01
1.646595615403001602e+02
-1.947792220979496491e+01
-1.617470582799824399e+02
7.211842827168048586e+01
-1.351878373490866259e-01
5.965052369237726992e+01
1.063874704436289562e+02
-1.041089577447242576e+01
-2.585819914088203220e+01
-1.642692714765889264e+02
-9.411568587429999866e+01
-9.432297511956851110e+01
5.781313691911044117e+01
-4.442502525194220198e+01
-4.277402630026089270e+01
8.801376787793033429e+01
-1.611912875296589931e+01
7.948944657777002654e+00
1.604522748039628084e+02
2.183988307671108373e+02
8.161963940139520446e+01
1.657485889621500803e+02
-9.927025721408529080e+01
2.610981550665556128e+01
-1.133415424362767823e+02
-6.927661961388847089e+01
9.290933354241386155e+01
-1.429544538781455572e+02
-1.239256431166052153e+02
4.050502529809494234e+01
1.775426496260859892e+02
7.106696241569107997e+01
-2.431512137586248201e+01
-5.129211767149239165e+01
2.455395949227240848e+01
-1.949116897587321375e+02
7.710357785038787881e+01
-1.112668707604143492e+02
-4.109130610283006035e+01
-4.693880903024645335e+01
-1.163454979321639726e+01
-7.526279568923234464e+00
1.830699164221658037e+01
-6.446365169928036210e+01
-1.561086932588841591e+02
4.326625789237959907e+01
1.352491334646782946e+02
-9.089506364865705734e+01
6.263633104605054314e+01
6.611864035300466469e+01
-3.766123618325276823e+01
-5.393889269220913008e+01
-1.114555151459835400e+02
-9.038787556143749669e+01
-1.712219799833581391e+01
-4.017170769952105758e+01
-1.040161391731041221e+02
2.232391819692197643e+01
-4.021655375619419459e+01
-1.943717972703961721e+02
-2.082854162959581146e+01
-3.969046839654531311e+01
-5.185976536303252971e+01
1.963405191946289960e+02
-5.683739048638654623e+01
-2.954701500281013082e+01
1.439840055142809092e+02
7.723492750871351120e+01
2.340338957058599068e+00
7.233275601044447667e-01
-8.033337079301465167e+01
-2.933269520386058105e+01
-2.358640034478277769e+01
4.078471062942266201e+01
1.473088191766101716e+02
-4.174624342893316076e+00
8.638102540207151847e+00
-9.292315420360232281e+01
2.391800450751600593e+01
3.521767854407902831e+01
5.666245085371039991e+00
8.236811432101849562e+01
5.587507894765780492e+01
-9.237060698093742417e+01
-7.952153361097843742e+01
1.755805834705565616e+01
-2.114080511986416866e+01
3.558439815386115157e+01
-2.446919914160202438e+02
-2.335105975807455252e+02
-3.116541946923492645e+01
-9.936918473030100074e+01
-5.305496630506628009e+01
-5.544799423853460496e+01
3.068027078864333035e+01
-4.902461839674490562e+01
1.486195993097647658e+02
-1.262950329035889041e+01
-6.376517082361205979e+01
1.620965829505031763e+01
-3.082857646856252742e+01
-1.397084928336008716e+02
7.402421617968531109e+01
1.556341783683448732e+01
1.295363140983267236e+01
-3.208051664316202789e+01
-7.902103410304545328e+00
-3.668122756449869115e+01
-2.217065733988324610e+02
-4.473311868197050956e+01
-1.117525043122047776e+02
-8.531402979747733184e+01
-4.701511784225307622e+01
2.327804979612635918e+02
3.556670686910269552e+01
-7.338314993677633424e+01
-7.646889102685811679e+00
3.403914915244344286e+01
-1.554898534489623216e+02
-5.893976084937440163e+01
4.784053341032581841e+01
1.192609281575594338e+02
-1.081913929764798468e+02
-1.447681023618951457e+00
6.907941957239658848e+01
1.909444059005027157e+02
4.180718656294258317e-01
-1.314295649127610659e+02
-2.084907336043073300e+01
6.947591342663876901e+01
8.075601227293914519e+01
2.415878618749186728e+02
1.070419501582733517e+02
3.735775131647734071e+01
-8.460231168984981309e+01
4.852478344287037260e+01
-1.607762945382485782e+02
-3.341072333621675483e+01
1.411335447761613295e+02
-1.355313416463552585e+02
-6.958909787192276930e+00
-1.953008042435784475e+01
1.699149540907978349e+02
3.013876977222856794e+02
1.180341507075993768e+01
1.453422899974171969e+02
9.941867296832494105e+01
-6.221068718960025734e+01
6.217575487389891720e+01
-9.194516341979159790e+00
-1.469123532300669694e+02
-1.224286848196106661e+02
1.193814524663115435e+02
1.153446243138814964e+02
-1.332305940708850756e+02
9.038845606020910850e+01
-1.919327426651053869e+01
8.172672383002090868e+00
-1.059692134841781979e+02
-3.103995832323786885e+01
-2.942369629459251357e+01
8.306776875399883409e+01
3.474503536858681940e+01
5.916278009593455067e+01
-1.043743130111926298e+01
-8.452133126042285838e+00
-4.652683160443483246e+01
1.023562250924497619e+02
7.791785794700045642e+01
-5.461879510754979350e+00
2.362028080913584560e+01
8.616731786513594216e+01
-1.812153460375272118e+02
1.741025119255517097e+02
5.810727100070896967e+01
1.941749772321571754e+01
1.163904557719035040e+02
3.437348526233030110e+00
1.801037824384998842e+01
1.362054889188399365e+01
-5.603876643674502844e+01
2.113847812394763253e+02
2.200693152018350318e+01
1.333823744082592384e+02
-1.481644758754454188e+02
-1.092851374486874931e+02
1.073100137245259731e+02
-5.299171754332915185e+01
-2.734216866301969162e+01
-1.782213665050596418e+01
2.430214098028994556e+02
1.817362777104966369e+02
-7.235396188380630633e+01
1.495959209309889815e+01
-1.127611040526817305e+02
5.815686327935580380e+01
8.128452137377385611e+01
-2.332621327891507121e+02
-7.692109640935561288e+01
-6.319740329058074479e+01
-4.614580280881861540e+01
-2.890696113107278009e+01
-2.901802483994005044e+01
-6.258290026662585603e+01
-1.214226537360342064e+02
-6.342612624510646668e+01
6.736406934309087546e+01
-4.264034459895611029e+00
-1.535205350485107658e+02
-1.577523133682576351e+01
-1.547702509657710834e+02
-6.542739396084141390e+01
1.466648700306500608e+01
2.719699098035390605e+01
-3.669370209058423882e+01
-1.023662041739682280e+02
8.387859511713834593e+01
1.471871138718153418e+02
-4.810889479178450756e+01
-1.323831949880108283e+01
-1.842898879222662174e+02
-1.540602848035622685e+02
1.482081088094967640e+02
-1.042699365486172702e+00
-4.619807257621977215e+01
1.434351494256817716e+02
5.240219047194356250e+01
-8.620843605437727319e+01
6.104381551957293084e+01
2.428721383778733980e+02
1.429903247733014027e+01
-7.302852424468119352e+01
1.502749913865345945e+02
-3.368267568148164770e+01
9.075777829953905496e+01
4.814189897597530887e+01
-4.056050520396692605e+01
9.091341325219833891e+01
1.147592521788250792e+02
7.534183290591793991e+01
-1.321355848090573772e+02
2.653888542161266528e+01
-1.702033485939014668e+01
1.350035979606924457e+02
-3.457180810385369796e+01
-9.855476538755691251e+01
2.986936548255524926e+01
-1.145587236605521575e+01
-2.076420964667912585e+02
1.335817585055248742e+02
1.052292965283943147e+02
6.083225834204798588e+01
1.012704608055730038e+00
-4.883311856445921961e+01
-4.902849707175519711e+01
1.789158285798083980e+01
7.223125328156788783e+01
3.954907341751886207e+01
-8.877729584371940064e+01
-1.470075737369505653e+01
-3.720198834070603766e+01
-4.495461982531283240e+01
5.330956360569911823e+01
-1.212560862029939983e+02
8.898788516254070657e+01
-5.158332139583968967e+01
-8.318423526504150800e+01
1.280229310854986977e+02
-7.401909847193223868e+01
1.723894608777333204e+01
4.984326681397173076e+01
7.300428227244849211e+01
-1.490415789848205819e+01
7.392950241604120265e+01
3.717526420654161257e+01
1.671602989631987839e+02
1.936481460222500459e+02
-9.208303961465365717e+01
-6.332563714151236667e+01
9.944037175669976136e+00
5.582312304489893684e+00
-7.311066803477939402e+01
-1.224329305492520348e+02
-3.595245865852037070e+01
3.637551754967908835e+01
-1.050066513232710435e+02
8.389921790849206218e+01
-4.013152117215817327e+01
-1.873498861974934186e+02
-4.078346560126997389e+01
-4.302124731758468101e+01
-1.487686178931495249e+02
5.777556109704261900e+01
1.320848712502950661e+01
4.724199412203766713e+00
-6.728337380962967984e+01
1.370384608626869749e+02
1.082717042364139246e+02
1.210218540182762403e+01
1.259759271415890858e+01
-9.960059069220282879e+01
-8.326755172381342618e+01
5.025579155990986635e+01
-5.279804913923435805e+01
8.089319258972180648e+01
2.113442615932842017e+01
6.037112015136801801e+01
2.161240934277159909e+01
-7.205492118515262234e+01
-2.623590305265474321e+00
-7.946974253502172569e-01
1.166422329060600305e+02
-2.182372196568411482e+01
5.891009833338216595e+01
4.694009805889611187e+01
7.148230633163434788e+01
-1.456369724637225538e+01
-1.108662066499430807e+02
-7.565384798242850195e+01
5.738339589622992065e+01
4.609760028061255355e+01
2.401291044479832806e+02
-2.086584773952065319e+00
-6.064481386004570851e+01
-4.443590691157287154e+01
-1.138180998494375729e+02
-1.833571675125698874e+01
-9.871780408190416267e+01
-5.087952333609543842e+01
1.019050451818317100e+02
-4.333423413664728230e+01
-7.021740452691459211e+01
-9.212202282008175303e+01
2.214484152749006118e-01
2.793350060372707944e+01
1.006333144336226155e+02
1.953160128081494804e+02
1.992365198803896575e+01
8.352980033843255114e+01
-5.118713978026309519e+01
-7.240851146534180316e+01
5.124845292706466182e+01
-2.906417398113446637e+01
-6.528261009767625467e+01
1.274177298374168466e+01
7.904007374042514300e+01
5.706719726371424173e+01
-1.835707593426876940e+02
3.850778452523504569e+01
-4.918281324459074000e+01
2.206805793157764128e+01
2.754607822525916561e+01
1.099673203827594392e+02
-2.953227312182752939e+01
-1.089043346534280801e+02
-8.276100727662604584e+01
-3.103891058896063981e+01
-1.136692303089963474e+01
1.163082115375712107e+02
-9.831834797128438197e+01
8.442926722048682109e+01
1.538487668577371359e+01
4.259146403084512400e+01
-1.478441836370101470e+01
-1.345262730226537826e+02
6.844861991880765117e+01
1.730583132279922438e+02
1.680462663869194273e+01
1.974266653037083330e+01
9.146133074556885845e+01
6.389666705593284313e+00
5.748463545998625079e+01
-4.949992669115655985e+01
1.419873790009959862e+02
3.231396132282822720e+01
-1.320807010091926692e+01
-1.015794438731568476e+02
-1.209752345354078216e+02
1.148103410778596256e+01
-1.722713946304649539e+02
1.302347488153615700e+02
1.577644343115468928e+02
-6.809310694260453545e+01
6.847093852624627175e+01
-7.050569345210742256e+01
2.929758449903168227e+01
1.043038672716503328e+02
-2.619024315385723867e+02
6.809785900201765330e+00
4.526518268475000184e+01
-5.862085546048675155e+01
1.042139001458126479e+01
4.910288323257050536e+01
1.051632659232973133e+01
-4.428356709094141763e+01
-3.119974220338748694e+01
2.712602852029972667e+01
5.524364396789857068e+01
2.194717136500439096e+02
1.811718476632069326e+02
-2.746206403564378888e+02
-1.520850348622835213e+02
-5.646157125223178497e+01
-1.125304907195365303e+02
1.307256675073587004e+01
7.281370943341664770e+01
-1.720409658884634752e+01
-1.099721693728787564e+01
-1.063068412451773082e+00
2.114915546729770028e+02
-8.613984919925142947e+01
-7.750940910725914534e+01
-1.411639325595979244e+01
-2.206003891801806560e+01
-8.883223650189853515e+01
-5.228321591138082880e+01
3.405338706265727211e+01
-7.568589323747407605e+01
-8.341471609200675630e+01
-2.726340649367721198e+02
2.910333566309772380e+01
-1.075014728595852489e+02
9.525090411467796514e+01
7.857038214246237828e+01
-1.175931717984911273e+02
5.415127026325756709e-01
1.587979749622112138e+02
3.777922814314146649e+01
1.016142207883015942e+02
3.280782364808310803e+01
-6.385274247192725028e+01
1.339636819875497338e+02
1.361429202327367705e+01
2.026722070643282905e+02
-7.049256634028648705e+01
7.259704918812792585e+01
-4.604113626027341866e+00
4.686058361474642453e+01
-1.553960663141807004e+02
-6.846375199479871299e+01
1.056334276466303521e+02
-7.406865952420824328e+01
-5.803506678548616549e+01
