1.135289931221972459e+01
-4.015633655234980637e+01
-2.601482960999477712e+01
-5.158740803402420028e+01
-6.847636916948512464e+01
-4.746482560652361826e+01
5.688407067263520389e+01
-1.135630322776978289e+02
3.379454096845039146e+01
1.152891095871597145e+02
-1.103740991830090934e+02
7.379782523641731018e+01
1.093984939206675833e+01
-2.243498498033146689e+02
-2.993075784232457082e+01
1.778621559557878840e+01
9.995293565810177938e+01
9.907877112696999689e+01
3.098728482417263841e+00
1.903112944116951724e+02
-7.202990203188332430e+01
-2.442013361134763443e+02
4.653005993320243050e+01
8.521222240093618439e+01
-1.268471219929861036e+02
7.033795105886866850e+01
1.520538337011484202e+02
2.770664750373329355e+01
7.809568745491003483e+01
3.041625965252805841e+01
1.026197312604725624e+02
-4.961831156993081748e+01
1.216199959462401559e+01
-8.581409487632778621e+01
3.226511909154746860e+01
-4.902166350572871067e+01
-3.777273892448319259e+01
-7.553988941457677697e+01
2.584789455221865495e+01
1.260679456354318688e+02
2.883770762895905477e+02
-5.186243856681612385e+01
-1.738738686626610104e+02
-2.313504756741501467e+02
1.187011652115774609e+02
3.310461145966738350e+00
-1.997417337474060446e+02
7.124865768637921803e+01
-4.691875801248664857e+01
1.180057177846487804e+02
-1.230660219365971031e+01
1.927003061788523723e+02
1.486796431091183592e+02
-2.237223581205438450e+01
1.069858887539676289e+02
9.504803856768658932e+01
1.178394826172778664e+01
-9.754492787351206573e+01
1.800207929566035503e+01
1.322142373568952110e+02
-1.206269906617095558e+02
-1.614276533686672508e+02
1.080074999475969690e+02
-6.766267202978998974e+00
-8.856329080705198464e+01
-9.553385067867614566e+01
-2.049734359014185827e+02
6.576275454486507499e+01
1.482614808812162437e+02
9.225915014479933518e+01
2.371290504176298697e+01
-3.159622409991213132e+01
3.142583023736347414e+01
1.426811131039183067e+02
-4.558126962552095307e+01
2.009748966072543510e+02
3.103298853677761926e+01
-1.284204859155067595e+02
6.823775678483933405e+01
8.387498360652685392e+00
-1.120660983319928619e+02
-1.302626366641466404e+02
1.549073547842838927e+01
-3.114135512386210891e+01
2.194571851407901590e+02
-2.558554934524639179e+01
9.451265971166979796e+01
2.749430248107969277e+01
-5.747131476236542369e+01
6.619350386208311932e+01
4.923559310098268327e+01
3.149415561591429835e+01
3.877106221946637898e-01
8.703775690050838065e+00
3.257920687015603534e+01
-4.596485709203312098e+01
-1.073948285545364030e+02
-1.236040263304286668e+02
-1.993978244224563525e+02
3.435867697805615961e+01
-1.625351389593907925e+01
-1.486090352381543589e+01
-1.117315205334543151e+02
-1.467577143032870524e+01
1.688896519077614844e+00
7.769619177670203669e+01
-8.267031542600707894e+01
-1.242660187625487822e+02
-6.543822624942812638e+01
-2.703884363524801060e+01
3.219281748047130520e+01
9.782414664426543993e+01
-2.224806025600876680e+01
8.471524306917695313e+00
8.102464019178545129e+01
9.919520218828327529e+01
-2.340209053391294560e+02
1.342193073796185843e+02
9.836353563643021403e+01
-7.225495191865140043e+01
3.506463417793840165e+01
1.970333187125594065e+02
4.719464973624127424e+01
-9.923285195168654127e+01
-8.094203241825897521e+01
1.736394425850855328e+02
-1.076158019983529783e+02
9.878036043319852411e+01
2.790092966548497770e+02
-1.000789256666360103e+02
1.436760667457528768e+02
1.246024119704175064e+02
1.203416791543380100e+02
6.187763406498640961e+01
-4.556790163909487745e+01
-5.053229985355814335e+01
-6.093553205200176848e+01
-1.015828775981994312e+02
-4.837418269373930935e-01
4.124914658632999220e+00
-5.059511830157572376e+01
5.020055667295657109e+00
3.378969421215325042e+01
-8.573485631116986383e+01
2.813443374626246296e+01
-4.986286226601113469e+01
-1.461111417637087584e+02
9.793435269113548713e+01
-7.634588683469270620e+01
1.450425223550260867e+01
-4.778504330402132183e+01
8.484633476810627428e+01
7.195232016252677454e+01
1.885752443043735127e+02
-2.616195886409500915e+01
1.292029974917909669e+02
5.074571810524852822e+01
-4.089462658534265671e+01
1.236087428339954926e+02
1.465224718762323732e+02
-1.117595220106874265e+01
-7.324415990645350405e+01
1.246769428920530487e+01
7.409156018561438373e+01
-1.977004243069577427e+01
-5.650108005362145747e+01
9.967240746252480221e+01
-6.788860744872654784e+00
-2.326237862445011046e+02
-1.759966500881920126e+02
1.300253204316452980e+02
2.043057176860508264e+02
1.649146026037368529e+02
1.182133326668407847e+02
1.174719045519978877e+01
-1.780890681672175901e+01
1.928740090122613822e+02
-4.261089414783467788e+01
-3.382525850233594156e+01
-2.657557439147632650e+01
-2.237340466079588737e+02
7.080800518682346834e+00
-1.563702966708739872e-01
8.262860525201131168e+01
2.407492254118903219e+01
5.861186583566089325e+01
-6.236544023681479132e+01
1.373344950998146707e+01
-8.965650837262411699e+01
-7.480689984373186974e+01
5.854892969092086474e+01
1.284441130085599791e+00
2.611880993046824884e+01
-4.028582348477539909e+01
4.581849564295319510e+01
-7.561101995029490297e+01
1.315963258946250107e+02
-1.868129210151306907e+01
-2.290067412438971317e+01
1.069941093221536335e+02
1.062645414797697327e+02
5.936241288621805978e+01
5.493080836595701300e+01
-2.249701085629811530e+02
2.652197536346007496e+02
-2.219982751286114535e+02
-2.239519989947145007e+02
9.768740705490246512e+01
-2.649639757300287002e+01
-5.567827191204112580e+01
1.524905180124522985e+02
-6.509312336639948171e+01
9.728727922910994153e+01
-2.310550655646020459e+02
-2.788594010476936447e+00
-3.020656075468496127e+01
1.708757094980235820e+02
1.960815541505956716e+01
-1.616080553924752650e+01
6.821558703012560443e+01
-7.051651717786351981e+01
-1.543190142168113788e+00
-4.756530490834163061e+01
2.211424527488043736e+02
1.066225899684773282e+02
-5.194432938647279485e+01
-1.011963703223889581e+02
-2.030671834423602817e+01
2.254009871145981592e+01
-8.328706397201797174e+00
-1.055631014115361310e+01
-1.550258359080594239e+01
-1.573703687983239377e+02
-4.660803075842578380e+01
-1.614191967242411749e+02
-1.327795719458656265e+02
-1.163923343484471928e+02
1.159528844402479848e+02
6.147497266476915456e+01
5.328278204574240817e+01
5.427275968472415002e+00
2.436535890678609917e+01
1.863561490872443827e+01
1.087593059781631268e+02
-2.628275620590935446e+01
-1.167702680309678271e+02
-4.136401622766205577e+01
-7.001565757623107800e+01
5.055399487960735883e+01
-2.542895026387226665e+01
1.176706611768281974e+01
5.026304254538493410e+01
-7.451462175289104550e+01
-1.500820798841954229e+02
7.044765699613047616e+01
-1.412289707937917740e+02
4.420800801982210260e+01
-4.174795769780573806e+01
-1.026874641971383681e+02
1.069046568198956209e+02
1.153850628094649551e+02
-1.135513973052176482e+02
-8.064369888366616124e+01
-1.168096389371247454e+02
-2.543313468044908987e+00
-7.217927672408472972e+01
1.973578341428488425e+00
-2.812203424396364948e+00
2.960791112651967794e+01
-7.579764113971754114e+01
8.661857870214127786e+01
1.327061002225374580e+02
-1.226008662449500832e+02
2.242804469465562178e+01
-7.123772955376402649e+01
1.025601098481155162e+02
4.044158851595624071e+01
-3.467414328412807123e+01
1.083180291383911964e+02
-9.230112254684416939e+01
-1.144771502759714110e+02
8.016588251308833435e+01
1.615268397015387620e+02
5.223339513651995247e+01
-7.591158764168400808e+01
-5.857956871794890930e+01
2.003764544022909710e+00
-2.164803896463037347e+01
-1.288536062401539839e+00
9.989703423993714182e+01
-1.915130338537321393e+02
1.675074223190155180e+02
6.324933611890581631e+01
-1.343668486781322002e+01
6.133392136828742736e+01
-2.732698911150288836e+02
1.496705036288960677e+01
-9.722664897111098270e+00
-3.076011505619533182e+00
3.580046785351382255e+01
3.896243130281691691e+01
4.528155055422796060e+00
5.585715589458092012e+01
2.613511043395309486e+01
-7.738626240093093145e+01
8.082550760644698684e+00
-1.908522909455371632e+02
1.106159470509936540e+02
1.841653867727180227e+02
1.235838441319778980e+02
1.944971450733305289e+02
4.662608883498693046e+01
4.971643764894594852e+01
4.051122657017565842e+01
-1.568041311518917951e+02
-2.677264008662479711e+01
-8.600486793610905067e+01
1.573813842405684227e+02
-7.234624568935767286e+01
2.647502054189710563e+01
3.596683251250279767e+01
-5.117082821341962529e+01
-1.177376607484686133e+02
1.222992986402991988e+02
1.283823869795581061e+02
-4.323510683966032531e+01
-1.094006121540706999e+01
8.838232051914891940e+01
6.346752791484425416e+01
-1.842888667162116079e+01
8.299369244151095870e+01
-3.612917251025291421e+01
8.716736963580980557e+01
5.084214002260015519e+01
8.928350734120773780e+01
9.799202789814033920e+00
-1.333537885875990447e+01
5.976162575351217754e+01
-7.165477624090018871e+00
-1.164443834626364946e+02
-4.932332539966532892e+01
-1.122524798128113588e+02
-2.259387633370178605e+01
7.969636959805799847e+01
-1.612021985180294621e+02
7.026048896926938880e+01
-4.332273729819775099e+01
-4.122009955374302592e+01
6.728819715716291228e+01
-6.387509812826975519e+01
5.670254401893629392e+01
-3.490967686582286689e+01
7.818426470532852335e+00
1.817847894102894912e+01
-4.647776623353075820e+01
-1.354233417632405576e+02
-1.874260632168369511e+01
-4.903029854491921213e+01
1.419889618013188937e+01
-4.325676017894733860e+01
-1.021932313739981169e+02
1.776630339499626743e+01
-6.554407075247180359e+00
-3.102159695631605629e+01
2.058907552106417143e+02
2.816336967272006575e+01
7.366493923187229065e+00
-1.340429756380906667e+02
-1.340902153146697060e+02
-4.315962511694215920e+01
2.292027927594973491e+01
-3.116777089201310247e+00
-1.269446756394691818e+02
-3.806550654819589852e+01
-5.258489851464021925e+00
9.158369669778809907e+01
-5.387427151457556107e+01
-1.011492599583944951e+02
-2.374948149753000166e+02
-4.489407427033234654e+01
1.469949852371902921e+02
5.307910296133749029e+01
-1.407632191069337182e+02
5.482577819735707436e+01
-5.917701265795140841e+01
7.895803611065352356e+01
1.561344556464023015e+02
-2.584674643708732944e+01
1.267870183774826813e+02
1.404467114814989337e+01
4.843325711786037147e+01
3.243677256101531725e+01
-2.129684123760953014e+02
7.172492851169681671e+01
-4.820198932217532217e+01
-2.229606531192913224e+02
-8.443976711452194195e+00
-1.228667329612997321e+02
-7.593021876687740246e+01
-6.937552905489584987e+01
-2.595319792719169527e+01
3.306840418669096238e+01
7.074937750789629831e+01
-7.806212147964836845e+01
1.111281485696727742e+02
7.318475083007977844e+01
3.287672070742274855e+01
4.710869015147761019e+01
-6.781510927314056403e+01
-4.659909269124115383e+01
1.823337119128148345e+02
-1.003637413054550223e+02
-1.056175619309162528e+01
5.719685216716371201e+01
2.196911179997945496e+01
5.701478880488598833e+01
1.329850892907720379e+02
-9.900217931019358275e+01
-2.966650746869999011e+01
-1.033011574550666296e+02
7.931373116692314795e+01
-5.186214042160654714e+01
9.806859696273261306e+01
-5.001278965564259771e+00
-4.391920565625804329e+01
2.998318585238956402e+01
1.415301944453590863e+02
-3.884664727492653213e+01
5.852163864943318750e+00
2.197479019169573178e+01
-1.124386696443987788e+01
-3.906863774903900577e+01
4.908049115108826754e+01
3.066256227187970751e+01
7.494174362888848862e+01
1.013461657273961336e+01
-6.622171599337245418e+00
1.895429747865441925e+02
8.577324077864261653e+01
9.431360967802319806e+01
-1.020772482720553995e+02
2.202586796947069558e+02
5.156771367554441099e+01
3.406063844188880552e+01
1.440356206154882202e+01
-1.978071231121870355e+01
1.747548939207642604e+01
2.266366821123259285e+02
-2.936646139020837865e+01
-7.194691252030153805e+01
7.610252850464551955e+01
-2.104934029661517414e+01
3.864160884793923856e+01
3.145698501698351279e+01
-4.633282608820228177e+01
-9.237071907132100534e+01
-9.281161003843152457e+01
-1.821744733899167557e+02
-8.608702948693762380e+01
8.302443305482526625e+01
4.321461837771283854e+01
-3.011914540616124469e+01
-1.962948048112970767e+01
6.044486072687556799e+01
4.420166280959653449e+01
2.407012675178388683e+00
-7.025952929367386446e+01
3.357160695979811749e+01
7.522919255872625399e+01
-4.634677145000580367e+01
7.320586050463754191e+01
-3.255056681579268751e+00
5.893995271899037647e+01
8.473250951678973308e+01
-6.093042666786256945e+01
-1.027934838772902424e+02
6.473716328933180364e+01
1.081371833799195770e+02
-1.486591634673741567e+02
2.037934996539214083e+01
-6.888082043718392811e+01
4.460764592429579523e+01
3.463319701783147764e+01
-4.515438429363442197e+01
-7.772373935266138290e+01
9.313185182036887966e+01
-8.332575749817284816e+01
-1.909017495763466954e+01
4.759896700372817691e+01
-5.045558569971095864e+01
-2.366030284140755668e+01
-1.328741995325055143e+02
-9.699605032078557088e+01
-1.034311608557017337e+02
7.489845032702923788e+00
3.122799255750487646e+01
1.122221694100908564e+02
-2.561899753768685883e+01
-5.180773554686966520e+01
6.711131876239815597e+01
1.053741273514733763e+02
-1.100171532567223380e+02
-7.666944880778051186e+01
1.432298717840892550e+02
-1.520692667869790000e+02
-4.715997040393451556e+01
-8.245038273351110547e+01
-1.052813402453093659e+02
-6.092405588087154911e+01
-6.612568259940141857e+00
2.273379716370735366e+02
-5.261116716540590232e+01
9.811351650508021294e+01
4.762129327024680236e+01
-4.726548917702243102e+01
2.132196653336824355e+01
2.246148652249969402e+01
-3.260724676212959139e+01
1.405251273667080341e+02
-7.468430565594935899e+01
2.680569129739647849e+01
-2.093802102831045886e+02
1.052456505902095643e+02
1.624106786161517135e+01
1.023979663532644082e+02
-4.149279057032367746e+01
-1.540998644512849864e+02
-4.929267219669667099e+01
6.029189181179331314e+01
4.130151815327912601e+01
-1.591122663422763424e+02
-9.978871704705149170e+01
6.646579724102605269e+01
1.491216073933912583e+02
-2.897065595521317505e+01
6.861631043186328327e+01
3.530263564385896302e+01
-5.488382974047878804e+01
-1.382398393362711317e+02
-1.478173102772138918e+02
1.614066659420796270e+02
-2.085423799545370116e+02
-1.124225282852189878e+02
-3.426633994547167816e+01
-1.654575924541864751e+01
1.625690779770203562e+02
2.363656765110569324e+02
6.029567502721930339e+01
-5.085442499618237377e+01
7.866922214306332251e+01
6.533844832933303337e+01
2.093199169634541192e+02
-1.448359065142221027e+02
-8.002796310451347495e+01
4.489206570192469314e+01
9.960518689317780172e+01
-7.514019757843939828e+01
-9.444533139568729041e+01
-2.129128160679355375e+01
-7.853906501654662975e+01
5.013979172596047817e+01
-2.300790556672258163e+02
1.088115467089175610e+02
-5.818443823656129155e+01
3.610194241511184998e+01
-2.114580015198646663e+02
-1.190646407710729022e+02
-1.535973352894238353e+01
3.889740315662318437e+01
-5.164294895678681740e+01
6.131515433767881973e+01
-2.628300866069684005e+01
-5.404354122569787933e+01
-1.074048532934877898e+02
1.139689010861940517e+02
5.153920241417636561e+01
4.799967166263379426e+01
-1.605391478409160868e+02
8.546469079869231678e+01
-4.377191321175027383e+01
2.812777179979766373e+01
-5.476675540997042901e+01
-1.401721826679381344e+01
-5.550485180015366637e+01
1.191547408903691547e+02
-1.281817234325964137e+02
-6.072805768853650221e+01
5.094829847781048215e+01
-4.781387506802475151e+00
5.508269824024436900e+01
7.768383535017989061e+01
-7.169442729768878309e+00
1.591869265985923487e-01
1.083318546269986911e+02
-8.146168191115741308e+01
7.100727575262864377e+01
9.164292611232629326e+01
-9.398886444450347710e+01
-3.506540764464320148e+01
9.921059880004290221e+01
6.288366215937469406e+01
-5.244540887472851409e+01
-1.678827710929623862e+01
2.106251213066334458e+02
1.173573855627563916e+02
5.463456398376712286e+01
-7.958506608437531327e+01
1.149962798354045361e+02
9.087233020404292461e+01
-5.430296302055843682e+00
-8.768164237171578179e+01
-2.070326037673589070e+01
-1.893462270356443184e+02
-5.647902014468823495e+01
4.053706857686459841e+01
4.519437837030308458e+01
-3.967617797063990537e+01
1.502848435091674695e+01
1.605362628585260154e+01
1.318496740744336364e+02
-5.227926693024901539e+01
7.634022993167590698e+01
-1.462650824537429344e+02
-1.732770628284506742e+01
-5.120831108556909328e+01
4.535313330092001394e+01
4.383864838761029858e+01
-8.678927857315800054e+01
-7.492174831721280270e+01
8.894434668826197310e+01
1.530211404336835415e+02
4.221003367860901534e+01
-8.774357215303902535e+01
-1.214941356681815137e+02
-7.335294666079805381e+01
3.773641615961252427e+01
1.334555420619550148e+02
-9.004060767612908478e+01
5.713349704508102178e+01
-6.187603438587515114e+01
-1.821735908316040025e+02
-9.960092282889785054e+01
-1.500553372057180752e+02
7.345978388363130307e+01
1.337281808539700876e+02
8.699374210788309369e+01
2.271550173877186651e+01
-7.330896414406110750e+01
-3.159846106634170937e+01
3.985411142315673771e+01
-6.359250379947109622e+01
-8.847930646710641156e+01
-6.345801520614391222e+01
-4.060910419900692858e+01
-1.654962853413942696e+02
-5.797832988240888596e+01
-2.614575854727782556e+01
-1.648069604034613178e+01
-1.003047248012653512e+02
-9.035236279922791880e+01
-5.798520581966081267e+01
-8.871473252208942029e+01
3.216451457883878362e+01
1.401786510951129969e+02
2.802498199625078357e+01
-9.526765380678925510e+01
-5.629216374741018569e+01
3.692053223797375949e+01
6.434614158427282016e-01
2.118455498113519653e+01
5.692506720703140388e+01
7.808647436228751815e+01
-9.359114576745270142e+01
-1.794308018959218884e+02
-1.211029837299453789e+02
9.464146936445131075e+01
-4.425946310914542892e+01
-4.654038448468270417e+01
1.945490015628922364e+01
-1.946346894514341272e+02
1.030123255444083785e+00
7.685173484009026890e-01
9.886972163943401171e+00
6.923135159069697231e+00
-1.047792695866936015e+02
-6.578213572854544111e+01
6.003851916947064637e+01
-1.004169297593081112e+01
5.133202260400085493e+01
-3.375704455605902155e+01
7.536368861020555698e+01
1.067270258796366562e+02
2.722748266388059619e+02
1.017606586612362918e+02
1.601946520075555327e+02
9.065520974863051151e+01
-4.271864817356767219e+01
-8.881427934180786110e+01
1.714529096179242273e+01
8.715467588545517685e+01
-8.871793080350323102e-01
6.883322915177328127e+01
4.885201854721323400e+00
-4.136449140016094361e+01
-3.383946134401249850e+01
-3.802759506746395601e+01
2.292743172843081467e+01
1.466185147863602545e+01
3.750318292299408540e+01
4.354920197594157827e+01
-1.227674122688754039e+02
6.334870892605277959e+01
3.768853430552966399e-01
1.220463192203804255e+02
-1.481871602752076633e+01
-9.725387537698634333e+01
1.243419507147977754e+01
-8.912708974041825627e+01
-8.529670615214182305e+01
5.925587154357057074e+01
8.122901281559340703e+01
-7.232974396206454060e+01
5.811096487947752820e+01
-8.881771687848063479e+00
1.705773984662297096e+02
2.930695027987129464e+01
-7.220118263409570147e+01
9.612361287177472846e+00
2.665346493150807916e+01
3.759146627888712544e+01
7.746125766372927046e+01
4.600363630233754009e+01
-8.728530118577958774e+01
1.313999528676326634e+00
6.632700043674526569e+01
2.526596331353683311e+01
-9.559168957276673950e+01
1.242779530032475321e+02
-2.323877364623422537e+00
-2.292280792736110584e+01
9.438799073178559595e+00
3.479653453116327455e+01
3.895108161881919884e+00
2.408412360742143576e+01
-2.275817953618073020e+01
-1.135012394678506098e+02
1.274045734192645263e+01
8.635996578253777045e+01
-8.029074632946473855e+01
-6.725940146299183198e+01
-1.367239764964961353e+02
1.323031906468872023e+02
-8.263704253552428725e+01
1.758750806778236253e+01
-1.804520738499096524e+02
-9.600872449139477283e+01
-4.920291134922763376e+01
-4.783311544728969267e+01
6.432481193636208161e+01
-1.175554086531078894e+02
5.787525517762077243e+01
-1.965298711468170723e+01
-5.625167239000771424e+00
-4.362959380741571636e+00
3.798704807345129808e+01
4.111269844812082397e+01
6.527505361804942652e+01
-5.670083410004683344e+01
1.295165675316073362e+02
-1.925018095526760575e+01
-1.326219781487924081e+02
-1.062489470888963865e+02
7.205660166500774721e+01
9.545450761090764402e+00
1.430749380943535982e+02
-1.130023667678142232e+02
5.337626625652369938e+01
1.510011466477866406e+02
1.253187342253659438e+02
-1.362661075932242056e+02
-4.712252748697027727e+01
8.789305114201080471e+01
-1.288105948093550523e+01
6.010370875203647500e+01
-5.333454346808864699e+01
9.416924748644319720e+01
-1.219937413366968428e+02
-8.878297350859192250e+00
-1.545957330038872044e+02
-1.700839129866409110e+02
-7.251207212462448126e+01
1.489012637608374234e+02
1.367633341079238960e+02
-3.462189642026167746e+01
-7.760539757046979048e+01
-1.159550973327707482e+02
4.571880848481394111e+01
-1.270753830240345934e+02
-8.855010399853752290e+01
1.506803807770743333e+02
-1.307802972188603405e+02
-9.719433790586092803e-01
3.918124610291641829e+01
7.655751658823992045e+01
-4.299721638254865752e+01
8.802204549234470932e+00
-8.489092836857443558e+01
-8.600019071686890015e+01
4.085544698466271996e+01
8.373889869355226168e+00
-4.544916049802929336e+01
-1.134026245123437775e+02
2.188574696177791168e+01
-1.381480332684239158e+02
-2.023724801435812015e+00
8.013210228731662710e+01
7.467827440003847528e+01
2.398001171598464865e+01
1.049098538916040546e+01
2.217920242197197211e+01
-3.945432079615732590e+01
-4.933316053204731588e+01
1.138830630275061040e+01
-6.621571766941353587e+01
9.447874739713402903e+01
-4.855988200097783647e+01
9.444191515652187263e+01
9.237797042092891431e+00
1.253115599032130518e+02
8.863953574269416436e+01
-7.340290741911132955e+01
-2.189449594335582816e+01
-6.178738600208165366e+01
-5.351484315100294253e+01
1.157965927847617138e+02
-1.438041184759868862e+00
-2.645338575393338232e+01
-1.200828770628690876e+02
8.337664775722389265e+01
2.381033660943655406e+01
1.382781056727790769e+02
1.294232820257863068e+02
4.213103214099161420e+01
-8.950332159688541012e+00
-2.076863170034071970e+01
-3.193110558475424909e+01
3.248961977389548395e+01
1.702844496525545992e+02
-8.294956756050318347e+01
1.237072105012609313e+02
2.873511692284593977e+01
4.037682712552039277e+01
1.133133354662102903e+02
6.239185975798154260e+01
-2.824521407888039093e+01
1.220464679600177078e+02
9.841175730323459447e+01
-1.241682319067430456e+02
-3.596587050052506385e+01
-8.415828047091910946e+01
2.003020316084169394e+01
-2.866461880888464364e+01
7.837233858174617929e+00
-4.017939268328165525e+01
-4.581590712763345508e+00
-1.209759661596274327e+02
1.401246884074365262e+01
-1.139361123577251966e+01
-3.395409298912651863e+00
-9.042950336068070527e+00
1.284292010950542640e+01
-1.821252380380938689e+02
8.124534846043327718e+01
-2.601868764163516445e+01
-1.838758032313033652e+01
2.657160252965730862e+01
-1.011919653573644240e+02
3.799321280624681663e+01
-5.904616399576181607e+01
-2.361928260229549181e+01
6.393652737076111947e+01
-1.117788079190449366e+02
6.206648989136725447e+01
-7.107331909535930947e+01
1.374227489453065765e+01
8.293892379914454693e+01
5.141652900248557501e+01
1.074416120623807700e+02
6.787853093198212662e+01
-1.468288559883085043e+02
9.724779347155887876e+01
-1.051122074897803600e+02
-9.893119460165117118e+01
-1.371523642352381955e+02
1.455020385869421773e+02
1.810758314408196554e+02
-6.865377617070734573e+01
-5.507254780988252918e+01
4.601236416576237076e+01
6.557827983387096538e+01
-1.068877876218689806e+02
1.182662628527221926e+02
5.464691007415026291e+01
8.829147012606436817e+01
7.197501623467652543e+00
3.721370358275650858e+01
1.326160009628910341e+00
8.949943915883359580e+01
-2.371160622758760610e+02
-7.881585223924406591e+01
3.268825433859062457e+01
2.307919940623894206e+01
-4.271726521177888714e+01
-2.272290579176975811e+01
4.499093820957462952e+01
4.365517274492303557e+01
3.554244768126956444e+01
-4.402830585134903174e+01
2.389331993210476526e+02
1.462231730079464000e+02
1.398405743497259834e+02
-1.651738081905278221e+01
-6.218100879572731543e+01
1.865753711359732563e+02
-5.685648278250348397e+01
-7.125290484622978227e+01
-6.539012527098023497e+01
8.711655391582415575e+01
-1.421281669795463998e+01
2.080361022553429109e+02
-5.273602947638569560e+01
-6.585799763322741285e+01
-4.964744698970053349e+01
-1.281581718383770578e+02
-1.516713475616577398e+02
5.619747845596764790e+01
5.750608968431731682e+01
1.126247532493994612e+02
-4.173722097502599127e+01
1.360906171621936664e+02
-1.869717963066153033e+01
1.495577091495149489e+02
-7.484987498453460830e+01
4.643123258779000651e+01
5.619150824911291409e+01
6.080366830474068252e+01
5.251582072563188319e+01
3.692222372181749535e+01
1.274155137617032665e+02
7.289406747293470801e+01
-4.617762686598428701e+01
-9.497831076669842787e+01
-2.901601872918968184e+01
-2.991550705338586624e+01
-1.266795291510610042e+02
1.558621108267079869e+01
-9.962434541706737434e+01
6.531797630377575103e+01
-9.634346441176928977e+01
1.708431975500273836e+02
7.225920436518605072e+01
-2.910326630975177409e+01
-1.467604040215171324e+02
4.556035758802186564e+01
-2.014985808746219575e+01
1.861031719872583778e+02
3.465977539643558458e+01
-1.221368362543332609e+01
-1.335814747664477586e+01
1.666842497924942990e+01
1.101658929018963278e+02
-3.871377456351765289e+01
1.255900955431897614e+01
-4.766024291862723139e+00
1.333859554651862425e+02
-1.269226819568603162e+02
6.171215287990666809e+01
1.025733937968275740e+02
-8.065946793247694302e+01
3.528232363077049882e+01
1.812429902283012950e+02
1.246505074280708243e+02
-8.403971207203288429e+01
4.320071558404044509e+01
-1.606284947225436781e+02
-1.151599094319198855e+02
-1.406979093875877140e+02
1.360536610506993895e+02
-2.247634245937818420e+01
3.254476770549869968e+01
2.569334215328914439e+01
-1.347407721537250893e+02
-9.083972747116170865e+01
-1.297988113023798746e+02
5.879873734458688261e+01
8.085635489480942795e+01
-8.419633567564649468e+01
-3.467308153086914757e+01
5.008991009184516940e+01
2.663425869090693787e+00
