-3.376735776369488207e+01
1.383661133568718604e+01
1.647243275094317880e+02
4.183337602254940890e+00
6.131193263223893553e+01
-1.143700745755454662e+00
1.664634805993256066e+02
-2.276509987934085188e+01
-2.414533260941045967e+02
1.019357637083501942e+02
-1.339748997220552553e+02
1.148377831104627234e+02
-1.107835492005512812e+01
-7.458410286757570873e+01
-5.929869818202126197e+01
1.191439653630782942e+02
-3.783843456201919508e+01
9.108345648294167063e+01
1.292199791335917247e+01
-1.135776590483859536e+02
7.486781184244658505e+01
-2.755148778826089284e+01
8.738034403222303581e+01
3.470240910378667820e+01
4.114546613205200032e+01
-1.141233029008665198e+02
2.010571105637744083e+01
-1.395592754911558870e+02
3.568900979021596243e+01
-7.470525304745810047e+01
-1.176399795325306918e+01
1.886393287676476405e+00
1.391827429499284676e+02
2.438775906435391860e+01
6.861513397244854673e+01
-1.125569180464875245e+02
-6.934875749637630804e+01
-9.040183870880683514e+01
9.121049468112560987e+01
-6.700471313005512286e+01
7.702691430551445251e+01
3.951354275152773710e+01
-8.069885166139448529e+01
3.234611038122043425e+01
-2.742904613309755035e+01
2.274061462206110207e+02
-3.203175663426209296e-01
-3.129745578096440681e+02
-4.484395415102666504e+01
-4.090995118346011594e+01
-6.884904670079782818e+01
6.212201258572309115e+01
1.418247250604466387e+02
1.208353242708644437e+01
-2.642761821656914663e+02
-2.172257485907998031e+01
-4.008718203910411404e+01
5.075879365561282164e+00
1.953512118287388262e+02
-1.310522726524550876e+02
-4.685044758764278328e+01
-3.052272973448321736e+01
-3.088641029723525122e+01
4.045076825298296086e+01
2.670807784446781739e+02
-1.028028824808152564e+02
6.481049785557216225e+00
6.610591677647207121e+01
-8.062042172686417985e+01
2.308878254797949978e+02
-6.698655967413594681e+01
7.095847467712064827e+01
1.445575175074711467e+02
-7.791516498803014201e+01
4.335639672694596491e+00
7.201704886759863200e+01
1.338705065777988779e+01
-7.387459240349838474e+00
-6.318294307737961901e+01
-1.242800122589844847e+02
-6.153473728182388669e+01
-4.556573334393630148e+01
7.988204615514631257e+01
-1.721413511123246280e+02
-4.684340201960895911e+01
-1.564272595251502196e+02
-4.404594017804737405e+01
6.862132176394077021e+01
5.758217700826180874e+01
-4.673776278324118039e+01
-4.391559184832365759e+01
6.114511207532622450e+01
5.300867744588062891e+01
-8.556420154036193537e+01
-1.949175439253904329e+01
-4.710091476542059752e+01
-7.409406867997549284e+01
-1.683252811494612899e+01
1.354875897156513531e+02
-1.019218456946488942e+02
1.414310393252183644e+02
3.408200868243019954e+01
-5.365829802697312090e+01
-8.803945343789055755e+01
3.892518898329139176e+01
2.316176865957095643e+01
1.399774007762830585e+01
3.852752253400476690e+01
-1.819314795854726086e+01
1.686600967404895002e+01
9.904944801404361954e+01
-5.825985889177545829e+01
2.134677221289394211e+01
-1.351290508157616728e+02
9.208937960581704374e+01
1.974414105809064424e+01
5.093438321545279024e+01
-7.516946034313733094e+01
1.836823315872329374e+02
-4.098052976827175087e+01
4.245056965549339623e+01
-2.202305263346328346e+01
1.798513393181297033e+02
3.613121262923821320e+01
-4.510072141749657249e+01
-9.385488866795411411e+01
1.664600119478176055e+02
-7.526012479431281932e+00
5.416433507253911728e+01
8.826990393512865296e+01
8.805583367170405040e+01
-2.073224700505267748e+01
-1.413986078337484003e+02
-1.757969482053268848e+02
-5.746964406023644045e+01
4.428093686949222274e+01
-1.317920188422817995e+00
5.776595861701793666e+01
-1.661035159155970007e+02
-7.267046865897715691e+01
1.143560786869783925e+02
3.715267899387751527e+01
-8.684302898180490615e+01
-3.382303443876143234e+01
8.276752982232142131e+01
8.224786735675345994e+01
7.179114740701158404e+00
2.147001033259176666e+02
-6.136777670691868281e+01
-2.554068302516163769e+01
9.650167442652899297e+01
1.214020470543643704e+01
9.846104531600501364e-01
2.541803670943088278e+01
-1.155490106912833568e+02
9.726307131687684659e+01
-1.446043724831740178e+02
5.744651512986590802e+01
1.260486560135166769e+02
-7.863122106741922579e+00
1.035311175798170602e+01
2.477680608046103905e-01
8.969673791635729287e+01
-4.764335584849117566e+01
1.608806189139909293e+02
-1.073864363562027791e+01
-1.750718038330574871e+02
7.431212430683609682e+01
4.961301939456379273e+01
5.949156453479208295e+01
1.584525586842615610e+02
5.312283759177449127e+01
1.107338276244133510e+02
6.184557421322698190e+01
1.090485932390265056e+01
-2.152211316069060842e+01
-1.240124021002259127e+02
-2.518523145188655832e+01
7.280782685071071114e+01
-6.027100454189248069e+01
-1.296357245691379445e+00
-3.059095106391371388e+00
-7.554354118690733344e+01
-1.311812020538198453e+01
2.853091786773299887e+01
6.295957412320382218e+01
-9.401777936531821922e+01
8.962322402194325832e+01
-8.008524157776284369e+01
2.454037190951778200e+02
2.189545923567815748e+02
-6.866593153900909385e+01
7.702328284630490884e+01
-3.285550950125683300e+01
-6.166378258929709943e+01
2.771760594996837881e+02
-6.232983420740058023e+01
-3.826282058417949106e+00
-4.564191578536509297e+01
1.704362182035503537e+01
1.653246424578213336e+01
1.363880711120827129e+02
2.035626989331519781e+02
1.254414588132550108e+02
1.090952953897044253e+01
-5.187853271206143546e+01
3.664415867373082136e+01
8.707384387522161262e+00
1.364427737427137366e+01
-1.546417490893084334e+01
-1.193847486190918694e+01
1.638348318344041843e+02
-3.897125484520882566e+01
-1.976436273689953680e+02
7.418588892281289304e+01
8.584716203288753178e+00
-1.327945258890540288e+02
-4.891602676735060129e+01
1.353876016872804655e+02
1.278301389371413137e+02
1.388313628430568940e+02
1.453043148669968048e+02
-5.499745265792162030e+01
-1.495239456589964266e+00
8.868822246720527858e+01
-2.700578491003469495e+01
-3.431823116223998937e+01
1.273047066726506387e+02
-3.002554393983314185e+02
4.702554166395729141e+01
1.285704480206456992e+02
-2.070246873299010204e+01
-2.382555940054660581e+01
-8.260832910410873353e+01
-2.453208642653927996e+01
7.726522716494476128e+01
-4.483540195649887750e+01
-1.047294619653729910e+02
-5.214478648340712397e+01
7.092692594486798896e+01
-2.138037612603025934e+02
1.625212530822087160e+02
9.473065880364188729e+01
-2.561468397281554985e+02
2.962609730716871503e+00
-8.137311602725745274e+01
1.515495297359335041e+02
-1.300539597644536229e+02
9.264896752930388857e+01
-2.379667759356438523e+02
2.330640787906199591e+02
1.837693092677604341e+02
-1.729198853011257029e+02
-1.106507274047392855e+02
8.866007909808411114e+01
-1.079626155158153864e+02
1.403775059681509241e+01
-5.101585929094883731e+00
1.621984393904478736e+02
7.315449695989013623e-01
1.380552052850424971e+01
-6.542106648235181865e+01
6.004774383422139650e+00
2.635131589506795535e+01
2.816760117024319143e+01
2.918395147420554281e+01
7.266808386386144036e+01
6.603224572119594882e+01
3.224329480934237324e+01
-5.456486503819365907e+01
5.691933928462333370e+01
2.724388763739341712e+01
1.289323834289999979e+02
9.759140688427480370e+01
-1.679072987930406669e+02
-8.635977823002644982e+01
-1.471491562569852078e+02
9.307289112131859099e+01
-1.992539274783971450e+02
8.946736639205899166e+01
-1.024893562971819136e+02
1.656408672506340451e+01
-4.019036956423261842e+01
2.900110528720852177e+00
7.998414562367280212e+00
-2.705882859196982437e+01
-3.764506330846634086e+01
-1.649835753542639560e+00
-2.406316949837156116e+01
-4.790085859452900507e+01
-1.126778772295827196e+02
-7.018753523443098175e+01
4.563122543120592667e+01
-2.156877056658885294e+02
1.854339158806643582e+02
-4.643294995246692736e+01
3.901455211212469631e+00
-3.870651279262828126e+01
-5.678014155663450246e+00
-1.815004342159841428e+02
5.921764158009407453e+01
-1.026507980993693252e+02
-8.337870846820655402e+01
1.981372604957204260e+02
4.169887425027719274e+01
4.909861405184366134e+01
7.979107256422123839e+01
2.834166446792206173e+01
-5.242966133854331190e+01
-1.004512068986877082e+01
1.194691066207261940e+02
-1.032365698425223854e+02
8.192296703948883874e+01
2.221663011056925541e+02
4.677063628145896956e+01
-7.517751432315029092e+01
-1.387881323385476264e+02
6.569745956295293787e+00
-3.239777092775835854e+01
1.373348994612772742e+02
-6.363102637293065555e+01
-6.565158096088366335e+01
5.260896090197711317e+01
-1.146236660688753943e+02
-7.849903739931343694e+01
8.626508772091122523e+01
-1.372443256490100438e+01
-4.331713474623516902e+01
2.741818787435804872e+00
2.132994331051213521e+01
-5.474640223247582149e+00
1.321254484471914452e+02
3.398733034898143757e+01
7.451960964271364674e+01
6.477491302791742100e+01
1.307273735468789084e+02
6.044508134854714143e+01
3.052086674208468153e+01
-1.529103652218888065e+01
4.789006223488011926e+01
-2.187427054040913177e+01
1.590330537357179139e+02
-4.375764600632952295e+01
5.596070350788429693e+01
6.624311801786573994e+01
1.525914672033853492e+02
-6.380622826930945735e+01
-8.242777853869409910e+01
-5.356056308124685472e+01
-4.362473137078748842e+00
4.868091792641885007e+01
8.829740772994686893e+01
1.863226576194995516e+02
7.886506405093655303e+01
6.700504777456116301e+01
-8.559413240150507818e+01
-3.285070264604939183e+01
6.774424476753368651e+01
-8.698915745142357991e+01
-2.259518031263962712e+02
4.702746641633994074e+01
-2.788895919334392204e+01
-2.051970138138170086e+01
-3.665594376206187377e+01
8.317791951319162536e+01
2.612892273668138898e+01
7.771215543037351736e+00
4.861777677133684250e+01
1.182701637130235355e+02
1.541683940026388768e+02
-8.712784425707011948e+00
-1.375016507622824236e+01
-9.529863956446440465e-01
-6.437934994952168211e+01
-2.011820769138223000e+02
-5.091847061875851210e+01
6.659501922988418698e+01
-4.439933572268460438e+01
-1.039206181497643371e+02
-7.338762365337532856e+01
-8.530379501004470910e+01
3.050120758204510807e+01
-3.012451751517428278e+01
5.030759002599729257e+01
1.688501001166950743e+01
-4.336353065159383391e+01
2.242928643899716974e+02
2.012738336352890300e+01
7.478330140477065413e+01
-1.892752142030589368e+01
8.661381537308724887e+01
1.059141568429150766e+02
-5.236423881814016745e+00
5.435140245913018475e+01
7.926970534890351416e+01
1.317746075061309341e+01
-1.174051240400420859e+01
-1.654144562580359548e+02
-5.329136119853075115e+00
2.345959359419972401e+01
-1.377645541438218686e+02
-4.895342643036146768e+01
-3.206717980640518828e+00
-4.801309074321595460e+01
-1.316532240135345546e+02
-8.341544585465429407e+01
9.009910667468236056e+01
4.588025587001408212e+01
1.197114347218359711e+02
2.538232956944613594e+00
-1.261540488936949256e+00
1.359012533565265812e+02
6.708441872310032750e+01
9.191379119791633912e+01
-9.355568210962826470e+01
1.197335607451874750e+02
-9.752625117445373348e+01
1.707818035683676294e+00
5.673607719630940949e+01
-1.293043000356279393e+01
-1.894032872136139645e+01
-5.725609333243809118e+01
-8.296543956900300998e+01
-5.330766850213976937e+01
-1.159578694019115233e+02
-8.270259095799925575e+00
-3.042894925551994945e+01
-5.926775852220693963e+01
-4.372593372047281157e+00
4.403983474111569052e+01
-7.035350901814434010e+00
-3.071516597116848146e+01
-1.123813365238610942e+02
-1.158409722912717754e+01
-1.210549649383383830e+01
-4.569464955125540406e+00
-2.377754978023775223e+01
1.242607375115557176e+02
5.743356916055053496e-01
-1.398246229587645360e+02
6.479568685033787290e+01
3.134873320827822596e+01
-2.810710313531736659e+01
-2.551037095280405254e+01
1.913510587224660640e+02
7.859104579277119740e+01
4.186883386600394275e+00
-7.642364011136574042e+00
6.386905227145945929e+01
-1.200815116550369099e+00
-1.777655061568000292e+02
1.215881483080386403e+02
7.322195249497643488e+01
-3.724662981236836856e+01
3.477227117490000552e+01
1.977303989586426525e+01
-1.964759145225167103e+01
-1.446833826496933284e+01
1.871643068295340484e+01
6.430748123746992917e+01
2.639088673153596432e+01
-3.664517302479364957e+01
1.302487882413543332e+02
1.146110022345510941e+02
-8.053998152196062676e+01
-3.706447825316300282e+01
3.444354652401622019e+01
1.943001857234763463e+01
2.628716914875442612e+01
1.389053364475960848e+02
-4.723627159665684871e+01
-1.835387914412802104e+02
-3.230145154741639857e+01
9.599135001083661223e+01
3.957516627372421159e+00
7.288310923389003904e+01
1.050376260377640278e+02
7.276116615073750893e+01
7.103950832016805350e+01
-3.081701046211239259e+01
-1.601469310670966593e+02
3.697239013866076363e+01
-1.250556691010969814e+02
7.047684285639559221e+01
-1.009026723890519719e+02
-5.166285698596830400e+01
5.386407950876174766e+01
-5.887319011616038011e+01
1.338531346096879702e+02
9.256523175933590863e+00
1.076679815815982977e+02
-9.291753578165014460e+00
-5.791283541521396927e+01
-2.008619668511277325e+02
6.836650739441923008e+01
-3.826730292953997292e+01
1.313955199982071917e+02
3.372505793560127785e+01
2.944294415542284682e+01
-5.555078272849270604e+01
7.491516410569887796e+01
-1.506200185205775588e+00
-6.864280917509461233e+00
-4.112777924700301213e+01
3.506200606111571716e+01
-9.584001099538191681e+00
-2.540286502828393189e+00
-1.847441669401181343e+02
9.198126625719548599e+01
-1.141432252467555486e+02
-7.359794930368817489e+00
1.439783675507068779e+02
1.022640757246645933e+02
1.783631557483055019e+01
-4.280489622496376967e+01
-1.386436753434475690e+02
1.860720578705269901e+01
-1.112530662123514418e+02
8.950431325591452492e+01
1.926453068674683422e+01
3.492589708027542628e+01
-2.269804757528384087e+01
1.093423312100270834e+02
-2.096927404686987870e+02
1.027827854313766380e+02
4.136019148745415208e+01
1.753532709604345143e+02
-1.121380223452526366e+02
-1.286009823229566962e+02
-2.763006215866898074e+01
-7.133414276606390558e+01
-6.690268535307905040e+01
1.186615709140670845e+02
2.771824487866955877e+01
5.441164713042208234e+01
2.825439450442572920e+01
3.043256416961503987e+02
-5.683500936713284801e+01
-5.612389698914360991e+01
-9.801652444653770502e+00
-1.426924616787064437e+01
-1.043182517072471995e+02
1.858152041960150669e+01
5.976962530974741128e+01
1.214461138863287992e+01
8.974530107359292685e+01
-1.960252585042798330e+02
1.062023293438629779e-03
-4.679430657052335363e+01
3.625552655249693856e+01
2.451881660344329106e+01
-3.646464859799115388e+00
8.566802162152576727e+01
-9.796433593137324181e+01
-1.460460764239134335e+02
2.007234429249202634e+01
2.718921189280806772e+01
-6.863963440306331165e+01
2.907269431352122524e+01
9.036648575175453857e+01
8.019408080697076002e+01
1.043452633669470089e+02
-1.054250424611718273e+02
3.095432290140706755e+01
1.132231947382503456e+01
-3.971562536214008787e+01
7.008569737649216336e+01
-9.345359461243445764e+01
6.731659371840895290e+01
3.110060380909445144e+01
6.715958824823424322e+01
1.218195128646354277e+02
7.862890724179946744e+01
-2.005129094837404935e+01
1.906488506666833302e+02
2.144610594648227320e+01
1.636719422083652091e+02
5.574253877500437682e+01
-1.572160369247099254e+02
-1.682915232189167796e+02
1.251498644155589943e+02
6.655130281799546310e+01
1.171856615791849165e+01
6.434842612917681492e+01
6.305276926782286750e+01
2.339907069716085530e+01
5.701802886777533530e+01
5.000305404072334881e+01
-1.746385489435741647e+02
-5.788677233652858689e+01
8.090737984668711746e+00
-1.515757893920957144e+02
1.119652745091743071e+02
-2.766894315127735382e+01
6.186434162403659798e+01
-4.103063448113893230e+01
8.375035446982342080e+01
1.591947496177333221e+02
-7.577394619296957501e+01
-9.905679919976923031e+01
1.017970679671963694e+02
1.875368819668429126e+02
8.987031065155234444e+01
2.320609719003439295e+02
-8.727568725070743483e+01
-5.710668864478247286e+01
6.464638072756500264e+01
4.232179937898139599e+01
-5.770298421946434786e+01
2.112416884158967605e+02
3.114785987804271272e+01
2.500278873358487530e+01
-1.217000622657786835e+02
1.159767797576218129e+02
-7.488152782187412981e+01
3.332746571949624581e+01
-8.093788269461856544e+01
-6.652828185968192543e+01
3.061055866592873187e+01
-4.575851709674233092e+01
9.234120707868915190e+01
-1.899755654808054928e+01
-2.206830408707169795e+02
9.216233317186805607e+00
7.062885115635162947e+01
1.195665714078154593e+02
-1.905397815073256451e+00
1.027649090543227715e+02
8.944898872787233302e+01
9.631797966144806367e+01
-6.664576102081757369e+01
1.427343829804851225e+02
-5.617212127372436470e+01
-8.756746135551722432e+01
1.973810664906023931e+02
1.934618285088503864e+00
-3.924417426196302472e+01
3.677040413680216346e+01
9.891906564986449268e+01
-1.981209263492145212e+01
-1.094424181327068268e+01
-1.014069991252430469e+02
6.456011512893002191e+01
3.181271144710428800e+01
3.438613162840042037e+00
-5.561543380978156392e+01
-6.759361881528987226e+01
4.451686093969466640e+01
-1.516176054941710163e+02
-4.694439703556317767e+01
1.029141369747779748e+02
-3.873934625092499573e+01
-7.864609210381797766e+01
-1.264940494278902179e+02
-5.497253434249886794e+01
-1.055781835191424847e+02
6.031470634467576275e+01
-1.237148785290960262e+02
4.493462373969997259e+01
7.063702042687782523e+01
-6.458790968217965656e+01
-2.340172104383030671e+02
-1.630875562925889355e+01
1.454063803745459040e+02
9.777004815092864121e+00
-1.020946581613924735e+02
8.746842648465209535e+00
-4.188316600987212723e+01
5.566106294228171691e+01
7.203934441831418667e+01
2.589072461991625929e+01
-6.798284038207615509e+00
3.534439507192966090e+01
-2.993531595284952118e+01
3.359138057421075985e+01
9.600491121044292697e+01
-1.417407209733897666e+01
5.420389882844442297e+01
-8.846934869991260086e+01
1.473502993733088431e+02
-1.126460005828311068e+02
9.174687534685899948e+01
-1.817452796609624244e+01
-2.749875761184433287e+01
1.657279917567162215e+02
1.023390045998788338e+02
-1.158856572117066008e+02
-1.825249797071596447e+02
8.213557877646310601e+01
3.606883793562239049e+01
4.992315885551507648e+01
1.145299370002643826e+02
-3.902432405110508995e+01
-8.445704643737890649e+01
9.239317690864174892e+01
-4.850470952908341360e+01
-6.404036066417724271e+01
2.171957992104639743e+02
1.190977158344532967e+02
-9.995279215890711555e+01
1.820303425396619446e+01
1.036708517952360893e+02
1.123150523116211552e+01
-1.845034572596854048e+02
-1.568551955367492212e+02
-1.408951817244534936e+02
-7.351858157916603886e+01
-9.019891459648768262e+00
-9.407618226710947340e+01
8.219017729046147736e+01
-7.106770322623060565e+01
-2.564033730135455968e+01
-4.169853623840531043e+01
-6.928106489096347786e+01
1.700620071889154161e+01
6.185258400134460288e+01
7.319570204382766576e+01
-4.773739594088826976e+01
-7.018759525979668012e+01
-1.463166154309007538e+02
-1.233477755738802450e+01
-1.455221888368200212e+02
8.544983290781198093e+01
-6.808912576276304662e+01
1.106118023786434321e+02
5.466607096842793112e+01
8.397707798938253632e+01
-1.975720288139119418e+01
7.453202170889596800e+01
7.796399809676876735e+00
-2.211882078145804655e+02
9.570387326134627415e+01
8.793776496763959472e+01
5.103903662561165078e+01
5.518775393326019696e+01
1.594226538381427645e+02
-9.921690520787821299e+01
1.728827596411635739e+02
-1.190945907851857299e+02
4.164821320365962265e+01
-9.675976268178723672e+01
2.791690655558278333e+00
-8.612942476944110126e+01
-4.367392614488866798e+01
-1.700172287230911294e+01
1.260712871251905511e+02
3.777886915358057962e+01
7.143816061535835615e+01
1.024478048162140169e+02
-1.044672609634338301e+02
-1.306579235720596159e+02
6.301971739681929563e+01
-1.204274814426851066e+02
1.214658388835730705e+02
1.700044304495859819e+02
-5.496531049696084636e+01
1.275718413139208529e+01
-5.453124449089580494e+00
-4.496960679310625153e+01
-3.955572118923583957e+01
-1.203791602049097378e+02
-5.471919437655568430e+01
-1.780880516047951057e+00
-4.790218392490019284e+01
1.007676443581014354e+02
1.453172039178657826e+02
4.915056329537462432e+01
-1.101534029212580776e+02
-8.759472751005779401e+01
-2.340989443200153275e+01
2.237323215896921624e+00
-1.079394676663934689e+02
-1.091251967085730570e+02
-1.248025335006368692e+02
3.311593891030864256e+01
-1.269375615760194798e+01
-9.082220859770858112e+01
2.158174692718146304e+01
1.639327766132431350e+02
8.765490607515815213e+00
-5.831112125500089860e+01
-6.614768924101450409e+01
-1.943327124097269731e+01
-1.484236349051099424e+01
-1.758150762249937600e+02
-5.890248661243231254e+01
3.778490725565261243e+01
-1.323912295867344113e+01
2.627961681741578559e+01
-6.730683322859695750e+01
4.768458642466801223e+01
-1.702131690925092755e+01
-2.924714433215278220e+01
3.176383523475769977e+01
-9.391462349221278316e+01
3.979946208179031686e+01
-1.575570477379687517e+01
6.773615239212512051e+01
6.027339450543049537e+00
-6.841631726112907153e+00
5.547233375340447736e+01
-7.272999678647924782e+01
3.844343895712361814e+01
1.059816625772464249e+02
5.714341949994773984e+01
1.950928383833750956e+02
1.571419425137738983e+02
-1.486703115181584280e+02
4.640326373844884245e+01
-5.312304115988406750e+01
7.997893106948301067e+01
9.942788190195442155e+01
1.504301299915392178e+02
1.328509566579846535e+02
-1.660431149834908808e+02
-8.851031200446422531e+01
7.320775315884094425e+01
-5.709926480695310147e+01
3.972891439608644326e+00
-3.270431936109729065e+01
1.243618497643726073e+02
1.410357282107900403e+02
-1.016846378998301788e+02
-1.086578776114362910e+02
-3.689611000859446932e+01
1.986921193748106020e+02
1.222573941421699928e+01
1.035403341888200259e+02
9.279586813696157321e+01
-1.144494497076717821e+01
1.432392339303145263e+02
2.464944021011478270e+01
-2.980341243280361851e+01
-5.884453760362408303e+01
1.689959570613415352e+01
1.424180345671934589e+01
-2.073134371206592164e+01
-2.642507330141767596e+01
2.221697111417860526e+01
8.268279343375083101e+01
1.492188753819229134e+02
7.672758700057696046e+01
2.000727069771288029e+02
7.352153562975584578e+01
5.109575652800549506e+01
-9.048151562521510982e+01
-3.085889197129346684e+01
7.173350261315593457e+01
5.622582690770325087e+01
-1.359260358882414437e+02
-1.002442297170751857e+02
7.323563018570439453e+00
-2.696063093179740910e+00
-3.206680972819045650e+01
1.409819748959567853e+01
-1.912619097514661064e+02
1.539723242707799322e+01
2.046759491952190331e+02
-3.858890590302368651e+01
-9.644681351852068474e+01
6.879766193000242946e-01
1.084272142459759749e+02
1.946306025705848413e+02
2.293599805231882272e+01
-6.008854236369261770e+01
3.367673855883553813e+01
3.046586030848873605e+01
-1.800790345159531824e+01
1.136886266737891162e+02
7.498096777040393590e+01
1.106712353393899093e+02
-1.000024563989721855e+02
-1.672059840142801335e+01
-2.277968525021594637e+00
3.172614685085332198e+01
-1.487023166477356639e+01
-5.446514263221820862e+00
8.341324272420396824e+01
1.421251037714611520e+01
4.411130987400234460e+01
-1.131749137790484667e+02
1.035791601129984940e+02
1.525431006878221751e+01
-3.464566851272707027e+01
1.014797444909268052e+02
5.424390162379039992e+01
-7.517793189642729601e+01
-7.830962312295811500e+01
1.380560935671381912e+02
2.353661969646800287e+02
2.513433789997615353e+00
-4.588687140664579545e+01
-3.509496332486963865e+01
-3.802178065034507881e+01
4.758881328468456928e+01
-9.458426533339125797e+01
2.102933456357981346e+00
3.166546193965936240e+01
5.584549932843980713e+01
9.009631397408912790e+01
4.078653566513656159e+01
1.587419121507547288e+02
-1.343515976877148148e+02
-8.989714401129836574e+01
4.956336342332502198e+00
-2.871845567151776990e+01
-4.969817218740724130e+00
2.993917387420347254e+01
1.847383701402486977e+01
2.037887018203469154e+02
-8.138823094896029886e+01
-5.480609942207253482e+01
7.916578414207890546e+01
6.600000119452830916e+01
-8.343547165354749495e+01
1.510660329673098090e+01
-3.059425832191293892e+01
5.446184795623732100e+01
-1.030620968294688851e+02
-7.751119361705893596e+01
1.428961796733366612e+02
-3.825882522814965370e+01
3.968618997196654163e+01
7.705503551041694266e+01
-1.651687431845928344e+01
-1.328161525419938549e+01
1.231101704409705206e+02
1.333424930012656375e+02
-3.539651567304218105e+01
5.793797601896490512e+00
-8.368803554470014205e+01
-1.612476235406277567e+02
-1.039559097888149637e+02
-9.400754427570169014e+01
-6.110918872928775869e+01
1.134395487177215074e+02
6.637633537557864827e+01
-2.271969772468954929e+01
4.886028878432214562e+00
3.539137642011302631e+01
2.916977479429755382e-02
-2.613141532017861479e+00
2.645934269299777597e+01
1.811353735174073165e+02
1.162245181285167632e+02
-1.825422848344493048e+02
4.889940931303785021e+01
-1.446232620916507550e+01
-3.892004730909299326e+00
8.887322265090655549e+01
9.119842401183424840e+01
-3.624617489996507658e+01
-6.776070932524609702e+01
4.530582332371938747e+01
1.410369619057667556e+01
3.701769684350588818e+01
-5.081292287301671706e+01
6.920382235407342364e+01
1.084044094235015798e+01
-4.079268653491947560e+01
5.789376970582061688e+01
-3.040515722997126602e+01
-8.821980018072123642e+01
-1.740731647610297443e+02
-2.341851850129824086e+01
-5.571834153715112592e+01
-1.143950486302926777e+02
1.346567384325092291e+02
-8.423818004796190451e+01
1.402808789949211246e+02
1.668792193456550024e+02
1.509595975680906221e+01
3.493024325003547759e+00
-7.766292707100613768e+01
-2.980638748943583138e+01
3.208188391376218362e+01
2.177912791921773561e+01
3.534622791324272839e+01
1.263295947977303797e+02
-2.265088243827030823e+01
-5.466277673108083945e+01
1.681043762055988964e+02
-1.356499954983548548e+02
5.316569729930521504e+01
-1.881878651321712539e+02
-1.202050128213873279e+02
1.679027761519810440e+02
-1.124963840021038664e+02
-6.319832895491956037e+00
9.305164926216923504e+01
-5.013938190177974263e+01
9.352797377635904752e+01
-4.224754163765131665e+01
1.723555518061778002e+01
1.373351307736097837e+01
4.702095066518196376e+01
-3.812983985682895138e+01
-4.958869133330551193e+01
7.838576323313745320e+01
-2.624271363853209138e+01
