-6.855539447287628718e+01
1.919484096919368028e+02
-7.308243883557580034e+00
1.476744199266916269e+01
4.227912303365383195e+01
-4.371698329466619981e+01
-1.507997272788269356e+02
1.556959602878862725e+01
1.212296215465057827e+02
-1.417157325077722021e+02
-7.879800350689492028e-01
-7.227461321208923550e+01
5.089646201276766391e+01
-4.493532069601860712e+01
1.138640230214142690e+01
1.304004918499946797e+01
3.087661351677270716e+01
-9.730973732690841871e+01
3.688579838509365061e+01
-2.191300033636871980e+00
-7.780305329867155706e+01
5.682583065859137861e+01
1.308206817222881568e+02
-2.062979387194560488e+01
-1.462868629136464094e+00
-1.562967829704278877e+01
-7.507390475196837087e+01
-1.512193804945229942e+02
2.410604610534789671e+01
-9.441107361781965324e+01
1.448710956680768618e+02
-6.920478524219448957e+01
1.168230690763878812e+02
-1.477251083816778419e+02
8.104238597965593272e+01
1.470127399194345799e+02
-1.709692389831795083e+02
-4.072015292578797840e+01
8.034587029999016750e+01
6.527610944200323218e+01
-1.017089027744012384e+02
-1.210575654043933866e+02
-5.355395730159904133e+01
1.308751722591997861e+02
1.516965124183990099e+01
4.631241494254518187e+01
-3.431041090844034613e+01
-1.402322381743533697e+02
-8.024734146320290051e+01
-4.469979095058800311e+01
-7.260271207541835281e+01
-9.162877502177929046e+01
-1.222894977152745781e+02
-1.143267377048058364e-01
1.332431881190562422e+02
-1.226077725265272562e+02
-1.190489633873582704e+02
-7.752492836782836960e+00
1.073838669950390710e+02
-1.481310425195380276e+01
1.009178876703067402e+02
3.476065905222569086e+01
2.628177509007443646e+01
1.709003319698087182e+02
1.487052384197517840e+00
-4.400027569992793275e+01
5.831992279062774287e+01
-2.305012249612626363e+01
-9.376880296678179150e+01
1.865752380561202983e+01
-2.427939971142618703e+01
6.688950165890055644e+01
-4.589410829007152870e+01
2.247491057749330423e+01
-1.066104710411330529e+02
5.559195264762232114e+01
-3.200161291198077862e+01
5.652656957983208486e+01
9.855827403358279071e+01
-3.109209370978244280e+01
-4.531650211533149730e-01
1.238177761841342885e+02
4.849690351473012129e+01
-4.880720675130090314e+01
2.325509062040282160e+01
4.274467527699511038e+01
-2.462221323946166862e+01
-8.078140114975054686e+00
-2.864118311678823829e+02
-7.576597247304187022e+01
-1.089833964576340861e+02
-5.938548634849778551e+01
6.447009719892199087e+01
-4.052310507641799120e+01
8.965368771406762960e+01
-3.664578260197834680e+01
3.487247957930386377e+01
-5.015051438341375345e+00
-5.584420555574782696e+01
1.818045932647092116e+02
7.085525175828996680e+01
-1.128951317176464926e+02
8.381140471123805469e+01
-8.230836704002004467e+01
1.430258489537734761e+02
-1.660195107692817658e+02
-1.717152216516898022e+02
2.813751629396165299e+01
1.137810065689275163e+01
-1.374130068471335164e+02
7.720319553942110247e+01
-2.532962680165059908e+02
1.699669621408742444e+02
-4.429792702536615678e+01
-2.235120794063627159e+01
-6.324296624923140087e+01
5.367081345593479824e+01
-1.327875069519651277e+02
-4.833724138784621971e+01
1.354481765743599340e+02
-1.275575178671703753e+02
-1.660262441600046088e+02
-1.697401888649540425e+01
-8.995289752406904427e+01
-3.562429372767995428e+00
6.550867033246992044e-01
-8.553525783747029720e+01
2.576853893323382216e+00
1.622497167385076580e+02
2.898855991778289010e+01
1.357974227971290526e+00
-2.822551028289418085e+01
3.609936724672868991e+01
1.039583602665265261e+01
2.588047261594113735e+01
7.714417154342483229e+01
9.952439598159909906e+01
-1.877258432032926976e+02
3.906935132419631174e+01
2.853203054586304965e+00
3.389832060151118487e+00
-1.103906575675423767e+02
1.023718743113716556e+01
-1.167575802257292139e+01
3.119377962729409148e+01
3.523557398420773978e+01
4.210655871238782311e+01
-3.263764707528859788e+01
-1.131015500077587532e+01
-3.357181583026856941e+01
-6.754241961980520159e+01
2.335592159388335176e+01
-1.550751191215984477e+02
1.185108455074226015e+02
-5.619594919902729657e+01
-7.946279890378826849e+01
1.565669674737280914e+01
-4.944934067526750709e+01
-3.992200331998184737e+01
3.214747183334993252e+01
8.480165687572130651e+01
8.302425700618800875e+01
-9.452923524003752220e+01
-1.149468806508478593e+02
3.082855931108219760e+00
2.409484597135186590e+01
1.270635710122179205e+02
5.789090984182427491e+01
-1.235745532306117411e+02
1.104566141697046788e+02
-7.226721235186806780e+01
8.147441129647226887e+01
-1.873925418754543273e+02
-1.083103871742819280e+02
-1.316458392275461620e+02
9.995129246835826109e+01
-8.622338779004734022e+01
-1.153178719775635415e+02
8.650847978799049542e+01
1.913936552848871031e+01
1.432420030993097271e+02
2.678382196002814020e+00
-8.986779436860987857e+01
-7.820885331067417212e+01
1.627993404650747777e+02
1.279682669941458784e+02
-2.755149559516555158e+01
7.473898465787113032e+00
5.120906060611958566e+01
-7.565974369921143250e+00
-3.066183034830552767e+00
1.167403934192828672e+02
1.457967109211527088e+02
7.826044610167998883e+01
1.853247407544225780e+02
-3.824443997761916592e+01
-1.093291693452183821e+01
-6.947950439333145312e+01
-9.016659428220476968e+01
-5.765157524058076888e+01
1.221856675828919521e+02
-7.175883265005974465e+01
-1.107049623414783639e+02
-1.813280722095859332e+01
-5.426310565395341712e+01
-1.335625031873279625e+02
5.212333465587891013e+00
8.839176251010906071e+01
-8.930335347966402537e+01
-4.000704115857932663e+01
-4.762632080989734362e+01
1.298187879122611434e+02
-3.273791498470576755e+01
-3.920280254833680544e+01
1.542330655738982443e+02
-1.609725232185940769e+01
-9.782040948808540293e+01
1.087100385702808438e+02
3.754521392953856207e+01
5.084915797604246990e+01
6.458350510959711244e+01
-2.802352916744249001e+01
-2.048135602366384376e+02
7.293394565472848967e+01
2.508699326449699285e+01
2.370699410464319001e+01
-5.114710866950492374e+01
-1.198367035202890065e+02
-8.464964383482552535e+01
-2.703164354721469209e+00
-4.511773298876762794e+01
2.002511091572512498e+02
-2.371505861925709979e+01
-4.060719970650618649e+01
2.235569376202220226e+01
-1.810092890635325702e+01
-5.096933748362606309e+01
-6.070294714540703751e+01
1.169205341599239603e+02
-9.762219251543038467e+01
1.602529564003964779e+01
6.479892526885973325e+01
1.892804230692028113e+02
-1.518088973092779383e+02
-2.027286463073012257e+01
-3.769164001304304890e+01
-6.514574305898403850e+01
-2.432080668036268278e+01
-1.094184870831858891e+00
1.271903858015044264e+01
1.260048101143287269e+01
1.120592637457307745e+02
2.716356118855740220e+01
-1.280345513370015169e+02
-5.283389877768666310e+01
9.302636262325503935e+01
1.135583279949664472e+02
1.268579576224066159e+02
-2.889554744053528879e+01
-2.181875462369614027e+01
1.598227503888263357e+02
9.396350223651461420e+01
-5.394732294617563184e+01
-7.484257727912418545e+01
-4.739136730294123367e+01
-1.014027896599474161e+02
5.105252457549591583e+01
-2.982512855937878626e+01
-6.617519376611620885e+01
-8.626707495254279934e+01
9.651713433133292597e+01
3.036422709696564937e+01
-8.283795816242805188e+01
1.844184507506498392e+02
4.525614884233178259e+01
3.369400352002269017e+01
-1.190379553231312286e+02
2.335646810479982491e+02
1.767232638246386500e+02
4.479215957669134163e+00
5.894867078961299711e+01
-1.045408846024574103e+02
-4.596505991021754944e+00
-1.817218576160735779e+02
-2.860721645326488272e+01
-8.823507259402032332e+01
-3.020778106358571335e+01
-1.317482163399569650e+01
8.935733838057777234e+01
-3.723211931696023669e+01
-1.141896569322864252e+02
3.058766630352433324e+01
7.859552982564055412e+01
5.133619065536392867e+01
-2.367702777973963535e+01
7.864565320123644199e+01
-8.767761894479126283e+01
-1.747522160745996089e+01
-1.242168033195484185e+02
-4.825169105106047596e+01
1.754410359568704081e+01
4.644794706187686018e+01
-1.170370030580659915e+02
1.068880850301230510e+02
1.075229205134647401e+02
-1.866505709483834039e+02
9.442662167501374881e+01
-7.528049291302363599e+01
-8.063456377073026715e+01
3.421367334371387159e+01
-1.354682473756154764e+02
3.888138712604763469e+01
-2.034368058393970458e+01
1.163690682205401146e+02
1.772374100896141158e+02
-6.749515688371589306e+01
2.981750376012576709e+01
-1.526660696912571780e+02
-2.411734702240330375e+00
4.533901937317668285e+01
1.071678344171199910e+02
-1.169767086641544154e+02
1.050339353417344910e+02
-9.993370938517385582e+01
-7.958992863431102194e+01
-8.820712792130414925e+01
9.033559264190655824e+01
7.864101359563781557e+01
-1.616263265505049063e+01
4.078670323854880309e+01
-1.036947744820890307e+02
-9.965628892393132787e+01
6.937474626858873705e+01
-1.492643222001669479e+01
1.018861303326001604e+02
-4.647870537714494077e+01
1.102388582588253030e+02
-6.267704696666054076e+01
1.197824431832284802e+02
2.871441731506225992e+01
-5.018461940064180027e+01
1.008693295088841921e+02
-4.966470890734776589e+01
-1.801331563912781064e+02
6.959462342066146334e+01
-4.009393394807784006e+01
-1.996490436292204862e+01
4.143794849254151558e+01
2.306013823983359856e+01
3.453338661804807685e+01
-1.485145656027451366e+01
-5.994710201546052275e+01
1.798315423001360784e+02
-7.140177451870009406e+01
4.624285178273002117e+01
4.386883971983925079e+01
5.749374397561955874e+01
-7.062929389119032919e+01
1.475249866624340314e+02
9.959964965052080288e+01
5.352271382343361239e+01
-1.932450654068965434e+01
-5.298180798178429285e+01
6.954069155781741784e+00
-9.411014579376941924e+01
1.738311171207259420e+01
-2.101778460750993460e+01
-1.931899860286643786e+02
1.111677271624501770e+02
-1.297125332025073075e+00
-1.293563470441071104e+02
-4.537086585756449608e+01
6.569902560070036657e+01
-8.126015816497279332e+01
5.778443197801046871e+00
1.978475680096411082e+01
3.987419198929604391e+00
4.428511771017492293e+01
-7.790665864666893015e+01
8.224949328565183748e+01
-1.548183092153338976e+02
8.599816223098250134e+01
5.016026233833149206e+01
-7.815722399594362102e+00
1.431891926728408748e+02
-7.098902093022992688e+01
-3.015025005594691265e+01
-6.421513018217335400e+01
-8.124672210050016474e+01
-5.189367365853973268e+01
8.820075120995971929e+01
-1.315571231761273907e+02
1.549085575171598919e+02
1.056988464275843569e+02
2.841586831155800041e+01
6.701751561458719664e+01
3.242181580982295230e+01
1.115057013731537978e+02
6.805431408005436822e+01
3.209994186495920943e+00
3.987371162975335892e+01
-9.986749732356402376e+01
-7.494846984611233154e+01
1.140209127868789380e+02
1.169098538597547332e+02
1.684014989892589753e+01
-1.839547553182297293e+02
7.493746228330401493e+01
5.565355463802002411e+00
-9.901829973837696741e+01
2.723521917886993648e+01
2.630197530037071374e+01
8.495244790708007088e+01
-4.336143205664006217e+01
-3.925747752386004663e+01
7.176958253473858917e+01
-1.305367356455838319e+02
8.077108006889000080e+01
1.528857949675602335e+01
1.419766267641775492e+01
-2.170063047416264723e+01
-1.022638961894898202e+01
-6.636518939533083028e+01
9.528396177993714389e+01
6.095734117577309874e+00
5.282605852147766967e+01
1.466228582712522552e+02
1.958641133871559816e+02
-9.747876325613829351e+01
-4.087374235479305185e+01
-1.890076786882183910e+02
4.996463440040549386e+01
9.754396325189746619e+01
-9.849461958018218866e+01
6.553507823381022490e+01
-9.869317466293476571e+01
-1.319696357548977694e+01
-1.367693714143899264e+01
2.423334723051410151e+02
-1.281549185084546139e+02
1.477732372216860597e+02
-1.919649126943760820e+01
5.301700547726260737e+01
-8.573694029488194701e+01
3.438668448012916201e+01
8.588934002333743933e+01
8.249312302898312410e+00
-2.274372046085187549e+01
7.422759783609862438e+01
-1.430494094819861459e+02
-1.435324293369013127e+01
-3.747131074595606037e+01
1.350626011592612201e+02
-1.171178104259706885e+02
-6.404763659474630799e+01
3.512760370615958294e+01
-4.276413367676698840e+01
-5.831914815291175103e+01
1.266469345289582833e+02
-3.966129333353996600e+01
-1.133411166363996898e+02
-1.028930365584620716e+02
9.948358522529720460e+01
3.439586647760929594e+01
-3.285502985490395389e+01
-1.358038451559425539e+02
1.655885921526079869e+02
-7.201290072770392214e+01
9.347770238228328310e+00
7.753641656873870147e+01
-8.400091533515856579e-01
-1.803739103630063667e+01
8.798569872404533498e+01
5.796319122556959691e+00
6.979354493913920976e+01
-2.402017866079672004e+01
3.278504871043890034e+01
-9.170605948075977665e+01
-4.663138091566766974e+01
1.119489553555082892e+02
9.290468524421427787e+00
-7.995723059824729262e+01
3.249919957776144486e+01
-1.096613333183707795e+02
1.816568535739246215e+02
6.384695111288306180e+01
8.929779618282434228e+01
-8.467739164584489231e+01
-8.607954969127067812e+00
-9.211171589859397102e+01
5.324484545707685612e+01
1.009840497058224145e+02
-5.339706292429401202e+01
2.156426770375844981e+01
5.914189512922676073e+01
5.288168793831878389e+01
-6.052671984707635744e+01
7.754274572746929550e+01
4.284815676209670698e+01
-1.850701597982988034e+01
5.008388069549011945e+00
7.671194482441541140e+01
9.319349459160346516e-01
-1.186347114536555125e+02
1.273030369468195175e+02
9.593708373268415812e+01
3.440871964196741573e+01
-6.812341730211979041e+01
-5.367847581296796022e+01
-5.048168971101093661e+01
-1.571714214061827875e+01
4.210911228906734038e+01
-3.411331510459155680e+01
-9.457259591861520676e+01
1.037133250753373801e+02
8.167017605189666085e+01
1.470755898261324148e+02
1.176830841569547488e+02
-6.711107110683138899e+01
4.637299767675888518e+01
9.151757214516284478e+01
1.828258099826037153e+01
2.218234372164897650e+01
1.279617641561898296e+02
3.764647365329496154e+01
3.308475796930572699e+01
-1.243318679819091521e+01
-3.302686524780993693e+01
-4.480204055769818439e+01
-3.245375592791619823e+01
7.055230594742992878e+01
-4.902452277621596721e+01
1.507473261425416240e+02
1.603226303830532231e+02
-3.023327159132467301e+01
-1.243623841812454174e+02
2.194520689848137351e+02
-6.094330673226890127e+01
1.775048571175495482e+01
-1.351484563908377936e+02
8.332120894186890325e+01
5.619717353888027844e+01
1.628264824042961223e+01
-3.098107953001369452e+01
9.947808827651336117e+01
1.941882916330416720e+02
-9.500096092967491757e+01
3.327677387410830079e+01
-1.810496057070218114e+02
-7.215112274160539130e+01
-2.977378018159319240e+00
-1.108690492088513508e+02
-1.794534269216685463e-01
9.596418616430709392e+01
-6.247653324380971540e+00
5.919461389321143230e+01
-1.734623478778069128e+01
2.958630438513115735e+01
6.673565836634998050e+01
-5.948829642056448108e+01
-4.762599486209486699e+00
-3.324116888422197036e+01
-1.717705556676624212e+01
5.775674116783530110e+01
-6.480091634717867066e+01
-8.270582925777237904e+01
1.101940677131106270e+02
9.296679087180523027e+01
3.728085257022119947e+01
5.261478584147822346e+01
4.599416658481425912e+01
-7.559829963825234245e+01
-6.832732957812100949e+01
-7.660232582635666176e+01
9.984357712825769227e+01
-1.496839563066785228e-01
-8.368437005128581063e+01
6.875397463658357822e+01
1.562500345975624043e+02
6.728128517313668056e+01
-1.849198366732725773e+01
5.087507509636466807e+00
5.266314399045414518e+01
-5.759585727001067568e+01
3.203826318826858000e+01
-7.214105461374236938e+01
-2.886124108447672398e+01
-9.603037930552478940e+01
5.629410472995378711e+01
-7.692082992248391804e+01
2.300313374964046531e+01
4.069954028479735086e+01
1.132951553020061652e+02
-5.259535039559931135e+01
-1.144146610963551325e+01
1.194994688929246394e+02
-2.325736810643739716e+01
-4.328085831608328249e+01
7.651769230333638916e+01
5.820182386567849875e+01
5.788075131979367960e+00
2.470971879006888372e+01
4.782644606292296885e+01
8.407230696299509987e+01
7.127697543063089824e+01
-6.793251588519069628e+01
6.775948517674389393e+01
1.345914190133670161e+02
-4.147428860055496358e+01
-1.409756783615326299e+02
2.414427550066175741e+02
-7.988194468910018031e+01
-2.898516279664237416e+01
-1.959897433275637866e+02
-4.967550611568062635e+01
3.696787727332004181e+01
-6.592174260686401333e+00
-7.733615788624570087e+01
-3.192879913437927186e+01
-1.083896301193054086e+02
-5.814038127011544077e+01
-4.707391927099161677e+01
-2.221554419918510703e+01
5.357047753854092775e+01
3.725612465919741112e+01
5.428349813268982871e+01
-1.539467948304881517e+01
-8.366133217170637693e+01
-1.121867818087363560e+02
-1.063123732345305115e+02
-3.099700293785622307e+01
1.030281499384537085e+02
2.689341015920865630e+01
8.472968040198450979e+01
-4.789820549905960689e+01
-1.203438776481223726e+01
1.173516277978574607e+02
-1.573625198542488874e+02
8.119440007838014139e+01
-3.068059243322181118e+01
2.284607687877934268e+01
-1.589362347197667091e+01
1.083071338650142508e+02
-5.226641116881170746e+01
7.014348242698910951e+01
1.972395368961789686e+01
-2.440193500180623332e+01
-7.726182386337733021e+01
5.797485246029779660e+01
-2.418684223930426214e+01
-9.770213699456542145e+01
9.782790605356983349e+01
-1.018338845888661695e+02
-8.298063722551742671e+01
-3.706847353931152611e+01
-8.945680552141583064e+01
1.023828940857789860e+02
-2.485689482150566221e+01
1.318249256726470549e+02
-3.985937978832185813e-01
-2.020675704176546219e+02
-3.740774701826388338e+01
9.236069416994033077e+01
-4.536318416614217419e+00
3.222864219954590226e+01
-4.136895283837826298e+01
-7.495463350926547719e+01
7.004556429444868115e+01
8.313600132591298575e+01
-1.732741632711418163e+02
1.507223264751569900e+02
-8.677808864121494992e+01
-2.489079795658202343e+01
-1.387726001160165481e+02
3.706067205719940461e+01
5.558679780272909987e+00
1.007945595719821625e+02
-5.395743125744888147e+01
-9.293035686625032099e+01
7.732153849353004205e+01
-7.763583681422677785e+01
-7.395904460718017503e+01
7.653284572348253789e+01
4.695833571806232953e+01
-1.318853569762471238e+02
-3.046253890170440215e+01
-1.520457533604505898e+02
-7.068607395267756388e+00
4.198467055803650538e+01
-1.136673176409360053e+02
-3.544381800694397100e+01
-2.284020697184692850e+01
1.514757014105878952e+01
1.687229568797995967e+02
1.759480606592145762e+02
-1.234311297337377198e+02
-8.668900893608582692e+01
7.481038532079968206e+01
9.028920819854047863e+01
4.833880381692128481e+01
1.188227558972544387e+02
-2.395292875648265181e+02
8.218395040901629756e+00
1.250171916039752631e+02
1.008572816429545895e+02
4.258244778071476588e+01
1.307096575701931442e+02
-6.913256828611555704e+01
5.777849575785778313e+01
-1.355162797216685249e+02
1.190758592199841246e+02
-7.035599742489488051e+01
2.991702016179984103e+00
3.013468097137808144e+01
1.223810107766229720e+02
-8.389459703172491345e+01
-2.644582620342618284e+01
6.078259065010436757e+01
7.258080453884545591e+01
-1.165167249583288935e+02
-1.255551072085034718e+02
3.634999267409332191e+01
-3.184821657123403682e+01
-1.648096630809073986e+02
-8.007487196789000450e+00
1.560946370121866096e+02
-5.135547549953394508e+01
7.222797686556576480e+01
-3.347212579222802020e+01
-8.180373826996159892e+01
-1.163801389588290078e+02
-7.185057897919112690e+01
6.050942946735051464e+01
4.444258273003705995e+01
1.977348451400454792e+02
-4.421664732477869109e+01
5.868791217600342947e+00
1.353970683559481074e+02
1.170263018891106270e+02
1.109149479768930462e+02
-4.870531240642608850e+01
1.047391317655234033e+01
1.252138828360591276e+02
3.441580738958634100e+01
8.248336188653597389e+01
-5.105517550885815581e+01
5.745817260543263671e+01
1.084217507915383152e+02
-4.684013632180248976e+01
-1.178876686151840687e+02
8.183643799382633688e+01
-1.178810770676817725e+02
-7.204839283884892609e+01
-5.472266777309733499e+01
3.268985382765368541e+01
1.088389872558177558e+02
-1.940803823603230072e+01
-4.848364344935124848e+01
1.807377118025313933e+01
-3.884044821014767557e+00
1.366116921009725047e+02
-1.603788781015385325e+02
-5.330669637135033057e+00
-5.941609532183341713e+01
-6.327928837918070570e+01
6.461132388077186306e+01
-3.821819634913331765e+00
-9.142381315269227926e+00
1.630545292542365843e+01
-4.289723326173621842e+01
-7.834696238917082667e+01
-7.106187899690254994e+01
3.998067555863276823e+01
-8.555151402036893060e+00
8.793125532058417093e+01
1.384609727300232294e+02
6.496696571861484415e+01
-2.942135767213233777e+00
2.822086611027191694e+01
-9.804638937992736558e+00
-1.581874195097829272e+02
-2.352439829255268933e+02
-1.352990490623392361e+02
3.176111069871616976e+01
6.700871992494595020e+01
-8.012624728946707364e+01
-1.867063464770843950e+02
-9.742371153343235335e+01
-3.159740617117109807e+01
-1.219138850830633203e+02
-5.530213450094905880e+01
-1.509428794129958646e+02
-9.697529760161124557e+01
1.251647466426042286e+02
-8.154335098394332704e+01
-5.842126476142984615e+01
-1.476911440267224407e+02
1.090132288412854251e+02
7.810058809199625784e+01
-1.271235850193164367e+02
7.336096077683640715e+01
-1.364490297178398350e+02
2.287782938413688427e+01
-3.120725342724995599e+01
-5.897982831034662254e+00
-4.805697431682234111e+01
1.310150394762589201e+02
-3.245538933810645066e+00
5.787879311256872228e+01
-5.010511357990569792e+01
1.507144682254027543e+02
-2.561099692909707670e+01
-4.153574623013424727e+00
4.924576995767195342e+01
6.704609138104467903e+00
1.671271773602324373e+01
-1.423592345899850216e+02
9.094586910953651682e+01
-4.284322692234887597e+01
-1.862162862451002638e+02
-1.166932081744400449e+02
4.899746941707739722e+01
-4.157468378347757465e+01
-1.072578476929283298e+01
1.709080724351787239e+01
3.633818410387019071e+01
3.288377545669413848e+01
6.746318389407754523e+01
8.691662346300530828e+01
-1.393682835832155433e+02
-1.247201705815111552e+02
2.615861687374129119e+01
1.157020773555412063e+02
9.401348766086161657e-01
1.003650023754739777e+02
-1.382092008967012475e+02
5.288689296956653862e+01
1.125577759301356906e+01
6.233844322273409944e+01
1.755652083386275990e+02
-8.842945755373956729e+01
-1.284801697727417888e+02
-1.325664268182361383e+01
-8.083230233743960014e+01
2.494434737937586632e+01
1.804635430965976672e+00
-1.333664747639037671e+02
9.630645709507041374e+01
-3.942572263926896170e+01
-4.909309153312069185e-02
-1.839603740133294352e+01
-1.163556796442321684e+02
1.036008157855007141e+02
9.821050298015329361e+01
4.473409742092749042e+01
-6.103462129188820029e+00
6.105452934903062356e+01
-3.621268143839112241e+01
9.119183964112495744e+01
4.038772322161888972e+00
1.448511236196693517e+02
-1.970662568067550637e+02
3.586085974424022282e+01
1.133752558515401887e+02
-7.200666919598150173e+01
-2.491379988796042255e+01
1.046332633585091401e+02
-8.624228399077942697e+01
-1.110796198860666379e+02
8.063204523595273088e+01
-4.779836815453967347e+01
2.942258508534354178e+01
-1.578457592901296778e+02
-1.033067196206300622e+02
-6.725918458857034921e+01
-6.489208037138641316e+01
6.962168907984073485e+01
-1.544115817699529325e+00
-2.839029052166320355e+01
1.229496863068589185e+01
-1.098667005954499132e+02
3.031318817511564490e+01
1.549956436762254270e+02
-1.691176107304028164e+01
4.001544991683633867e+01
1.431231678965667413e+02
-1.134671242482966562e+02
-9.913712318500701315e+01
1.879172489661212921e+02
-1.563266490671792042e+02
1.576977656333263944e+01
2.309749943588165522e+01
-1.270932532098442778e+02
1.365445544380173404e+00
7.648376304589565677e+01
-1.720456842714357322e+02
-2.675687989500358199e+01
1.276786681087496191e+02
-5.765235936391553651e+01
-6.158681914427578619e+01
-1.212422439201670414e+02
2.555288717187121250e+01
-2.536210121528907280e+01
-7.127806103558461359e+01
-2.574675461102043528e+01
-8.630768911427166401e+00
1.882177722045209407e+02
4.349261155386128053e+01
1.155626392578871844e+02
6.397252118982613922e+01
1.147614973775202856e+02
-6.209125217968451693e+01
1.201583193904822480e+02
-3.245308734908807935e+01
3.079806706471135058e+01
3.611589102372367677e+01
-1.100969437844104171e+01
-6.694496888898284226e+01
1.071402306494307055e+01
1.913379165143133420e+01
-5.578156753909772192e+01
1.120469633024335465e+01
8.617769006541578847e+01
-6.862377701513077000e+01
1.619163147990648710e+01
-1.716758342049272912e+00
-6.129415048032802105e+01
5.511930367337085812e+01
-2.036994425384914464e+01
-8.780639026285660975e+01
-7.651252477346157832e+01
-2.665190267078961028e+01
2.198900923331498447e+01
1.853994386454083383e+02
1.128817685172318050e+02
-9.259579054863247904e+01
6.594194737292076525e+01
3.667729089421109734e+01
5.030259772971904653e+01
3.813624509082946901e+01
-1.351099476746737480e+02
5.449017051816212387e+01
1.451910321072390673e+02
-8.327085646053381751e+00
-7.386260920083233827e+01
3.091217359426047295e+01
9.659592335365069005e+01
-4.357334932722611143e+01
3.734913776498947868e+01
7.077828294526567277e+01
-4.221951778121223242e+01
-3.201766991677198604e+01
-6.090304169911534871e+01
-8.500351942574185671e+01
-6.113754643725138749e+01
-1.061446168430432522e+02
7.735919872378720186e+01
-2.281751436559485313e+01
2.507217980918003519e+00
-4.294307463922233126e+01
7.890726679618869355e+01
3.236457752643313768e+01
-3.687790493437374550e+01
1.707770542835893224e+01
5.453554581362433851e+01
8.589858606972434529e+01
-3.247564866998068567e+01
9.296461563864043853e+01
3.795544162162002522e+01
7.083426978102620453e+00
7.255659147258133146e+01
1.028320270897059316e+02
-6.844037361404124908e+01
8.280190917717105137e-01
7.655200015787190182e+01
6.877577816176385284e+01
8.769427562601094905e+01
1.672335948027513730e+00
-1.328347024719729177e+02
9.672199729032573856e+00
1.750555116449791981e+01
3.123263188883429819e+01
-8.118343694176742531e+01
-8.516880105577551774e+01
-4.563614675530484988e+01
-7.985778880301815263e+00
-1.058655692934108714e+02
-4.679973127491516749e+01
-2.227840085148818261e+01
-1.063063187332385695e+02
-6.085203706878496632e+01
9.928734591221336814e+01
7.653592417953630900e+01
-2.664954866505409470e+01
-9.000070431928155301e+01
-4.635848989858977376e+01
-1.518102639363297328e+02
-6.475082367643598502e+01
3.491172833615074467e+01
-4.872228398419563433e+01
