1.659073592840893951e+00
1.158822571717749241e+02
1.074631435664341126e+02
4.245859198746789964e+00
-1.244417178130963464e+01
-3.027432499643215280e+01
1.139832324018361049e+02
2.078569911003030199e+02
6.197263094436547703e+01
2.874041587034183181e+02
1.672732116814553933e+02
9.252513762485469329e+01
8.161475911918920190e+01
-3.733038186850132689e+01
3.382972606247883363e+01
3.763861427371250556e+01
1.526168932000724112e+02
3.565943200221271070e+01
-8.965203972852359371e+00
-6.995331026258182305e+01
5.580496122662727032e+01
-9.588675492536687273e+01
-5.669603424274988157e+01
-6.953169127114396986e+01
1.724759220128020161e+02
3.728323345839998915e-01
-3.777876282266199315e+00
-7.853318390432332308e+01
9.459738347200605801e+01
-9.748231601954424264e+01
5.812592080933730188e+01
-7.399077217211333846e+01
1.157460031959876119e+02
1.201032996894225136e+01
-1.635449808667411276e+01
-4.036005755926239402e+01
-1.133112916421923089e+01
6.705167084903135333e+01
-7.228381438243997081e+01
-1.234080374100518043e+02
-7.812161562102878065e+01
1.217795827330717273e+01
6.909197499647441987e+01
-7.990899071204482595e+01
3.385413639288211129e+01
1.179116774836198118e+02
-6.022751915003809131e+01
-1.623936127723603420e+02
-2.922608288782345198e+01
2.075169018216919525e+01
-1.044923617273559273e+02
1.280967875996273264e+01
2.244732882449864064e+02
-6.391171675681761144e+00
-8.915881799245920547e+01
-3.482415703419398056e+01
1.014697171024772473e+02
-1.691373971937613305e+02
6.608672461252378127e+01
-1.533704174352483740e+01
1.106072957967294172e+02
-1.001483135003261538e+02
9.980374369125490830e+01
-8.274451116310153509e+01
-2.992358057091561818e+01
-3.408750416935099992e+01
4.383066787179053136e+01
2.397928995989331895e+02
1.524804376850480310e+02
7.224801364523916902e+01
-3.413118113639075091e+01
7.240404921500831392e+01
-1.122967087444238388e+02
1.800755293788957090e+01
-2.280660472258011495e-02
1.182323182269420592e+01
-6.873944537098705609e+01
-9.706660209398309291e+01
3.697372325540085569e+01
1.323843915193703253e+02
1.130711674561397331e+02
4.775631951114658591e+01
-7.204651287374464808e+00
5.836781958517736513e+01
-5.224114009038052586e+01
-1.304521479766191927e+00
7.427159072225312286e+01
6.846183999208894022e+01
2.423748304686491295e+01
2.226194696386153637e+01
-4.388275948233015811e+01
1.486466355438485323e+02
-1.145735483179912819e+02
-5.947218087504482753e+01
-2.308084681727163101e+01
2.545553906627956664e+01
-5.636262289488554700e+01
-7.107419794039788030e+01
-1.268224543660903691e+02
1.442421643650021110e+02
-1.153337876171443526e+02
1.382073427278919553e+02
-2.118771794929702708e+02
-3.147554157238916517e+01
-7.406971788034539372e+01
-8.255405080332369039e+01
7.674112707847307036e+01
-2.528666031497111444e+00
-1.201271867747180977e+02
-1.686795726900592385e+01
2.235929809016748493e+01
-4.352977529547154489e+01
1.748976937039407531e+01
-3.153780962411331146e+01
3.820498806569721495e+01
-8.087905851702784332e+01
-4.408205201384414806e+01
2.619665702357652748e+01
-1.499876170949802372e+02
-4.080624669196745913e+01
1.637776279012971941e+02
4.632891563557819836e+01
-5.896799386661199094e+01
7.116489845568352735e+01
5.045782817824030531e+01
-2.884059438350212758e+02
8.307167050771450079e+01
4.598138648603811873e+01
2.989429453384384772e+01
-1.398697064984470160e+02
-3.962026418409733708e+01
-2.097053322337505321e+01
7.933754459453840013e+01
-4.796448513879616371e+01
-4.376702069917103444e+01
4.270775653254023752e+01
9.267150336819796053e+01
1.242103925056610336e+02
-3.414671089305674201e+01
3.140643186957175814e+01
1.528611574218054727e+02
-5.351562764409316486e+01
-1.045024824371458720e+02
1.639266824796294770e+02
9.184447117345871447e+01
3.124447678630046710e+01
-7.809470911525673387e+01
7.219615590854418485e+01
1.220099926463851574e+02
-5.011710094178808106e+01
-1.014739919814668241e+02
-8.608815111180801694e+01
-1.176451557487387731e+02
-6.396778397544039763e+01
-8.077387467196942339e+01
-2.127368176200747474e+00
-1.261203672451640045e+02
-4.408369961286427952e+01
-1.945839038978306945e+01
1.143390951846874337e+01
-1.242161406934289687e+02
-2.142610296699909256e+01
-9.825064866344628456e+01
3.333527900105025310e+01
-1.603630622486972257e+01
1.167570106702519723e+02
4.514490511830957331e+01
9.002414989544901402e+01
1.548630159150939676e+02
8.314256195073696176e+01
-7.819785455487779302e+01
-2.244243757092891656e+01
2.293638654025417445e+00
-4.069062374605805843e+01
-1.616950100272667044e+02
5.647342438742594339e+01
-1.119687976613212612e+02
-1.049730326891186927e+01
-5.615078895791469193e+01
-1.761024838341597274e+02
4.889379419705355900e+01
-4.718328317950179240e+01
-7.178564574445080382e+01
1.004761713959818934e+02
-2.816982122125689436e+00
-3.127582199312318068e+01
-9.920936956555738107e+01
2.634851401250774572e+01
4.551978817564969404e+01
-5.031785315457459262e+01
2.403575408888284528e+02
-9.110820055918874516e+01
-4.698759618142023697e+00
-2.493692188993988736e+02
2.897960037415321466e+01
9.988705182243347735e+01
7.007907910538750684e+01
3.744798159315234187e+01
-1.952467283049202962e+01
3.270676615955494526e+01
3.753734430886451889e+01
5.857715094984715165e+01
6.585002058090623223e+01
-3.180249443675822008e+01
-2.784157865548988298e+01
1.323792705341573139e+01
-5.293791156430420841e+01
4.420890214680746944e+00
2.989786845818643357e+01
3.738036166615638223e+01
-1.367907738336672594e+02
-4.044492190546358046e+01
2.606059339567157807e+01
-5.272050057838447934e+00
2.230242135871321096e+01
-5.213743214353299038e+01
-7.284664640381927825e+01
2.804243519043000621e+00
3.812709357776368790e+01
-9.002617713578349878e+01
-4.910288558496930733e+01
-5.523514269962694101e+01
-8.766546260357048936e+01
-8.788313091867782134e+01
1.738394520605103253e+02
-1.064842411553613921e+01
5.851354835502402807e+01
1.194170537494881223e+01
8.421177480637413737e+01
-1.324735497501173711e+02
-2.012995651593673330e+01
-6.787198688905601784e+01
3.725880423552906962e+01
-1.392501464308099557e+01
-2.427560585893141720e+01
-7.381038342356124105e+00
-1.718828378682127891e+02
-1.177708501031801944e+02
3.166429947935738909e+01
4.971613986554523734e+01
7.892522445079430327e+01
1.587527583112996332e+01
1.567944043387831528e+02
5.952989761313017603e+00
-4.090619198195483364e+01
-8.619991052679615962e+01
1.218443862393516213e+02
5.987195676033277891e+01
4.605803564127841554e+01
-5.829706902672138824e+01
1.347175878122160668e+02
1.674239512763752202e+02
1.892420550042229266e+01
4.825881721822603510e+01
1.719210760749725750e+02
-2.066806913597461381e+00
2.293616565867641199e+01
7.038298197288405333e+01
1.105815204208409739e+02
-8.042899928232653650e+00
1.661230357494752852e+01
-8.603499374544438183e+01
4.291308225447830438e+01
-1.285603610546583475e+01
-6.564304189978618354e+01
2.066502686615623929e+01
-4.916878254997558884e+01
5.011109168721748830e+01
-1.437810565728015888e+02
-5.861349833285424893e+01
4.841774263228106179e+01
-1.255383517017378381e+02
1.103378152584477867e+01
-2.240688022746060426e+01
-6.937986216973936848e+01
-9.129446095155199004e+00
1.012278946598182117e+01
-1.034729072069712004e+02
-6.067497343498085627e+01
-1.606764517588253227e+01
1.332636375606716399e+02
-1.236229153147155415e+02
-1.333449775466978906e+02
-1.037027859127260143e+01
-4.080543810753724188e+01
1.451720664063542721e+00
-2.275951032097374593e+01
3.927774368539898120e+01
-1.570679773581158933e+01
2.423347917525635964e+01
7.186090455162396040e+01
-2.359337207592579233e+01
-6.090417748237380913e+00
-6.486396248593635505e+01
-6.010765426023679225e+01
2.947910145652889113e+01
-3.806257299458349763e+01
7.519316674939577183e+01
-6.158157596991198801e+01
1.405942265805971374e+02
-4.886323788043008820e-01
-9.508502158377599756e+01
1.160168641553065072e+01
-3.089502857368264088e+01
6.988543678955201699e+01
-8.924598133037352454e+01
-5.739391129208147646e+01
-6.168921867326028519e+01
-3.191367520861066254e+01
-6.869737977806140350e+01
1.596810588797462458e+02
2.391357293079226309e+01
3.003583067408229113e+01
-1.948029411679618477e+02
-6.730706830028728405e+01
4.184493195186986725e+01
-1.875551173607749789e+01
6.171363951867304110e+01
-1.076120922085679439e+02
-1.135860507976874167e+01
1.034185765908733572e+02
1.047017277896805609e+02
-9.243756517654736626e+01
-1.303967253213568789e+01
8.099396676418972163e+01
-3.235072549809081721e+01
-6.543590404508307756e+01
-2.099888391527210629e+01
-1.226759776121642318e+02
-7.432764786405579116e+01
-5.547712334864017159e+00
4.425362092447865381e-01
1.436768746046644729e+01
1.289464713619287295e+02
7.179862444837486635e+01
-9.882285622855945917e+01
-5.264879259725132954e+01
4.817803405473533473e+01
-1.260378806572706800e+01
-3.282586111502649828e+01
8.091374556495796355e+01
-4.097342551498535101e+01
-1.822096225447065265e+01
-1.176340060537581991e+02
1.823885282594436603e+02
3.025390854676551911e+01
4.390196637834930726e+01
-1.396879586386182837e+01
-8.955278071730225520e+01
2.112343334292117802e+01
3.479366468201192220e+01
8.518718926285457371e+01
6.297540082075575896e+01
-2.305734922528309738e+01
-1.505833765344435164e+02
-4.458636311572307775e+00
-4.219957747334574094e+01
1.464040684595275650e+02
-4.148853496484429826e+01
-6.226389881476303145e+01
-2.781627176199410201e+01
-1.014800507400607330e+02
1.553736084634777548e+01
8.735354622807086855e+00
-1.573196305708533771e+01
-1.583692097368528664e+02
-8.555015450578331127e+00
1.171701957342204423e+02
-2.077040665962071557e+02
1.599852294408776920e+01
-1.173878742057025448e+02
-1.931313497708596572e+02
-1.327627825049375190e+02
-5.375765839500356691e+01
8.888796227583991083e+01
-5.662372629335237662e+01
9.457430739225041805e+01
4.443932302786102184e+01
6.324924344643732610e+01
-8.210153904465273911e+01
-3.918775716504291040e+01
1.074571425084187695e+02
-2.045989920109169589e+02
-1.448624396402574455e+01
3.267852008371822936e-02
-2.867168469945807630e+01
-2.508918824430590888e+01
5.316586408192596735e+01
1.344728693489952320e+02
-5.559748855754722996e+01
-2.763309658987592599e+01
1.582242657832942996e+02
-1.832135325042667944e+02
8.257809714480346841e+00
1.647058287209502936e+01
8.624560226536048901e+01
4.434481910681406447e+01
-6.188168378403145908e+01
-1.373102314287532693e+02
7.490661230658831826e+00
-5.790242920710346652e+01
1.607269835212406406e+02
-1.020851623904965777e+02
7.340499647174638653e+01
7.519660545723925793e+01
-3.182612719723470818e+01
1.933013070635761821e+01
-1.288410332380705654e+02
-1.675110071859992189e+01
-4.662887938810526833e+01
-7.348355233227796646e+01
1.874232288188162272e+02
1.329322013493821260e+02
2.530306931006988691e+01
-3.044180579271882436e+01
1.124418799233685178e+02
-8.521170907835332287e+01
-1.601295051681621473e+01
5.644773362829325691e+01
-1.305496377465814533e+02
-8.363295299789545822e+01
-9.562050596316332474e+01
-7.033360529627101698e+01
5.970430226462652712e+01
5.183753299959064087e+00
3.336956240445604038e+01
1.500278768804655272e+02
-3.279648939769754890e+01
-2.261129441278902874e+01
-4.609107961040115242e+01
8.578228075514513762e+01
-3.403111447258686439e+01
-1.584548527088165315e+01
2.251794529844678294e+01
-1.729808877937905152e+02
1.116802348743652828e+02
3.172644560670593705e+01
-1.393101911721363528e+01
-6.516401406942632946e+01
-1.708849394064506271e+02
6.440978726096045825e+00
6.937609893196417943e+01
5.429861403061880054e+01
1.350053934703285741e+01
9.236985467107511738e+01
5.118936447167961035e+01
6.235206064777694124e-01
8.970229142547849222e+01
6.717620151125240113e+01
1.247191355012351437e+02
-6.120715780201334155e+01
1.694524771557314011e+02
4.708433489354349177e+01
-4.670951440725866100e+00
-4.554842230539043157e+01
6.187264971894934007e+01
-1.658846317220383071e+01
1.479121329697647980e+02
8.051432757830205844e+01
8.828311488831243992e+01
2.358967098100325543e+01
-2.864186810381124459e+01
4.943146061322675422e+01
2.443851063889538011e+02
-8.922986846289136054e+01
6.696693346425840332e+01
5.225825463184661857e+01
-3.029455349334905634e+01
-4.749001764823464100e+01
-1.261396628678147920e+02
1.302666568037950512e+01
5.828344658406090062e+00
-5.995323364247371245e+01
6.602014637488365167e+01
-1.061871671345226673e+02
9.768861135343053093e+01
-3.340683244826439591e+01
1.774855911077055381e+01
2.773524198230070681e+01
5.731277379324146892e+01
5.223882732996570910e-02
5.569763007390441167e+00
1.480470674818902808e+02
1.651654698371572465e+02
-2.221106487575389110e+01
4.326765699636379736e+01
8.482753290207112684e+01
1.091037928700372390e+02
2.794107812059527873e+01
-3.004397824250033722e+01
-1.014332861399978611e+02
6.956839130791775005e+01
-1.403753660929101255e+00
-4.756411658248231333e+01
1.230779527116871606e+02
-1.663535463051043095e+01
-2.531340009714166683e+01
1.811780226319496734e+01
-7.967208820467614316e+01
1.501902461319703441e+01
-6.711971287413145149e+01
1.307376843146754766e+02
1.302446970505972246e+00
1.881635950128989876e+01
-4.656208486796420232e+01
-2.800825494233451352e+01
-8.556295878395239640e+01
-6.826101696733805291e+00
1.570858064760419204e+01
-8.222753767146265602e+01
5.361702843471374536e+01
7.996655931167553888e+01
1.994729232456439831e+02
9.251443201649301784e+01
4.902333244538765200e+01
-1.367490787905606169e+02
2.078779368291638718e+01
-5.559607815890931448e+01
1.129139452446686960e+02
1.497977237598709932e+00
-1.326446597740069144e+01
9.575792167947869871e+01
-9.370369594990133777e+00
-1.056303385301533098e+02
-7.866181158416341646e+01
5.759776444190482181e+01
5.375518507361474185e+00
4.297839753429484233e+01
-5.238981280226571613e+00
-4.635888640732788701e+01
-4.346664202721645154e+01
-3.349695690529699021e+01
-1.078871245410444146e+02
4.513760890775089507e+01
-8.376866089185577380e+01
1.066669251083420278e+01
3.038140269635232471e+01
5.257069445672585317e+01
7.225936339043016687e+01
5.930507688832641833e+01
-1.635119820243892832e+02
2.130974837079762096e+01
2.308833035478588869e+01
-9.827576009621916242e+00
-1.291765069703153301e+02
1.617257770050995092e+01
2.938742675369821367e+00
-4.886339543689485510e+01
7.987482366038609882e+01
-2.954223408368401493e+01
-6.505706418307138961e+01
-9.562984852988539330e+01
3.159563001042045016e+01
7.864813788286183183e+01
5.488446580175188672e+01
7.623863386277583309e+00
5.237577985101770395e+01
7.830921070374380122e+01
-1.299460407982056154e+02
-6.741967085239207336e+01
9.674500963632200978e+01
-9.912739251472332569e+01
5.401987885561275959e+01
5.293715361165014954e+00
3.691503601295105597e+01
9.188270544360419478e+01
1.006426639065103075e+02
-6.783648619445064298e+01
3.170501099924530664e+01
-1.048719328925982097e+01
6.580783843548159595e+00
-9.047384027110646798e+01
-1.096399508601132453e+02
5.408573652163072154e+01
-2.252787585102209889e+01
-3.609226948445718897e+00
8.328922386788215704e+01
-6.693399330120848845e+01
5.270498505514512999e+01
1.388082708186994410e+02
8.930741682520691782e+00
-1.090027736031680234e+02
-1.161695700096091883e+02
4.537291124349896165e+01
2.007815955085373361e+01
-8.329102136766900344e+01
-1.319320878377047279e+02
-4.247170697505886494e+01
5.011825136623066612e+01
2.004782526886414828e+01
2.813500172740674543e+01
-4.373751071275801650e+00
-6.241471961984389338e+01
-1.130905524812232983e+02
2.006078966995004862e+02
2.037038188121540472e+00
1.004017090162629984e+02
-2.335973728602622259e+02
3.185148557617428011e+01
-1.629138126356411931e+02
-1.544970197811709340e+02
-1.860349219939066074e+02
-4.292849779109926089e+01
1.424912082428410187e+01
-2.400985213212108960e+01
-1.916746764833020791e+02
-1.554568986455234665e+02
-6.550287495391684445e+01
-2.006394297369042334e+01
1.790325385459091194e+02
-1.260812116788945758e+02
-4.394568296478739455e+01
4.343451939360322456e+01
5.203430970780336651e+01
-1.125069191710779251e+02
-6.414725329198945758e+01
-1.177866595868480033e+02
4.241426936678741555e+01
-2.829586372161755747e+01
-1.718452344179337956e+02
-1.544575376944508704e+01
-5.285715363003058087e+01
1.095799449202178977e+02
6.624681928131245456e+01
-8.508851877864756830e+01
1.072257692418300365e+02
-6.162978610159277792e+01
1.384384915117703088e+02
7.924237761961980198e+01
7.838526878229113493e+01
-3.481338374422449533e+01
-7.987755592845557828e+01
-8.147495361318587470e+01
5.985295359944488069e+01
1.640741468315197835e+02
5.419554296929830173e+01
-1.178421426711245523e+01
-8.670308680198549212e+01
-1.052791111623124891e+02
-1.337309071507289993e+01
6.702482674268894414e+01
-1.583227308520514853e+01
1.903622366154366148e+02
3.856567147866102374e+01
-1.670379844082200123e+02
-4.632900058091774298e+01
6.967764983033434589e+01
1.344388093108062208e+02
-3.577428641756245042e+01
7.058333200073469982e+00
-1.556084024952591278e+02
2.676322381426200714e+00
-7.107035119958408131e+01
-9.227662464831401223e+01
1.339826267277048455e+00
1.051807590221267787e+02
-6.193874558861068635e+01
-8.561296128551455809e+01
-1.437564088249201859e+02
-6.265212203912694378e+01
5.658498223793443316e+01
2.654100188036185060e+01
1.024712653249416547e+02
5.873941620981069178e+01
-3.475420992273719811e+00
-3.320745174815923129e+00
1.350660532909741960e+02
-4.929148461567189798e+01
9.739639136891729265e+01
-6.041620217751582089e+01
-1.815156131124196293e+01
9.617717158552113688e+01
1.462410220308042028e+02
-9.831980491033580449e+01
1.010339352972786600e+02
3.674314980466398595e+00
6.962070858134485718e+01
-1.889138747690261866e+01
-1.215318067181288342e+01
1.427270007256463771e+02
-4.174693860456994798e+01
-6.631112208312306677e+01
3.780449597409302953e+01
1.531062891589434294e+01
-5.248518920684295352e+01
-5.698627810254054538e+01
1.079404352202266182e+01
1.804081065042907710e+02
1.851908238252224237e+01
-5.724534398511302413e+01
-1.834631932369822778e+02
-1.312279732503938590e+02
-5.903484489837225624e+01
5.187117654148269530e+00
-7.001034876382249195e+01
7.191025790521071315e+01
-1.013480455622154324e+02
-9.380338231585615461e+01
4.739644429396012981e+01
1.145226354415948293e+02
9.339201028353663503e+01
-2.124612324701563892e+01
-9.086321664558963107e+01
7.873173387545710966e+01
-5.055928417169342737e+01
1.408753017427025256e+01
-1.429024021615616959e+02
6.429776622808358155e+00
-4.723234258868989599e+01
-2.709488855576474009e+01
1.121358941271642067e+02
-9.364216000322871380e+00
5.626935185293819330e+01
7.767376404501470688e+01
4.416693717477944148e+01
2.094686761145887601e+02
-1.129136511569337245e+02
6.098950300008320369e+01
7.295451789659220765e+01
2.164854207541884890e+01
-8.108224622457878183e+01
1.035058942953095169e+02
4.513390665501541577e+01
-7.976029946549685690e+01
-1.155220996444170254e+02
-2.676274686867759378e+00
-1.087975535236085847e+02
-7.290926027792896491e+01
-1.128724333640251984e+02
7.177970482961696064e+01
-4.788672553543687371e+01
-1.374626553303736216e+02
-2.202340089754339942e+02
6.661011492415855884e+00
1.874392109187762969e+02
8.396378667936599527e+01
-1.098314864872767060e+02
-8.889824037654216227e+01
1.108285880311281346e+01
-9.371025002244958557e+01
-7.085083915294231360e+01
1.138901819777630493e+02
1.192237931314464134e+02
-9.940140826551278508e+01
1.694713436724001667e+02
1.994193210918069781e+01
1.093515516753240888e+02
-2.375773294580266537e+00
1.304166718025724379e+02
-3.887646502198714415e+01
9.496566929176906058e+01
-1.639033882950464260e+01
-1.354080652697125515e+02
-6.395223531162396569e+01
-1.049800744751679673e+02
-5.409128520281753794e+01
1.277007225749819099e+02
-9.339707762748734154e+00
3.744983197725886725e+01
1.626543703778316967e+02
1.013541819136431883e+02
-9.726432736828692782e+01
7.721820507614197027e+01
-3.490087634546129181e+01
-1.132553508071932526e+02
-7.324020031575180667e+01
2.514150774097326391e+01
4.058292081875354995e+01
-3.439026641500436909e+01
2.332064838417448982e+02
1.322555676396088131e+02
8.571672770113021045e+01
-8.763838802520692184e+01
-3.305655052399702498e+01
-5.719680314466396709e+01
-4.873820401548020875e+00
-2.151542238581203748e+01
9.749477783348174498e+00
-1.215404586439328511e+02
9.277223949811532577e+01
2.078029956781746534e+01
-7.982028050343204484e+01
3.289895425060922207e+01
5.152645080551156553e+01
-1.129412699617439557e+02
4.280532420572023256e+01
6.424242279833705993e+01
8.063813798899776941e+01
-5.760922521011179498e+01
1.049121382587630080e+01
2.106663136674159773e+02
5.267202415091841772e+01
3.511025054336131745e+01
4.835370483810559250e+01
-7.641184167446498066e+01
-3.149065882717768545e+02
-2.242706169068183186e+01
-7.708939806780225013e+01
-2.239932961659667043e+01
1.637719221500080380e+02
1.556045029641977528e+01
5.732212650586851765e+01
-5.511397495126598045e+01
9.704323100815597058e+01
-3.177595084368159917e+01
5.311276581571857491e+01
-1.351579954459340058e+02
3.566655999315157999e+01
2.309250936891726269e+01
-6.810536273658868822e+01
5.122733781610727988e+01
-4.532332795850102514e+01
-1.223502102108140122e+01
-1.287450746987077252e+02
6.299819339264732321e+01
3.726329480824369256e+01
-7.075068556179412838e+01
4.012516163789301515e+01
-1.747818860222674004e+02
4.459983389988087765e+01
1.576161479405736543e+02
1.018875963260462036e+00
5.951180841175604996e+01
-7.073978607703214294e+00
1.492224959685514989e+02
-6.895124495852394375e+01
3.696424425734677754e+01
-1.167423265719177294e+02
-5.699346419490081139e+00
-7.966619481030909355e+01
8.969850228796011038e+01
7.895578150264921646e+01
7.178780864645352366e+00
-5.640685524202261547e+01
-9.383838337060552703e+01
3.337213723555013445e+01
8.192207179158609520e+00
-1.341328985145180184e+02
-8.621678146044107649e+00
-1.673243089323874244e+02
-1.025206153564613487e+02
-1.085592347586749042e+02
2.492015746813104329e+02
4.788550637213509020e+01
9.293474993641265769e+01
1.692032469414244034e+01
9.383432306044429083e+01
8.050296141148334073e+01
-5.567883748650309172e+01
-9.727998509249012216e+01
3.745387124226211739e+01
-2.454583795255390299e+01
-2.674184576548343628e+01
-3.731774574566386349e+01
-7.662438964325662027e+01
4.775500748954017105e+00
-2.663234998746029305e+02
-3.926745672973004275e+01
-2.021585161606137504e+01
4.125172776293328525e+01
7.258226271560256748e+01
-1.433706063703021982e+02
-3.554958163774962543e+01
1.810344375377013364e+02
1.317124592276867361e+02
1.289221619085562232e+01
-1.868050703856318364e+02
-1.395548244711550581e+02
-2.556706976562778664e+02
1.340449981942322122e+00
-6.277560304844827854e+00
-1.090938922467301921e+02
-5.866164434659282279e-02
-6.410857777469784935e+01
-3.308725146411157425e+01
-3.597780370345804357e+01
-5.137577056020055721e+01
8.504845191906795776e+01
-3.717737225678121860e+01
-6.451724931064620705e+01
9.795151168550813736e+01
9.067432037308098813e+01
-8.699488072489002377e+01
1.814936997268575070e+01
5.002514301232838534e+01
-1.245344366012597277e+02
1.338459106178539173e+02
4.682490808890767653e+01
4.782615244400500387e+01
1.525116864922505613e+02
-6.325331876688014177e+01
4.253601275412404448e+01
-3.083535427801434281e+01
-2.414657487218194731e+01
-1.390045418834623270e+01
2.504138114216886368e+00
6.944213769868898112e+01
-6.706735203425544967e+01
-6.406149112987017702e+01
-7.313868543840548853e+01
-8.229807201307274056e+01
-4.671308548882825562e+01
-1.631731564155700767e+02
1.308051302091030550e+02
1.368565711183986195e+02
6.316729954307310635e+01
-2.862027459618213499e+01
3.696839958883369803e+00
4.208691917521258574e+01
6.916574657085202205e+01
4.666098992142231339e+01
-3.450073903231371020e+01
7.833507949272237170e+01
1.054246225308234841e+02
5.813249200236280245e+01
-4.392651853898558301e+01
1.443763088463878042e+01
1.057795897177880988e+02
-2.268228468742096027e+01
9.085225984988163361e+01
1.437884922460307635e+01
7.134982701739598099e+01
-2.435231697184498501e+02
3.037619593711601063e+00
1.513770075579121794e+02
7.241946247090267264e+01
-1.014760553185340939e+02
1.089967287208706779e+02
7.472024939766244600e+00
1.909493545565002819e+02
1.207990988898383478e+02
-1.030807447364215648e+02
-5.965960372918502230e+01
1.252971277717748961e+02
9.654456293388399502e+01
-5.615304535305899947e+01
8.294072868764368422e+01
-7.787718350990370197e+01
2.434031164046152185e+01
-5.702246518672625797e+01
-1.654836485521193268e+01
-6.110764922719006620e+01
-2.468016664969062290e+01
-4.652213847737152008e+01
-6.170859098249884767e+01
-1.921433173983731990e+01
-7.800566889653487124e+01
-5.533216881945591581e+01
1.228693286491870538e+02
1.280029887550410876e+02
5.776284815663534467e+00
-3.688893921194073044e+01
-1.918893143726714356e+01
-5.814749651315435841e+01
-5.876726193748402949e+01
1.635096098924090029e+02
5.729221211788308210e+01
1.201216437955026493e+02
4.189054645290307377e+01
-3.444067345760768717e+01
8.868002025997706994e+01
-3.159270416736761788e+01
7.816637199270923020e+01
6.497715885287149717e+01
5.448433820734996047e+00
-7.322648995622623147e+01
-2.389847628953546916e+02
7.451224096384018480e+01
-4.316356910750465659e+01
1.402087670803593511e+01
3.904176121341569683e+01
-3.526806938643706246e+01
1.605954514377645026e+01
-9.274645566453550316e+01
1.177970800509572626e+02
9.706227693413870838e+01
-1.180432281908001713e+01
1.478195232327891802e+02
-1.296308976560347617e+02
8.247709741247525983e+00
1.131652769896481061e+02
-1.020107819872443713e+02
-7.363862248428869606e-01
-1.833785166588653226e+02
2.568620129331627595e+02
-1.338534227388260263e+02
-1.978525309248354347e+02
9.122134986630408093e+01
-1.480935302639330153e-01
-6.048960914564214697e+00
-8.890118351497386584e+01
-5.480373922239458295e+01
-1.310600204426190096e+01
-2.319489653167189829e+02
1.368113975974179120e+01
1.989397056184917290e+01
-8.751190248092163415e+01
6.579726783588678352e+00
6.813592717066066484e+01
-4.360921752886594049e+01
