4.289809718277336259e+01
-4.838090030231085592e+01
-1.197837294010019207e+02
-1.527531524738686244e+02
-1.322485703440448788e+02
-4.481458865837937822e+01
-1.937159186063407290e+01
-6.854499063176544382e+01
-5.352492681204039116e+01
-8.839023339032705451e+01
2.930409786972438368e+01
3.410120787665076314e-01
1.943365763027253479e+01
-1.053974006994321222e+01
1.815325266871707299e+02
-4.257752916993524650e+01
-1.780104068692477597e+02
3.608878032546978698e+00
-8.225405107357937595e+01
6.527311087015498003e+01
1.674108613424486407e+02
-9.577168738003794601e+01
-1.279145066168011802e+01
-4.617074107499997382e+01
-6.299132456609816799e+00
-1.149830403038608182e+02
7.283874479618172870e+01
1.341735522927936870e+02
1.923817787508276638e+02
-1.563251803175779173e+02
-1.743148383275171796e+02
-3.277040432875625697e+01
1.878902449803857877e+01
5.794928139876229523e+01
8.302724628377657723e+01
-7.335494365688649054e+01
1.544898934829227066e+01
-1.258536288251440141e+02
3.729667836232867018e+01
1.510727720974188770e+01
-6.726380036024177400e+01
-8.521159328729811477e+01
-2.539236124111807769e+01
-6.792680669806472338e+01
-1.413224301656384512e+02
3.323381463303375227e+01
-5.200795977818087579e+01
-5.680648260031757957e+01
1.158095238654876340e+02
-2.898395161356019756e+01
8.945648476899039281e+01
-1.065276088546737725e+02
1.118555150868896106e+02
-1.023716160611679555e+02
-5.389019650657691329e+01
-4.200197017309264425e+01
4.310470824941140222e+01
4.947837523080690403e+01
1.480036572853374537e+02
5.166997144395829622e+01
1.173094524529495146e+02
-3.673188020095615514e+01
-1.317209575490617794e+02
-1.037034701712446321e+02
-3.714507627613460272e+01
-1.310713294014095709e+02
8.847951465034516616e+01
1.187014613565144572e+02
4.335910171555510573e+01
3.869824373039638488e+01
-4.068352969232212502e+01
-6.799017010577640008e+01
1.316343734939823129e+01
1.169283392574316771e+01
-1.125626552382282028e+02
-1.996409730347363265e+01
4.140245732860812922e+01
1.809430093411338802e+01
3.419672559858874195e+00
-3.076722216855972025e+00
1.694749684123021325e+02
1.929109496581033056e+02
1.303379152603918385e+02
1.015123321391199482e+02
3.100525249428499208e+01
5.591359054617706192e+01
-7.859921134187936786e+01
-1.047363929189950227e+02
-1.060186196690892189e+02
6.875904910606173814e+01
-4.150970151374114181e+01
3.739553357477259965e+01
-4.367349334923690662e+01
2.860873218363368053e+01
-1.994414775851999622e+01
-6.386334903701015264e+01
-4.688635793625653747e+01
3.132741149834268768e+01
-8.145458386096481718e+01
-1.877777995177760229e+00
6.578118557211571726e+01
1.568548925912229919e+01
-8.521251574576095322e+01
-8.774301094586246563e+01
-1.042423207632172506e+02
-2.870530873869823196e+01
3.626634958480386928e+01
8.291817719430568445e+01
1.499263677317739791e+02
1.482272544709704505e+02
-1.061982106610120553e+02
1.196325002310786800e+01
-7.096423942107906058e+00
-5.810362845426347178e+01
-6.126937692940682467e+01
1.138031671081787692e+02
2.360420601635308557e+01
6.805049409911826785e+01
7.827871434759066460e+01
-2.472863718682490841e+01
-5.483707596147323216e+01
-3.046088879170967800e+01
-5.428385438556600917e+01
-1.359942091629360732e+02
-1.756427988127309447e+02
1.903211458113311849e+01
-1.157795924110806851e+02
2.886933096357827466e+01
2.896268058268141132e+01
1.339330000682755717e+01
1.806062617416985461e+02
4.099871748085794820e+01
8.328168317400900378e+01
3.221162740919828238e+00
8.583199136911154881e+01
1.323800360267435927e+01
-8.385558013133928057e+01
-1.184632268056343634e+02
5.778046293903055641e+01
-2.510403333233939449e+01
1.407582509026571893e+00
-6.732799672817411363e+01
-9.739150262586653639e+01
-7.961243600998567871e+00
4.463209960051723613e+01
1.255354958199725672e+02
-1.511511097274893416e+02
-8.003652064833580937e+01
-7.953260801314563366e+01
7.287741101964573431e+01
-6.080536722468715993e+01
-5.215605207754006045e+01
1.020078275501139160e+02
2.204258843359701103e+01
4.866041126111377224e+01
-1.334606930377196079e+02
-4.607211292149406745e+01
-2.507142088127232427e+01
-1.381885348057700913e-01
7.396555298083875130e+01
-8.549668091739178521e+01
1.935766376298745683e+02
3.189178447418050233e+00
3.698522827192042683e+01
1.175957587764455070e+02
-1.159912409512485532e+01
7.045906068305707493e+01
-9.454950087276493775e+01
-9.451955308443972115e+01
1.771117953513986976e+01
5.567803634983745553e+01
-5.780734450946616221e+01
-8.641361602513809714e+01
3.180328642193058997e+00
1.924015371921548478e+01
-9.720773655552324044e+01
1.413274963106803170e+02
-2.216421624018287062e+01
3.901462842676291842e+01
-7.873970221345660825e+00
-2.591736580839036108e+01
1.179611743919945965e+01
1.323681210303014382e+02
-3.555124208701699651e+00
5.269151979471558178e+01
4.237766888196160409e+01
7.161389336201582978e+01
-5.775165823630974415e+01
-1.018269783226443082e+02
6.317411056018674742e+01
4.625815188717475479e+01
1.481642677070689373e+01
9.975985616844322124e+01
-7.358380315714596165e+00
2.304353901896481460e+01
4.174730685267397234e+01
2.693980635280937364e+01
1.440484959752634779e+02
-1.336165568450075511e+02
1.347168216619876375e+02
-6.724292355975750013e+01
1.457723278782262639e+02
4.529723223220808848e+01
1.012989870034893869e+02
3.177516243978801569e+01
-7.646605541888114033e+01
3.571613103759320040e+01
-3.406334488000274519e+01
4.530204461628127888e+01
6.712147322272785210e+00
-3.415127394632330748e+01
1.493213836384248694e+01
5.340942550942921230e+01
-5.648497338522149391e+01
-1.211843365010450668e+02
4.282313139726208817e+01
2.925626910232892897e+01
-6.036118070902902133e+01
-4.544009835375022277e+01
-3.762853853795753167e+01
9.976708406526445527e-01
1.015944034377936056e+01
4.145498450164492255e+01
-1.318881314231289252e+02
4.732045976326995174e+01
5.865798109722485520e+01
5.222983253021862282e+01
-1.526017211692181377e+02
-1.053235190269796959e+02
7.773045534403509293e+01
2.996022391441102428e+01
5.300502254566611526e+01
-1.664970954676522297e+02
1.213321309831609938e+02
-3.304536174498372336e+00
-2.131639468945162434e+02
9.647030589116113219e+01
4.063730295676365678e+00
-6.746403786022494842e+01
1.404265808266691238e+02
-4.484933375748063611e+00
-4.284519527733819189e+01
-2.601103173131539137e+01
4.144587238046373301e+01
9.049265862875154198e+01
5.667214420465871427e+01
7.628215403568098907e+01
-7.749546592280643154e+01
6.241416159053095924e+01
2.816104169247512345e+01
1.335917174519277140e+01
-2.453876954224810731e+02
8.941312626157629495e+01
-2.678205796300165886e+01
1.224030561123288452e+00
-1.146205328947796289e+02
1.148929201848048507e+02
-1.678519388891751305e+02
-7.600533625188062103e+01
-6.791732589851035584e+01
4.442338327952259647e+01
1.074153084507941003e+02
-8.230994023266917736e+01
8.880810880676501817e-01
-2.177790668569004850e+01
-1.010758982862605535e+02
-3.647191846526178693e+01
-1.358242957810608971e+02
5.039232429428307825e+01
2.377156080634293573e+02
-8.130907334219303095e+01
-1.654192354693564369e+02
-1.807569458675997396e+02
-5.552494249933340953e+00
-4.224167350223378037e+01
5.967358342579600361e+01
2.971443083399107365e+01
-5.687788155277484492e+01
4.833255625952551071e+01
1.945589062374796185e+01
-4.503934456147559473e+01
-1.016554660900411733e+02
1.955620206848726994e+01
5.841761594764249566e+01
3.841935252466464590e+01
-8.448082530300983706e+01
-1.387457903568198105e+02
3.862650518619736317e+01
1.411460628382226332e+02
-7.811258553908551505e+01
-4.100221198602348949e+01
-4.159597092413901009e+01
-2.574955112567224091e+01
-9.687678579966558345e+01
-1.747700835354244120e+01
6.925300814321802534e+01
-1.797598548278550084e+02
-7.050739201843775561e+01
1.009734008309459696e+01
-6.441109866386075566e+01
7.055323915606301455e+01
7.004494203896263116e+01
-1.706876561964897974e+02
2.335362700547109327e+01
-9.149494873589235056e+01
-6.850955050056191453e+01
-1.757670939762510045e+02
9.080501409981285121e+01
2.422452539875642330e+01
-1.122544793426887964e+02
-1.094164374791409671e+02
9.539189352890034002e+01
1.351629441250535422e+02
6.347924289002157394e+01
6.126430635993020957e+01
-1.840904056550242984e+01
-7.529056705122840754e+01
-2.458480030674143890e+01
-1.797913694436100513e+02
1.572909722660340925e+01
-1.904730090917789198e+02
3.181108959530194369e+01
-1.710686971280204460e+01
-7.768347172855304450e+01
1.747037297073110551e+01
-7.384053203126234166e+01
1.792346005390710317e+01
-5.564203794409419856e+01
2.181721179589891690e+01
-1.107333051249398039e+02
-4.947435777033444992e+01
-5.325860410731224448e+01
-4.536032326143821791e+01
-4.038725175646300514e+00
3.833845266949801101e+01
-1.044710775102244185e+02
2.851148800836228148e+01
-2.092426483352413058e+01
1.413039406224849870e+02
-8.063611460962317778e+01
2.529361990880786948e+02
-5.366170248584800184e+00
-2.572843003624906899e+01
7.271746671199464629e+01
-1.895053996465805426e+02
-2.746459041128280543e+00
7.587684807460584580e+01
3.221634536804511839e+01
-8.856608265776227995e+01
6.302147677488884625e+01
1.643718500357661982e+00
4.249809651956429235e+01
-6.457626708712037100e+01
-1.151781834197151255e+01
1.043972196822136738e+02
9.514370342814351034e+01
4.074199183406716429e+01
3.168018662209372849e+01
1.246864788853641492e+01
-3.807974372697997723e+01
7.113802931347125025e+01
3.024382130749446063e+01
6.067799932151142173e+01
3.166773642028789482e+01
-2.628593180810486274e+02
-2.831499022434787349e+01
4.820067881438620816e+01
-4.285573021528664839e+01
1.319187054691925027e+02
4.839408840061216921e+01
-9.877363591514708219e+01
1.591159729856213012e+01
-1.016889588854584900e+02
2.207954495457776289e+01
-1.885495552529697960e+01
-1.276534228044069721e+02
-4.516820225864100991e+01
-8.158789840345737332e+01
1.571089431365719413e+01
5.415673266021833854e+01
-6.206116759376460834e+01
1.024230652213309014e+02
-2.935540467579552271e+01
1.498489606399531837e+01
-3.903074881582465849e+01
-1.561161164769743692e+01
6.897211004155083458e+01
7.117523841748564450e+01
-1.916410328678020747e+01
5.135177950677832825e+01
-2.513870071086043367e+01
8.004783568738886856e+01
-5.514183383986610920e+01
-5.411491653111977485e+01
5.817710103699829105e-01
1.223364221032009311e+02
-7.887525212710032463e+01
8.252343256505342595e+01
9.038982689186089203e+01
2.971903383233745188e+01
-1.266979256839508423e+02
3.988630819940934824e+00
1.782814651143293077e+02
-4.064675971745131733e+01
7.270075419397166172e+01
-2.826171538878163148e+01
-3.354589602086513622e+01
6.331514706876049559e+01
-1.115068186102506509e+01
-4.046041780059034210e+01
-1.583583155072997428e+01
3.959433449697106422e+00
-5.867075988374122630e+01
-3.507433337040220778e+01
3.443822945872876318e+01
-3.610051037094441284e+01
-8.362430262907879808e+01
-5.236175214719200000e+01
-5.472407917674220101e+01
-5.684150988298843998e+01
2.224692906637894794e+02
-1.297796678797015879e+00
-6.227755868009646179e+01
-1.278069370641035505e+02
-1.180080423883275529e+02
2.284106144810857386e-01
2.881510398740656953e+01
-3.686519404783301468e+01
6.563817380363754239e+01
3.642961929837279733e+00
6.570604329104133967e+01
6.361413926282567743e+00
1.810112856839475626e+02
-8.720924446028809029e+01
1.688539524389168207e+02
1.156145547169066532e+02
1.039665054767911556e+02
-3.024676508851871759e+01
6.979111015101142357e+01
2.648514543885846138e+02
1.076364133518509902e+02
3.043921912452993794e+01
1.448228078888485868e+02
8.315192309815959959e+01
2.852451363757172942e+01
6.743086506447274076e+01
-1.225146395968568527e+02
1.478671190443397521e+01
8.970739854487113973e+01
1.108847262018671209e+01
2.862950152534558868e+01
-1.871892427342623932e+01
-2.195938103313352485e+01
3.870975772263277292e+01
-1.430520381897295223e+01
-5.199822780413638412e+01
-4.256271690331685420e+01
2.187221917649692315e+01
8.065375563517838486e+01
1.495619541656112439e+01
2.448358423178070709e+01
-6.670461915209638448e+01
5.854361871070237555e+01
1.265868168791486781e+01
-3.275450614781566117e+01
-1.141617470953098632e+02
2.276186571817961024e+01
-3.057009063493060452e+01
5.259485233710790908e+01
-9.545778274905204341e+01
8.645524482214088380e+01
6.895479559397701053e+01
-3.082486486084986321e+00
-7.334325262888404495e+01
1.665434396570987019e+01
-1.940692812386704986e+02
2.159008641929777284e+01
5.859055826064747663e+01
-1.242401846010655362e+02
-8.396552004625755217e+01
6.937486959127987518e+01
8.787031593847383704e+01
-9.386127141096882553e+01
-1.572652109655045081e+02
6.488043710244421902e+01
6.308981205354849919e+01
5.658844170993114631e+01
-1.251129505958356276e+02
1.118096682871834275e+02
-5.954272867220644372e+01
8.835142594059329113e+00
6.247351242895387458e+01
6.471195484860511726e+01
-6.400779624482751728e+01
-1.382418285892387928e+02
9.317174616046521862e+01
-6.169781853760188284e+01
1.954508830148363074e+02
2.359854127301248354e+02
-4.521987921882482908e+01
7.149675988894523471e+01
-1.577795330617786931e+02
5.262897851842822661e+01
1.054598245577693660e+02
-4.728162939848733970e+01
-1.975301120424129664e+01
-2.448085135537443477e+02
1.474765025855740248e+02
7.410162284198428040e+01
-7.320776045471758309e+00
5.830807243538173701e+00
2.889315455813734701e+01
9.355748318437981936e+01
1.924480903342370297e+01
-2.996005678662102412e+01
1.236124982422568053e+02
-2.610185140035963514e+01
-1.086248167416101325e+02
4.488525483187424392e+00
4.427312281374756253e+01
-8.116172662561618623e+00
-1.147144478153100344e+01
-1.051731310097914331e+02
3.763707531037712073e+01
-9.741419497159441221e+01
1.672146016364143577e+02
1.139036235324144002e+02
1.833968893361869448e+02
1.822100581647725193e+01
-1.125601330333359442e+02
-1.366355093803427962e+02
6.330023307795707410e+01
2.613261351078271133e+01
-2.561397346561279420e+01
-7.936798620578453267e+01
1.366654807186367293e+02
1.504243410973172672e+02
1.197939976916169158e+01
-5.953597713672572667e+01
-1.179584730260329621e+02
5.284824753890638505e+01
2.629668417643500078e+01
2.528257022069519522e+00
-1.599704906111889535e+01
-8.159156740414215392e+01
1.711697554245461106e+02
-1.217323451168808646e+02
2.986082381747513992e+01
-1.280761315740426376e+01
1.884131404911203944e+01
1.496574009292606604e+02
1.603608818607685294e+02
1.262923683145561995e+02
-1.567941768510156635e+02
-1.219146077198254652e+01
3.890996556357830372e+01
4.028570641478583525e+01
-2.564682031473219581e+01
-6.081048197090492824e-01
1.740128449446156367e+01
3.265089031398823227e+00
-6.853770274082809522e+01
9.203108373099138362e+01
-3.652089948860772495e+01
1.590231288839489743e+01
-6.240836734357860394e+01
3.068598134120501797e+01
-1.214728793542098373e+01
-6.079748598578139962e+01
-8.403348957212185155e+01
-8.203352683664665790e+01
9.433858095437214786e+01
-7.514369398901399677e+01
1.035739525275470356e+02
1.374813064319727118e+02
-1.402285838831398834e+01
1.063428764630737362e+02
-3.624972046433132533e+01
8.174258832482372839e+01
8.247731057298727819e+01
6.810628476001942033e+01
-7.800582930723859931e+01
-4.702534127337897729e+01
7.682484389942125347e+01
-1.256454572210287495e+02
3.602183975072258404e-01
6.751090508076096341e+01
-6.812192495603990494e+01
8.889251241364874545e+01
-5.138577292828175302e+01
-3.099752054734940643e+01
-5.457503687241801060e+01
-1.931586782341564001e+00
-1.527394026844810639e+02
1.611929766745404891e+01
3.577404369272259999e+01
2.388319410572858104e+01
3.016189817616588797e+01
4.256777891225650023e+01
1.469433523602287295e+01
-4.730524820146776221e+01
-5.032537624043908409e+01
-4.652317138843674371e+01
-1.049263406368883267e+02
4.758876858567993651e+01
1.076677865818143403e+02
-1.110163320534288971e+02
6.036082691809566825e+01
8.609392057343326599e+01
3.475153820354167777e+01
-4.928842247735604332e+01
-1.743101730002721794e+01
-1.184317228574215335e+02
-8.713677210301135290e+01
7.533210865691312108e+01
2.133502870233652615e+01
2.233440704438763191e+01
-2.742748137323695712e+00
-8.667550471858787375e+01
7.118550721051595076e+01
7.761829200653369298e+01
1.242574768043161697e+02
-1.636852316915095571e+02
1.404660717637150071e+02
7.556301407078028376e+01
-1.053144878420954633e+01
3.184134585398451378e+01
-5.654393796875000078e+01
-4.846975525377896332e+01
9.440043436868363358e+01
-1.077226859847735199e+02
2.523041908650273157e+01
-8.931473256303076980e+00
5.943324893061403102e+00
-2.515627276307020210e+01
3.714553451760694003e+01
-1.136575611758973849e+02
4.944609034756678057e+01
1.650324555298481499e+01
-1.504091714261793697e+02
-8.415745993773803946e+01
-8.539884128566137633e+01
-2.442286459624899351e+02
-9.604566325157574624e+01
1.713062163054869416e+02
-2.289101776705033231e+00
-4.331258823317576656e+01
-4.054200007133882622e+01
-1.473837697328982443e+01
3.204395886431713336e+01
-4.169969867732469915e+00
-9.169773302642165902e+01
6.778827503839488600e+01
3.372065321635437130e+01
-8.854801959254238852e+00
-2.658507650333727934e+00
-7.186837206971408420e+01
1.043405359671002088e+02
-4.515046291851174942e+01
-5.945480152124284245e+01
1.178966884550076486e+02
6.218302923093797396e+00
-1.043570918142972346e+02
1.291993491274745054e+02
-2.174877179158774254e+01
5.777706048357288893e+01
-1.275382019156743496e+02
-2.183350178759059546e+01
8.535798887258100365e+01
-5.466495865059881964e+01
7.139210841969952526e+01
1.576019488783632028e+01
5.733578535628505080e+01
1.732518289860196319e+02
1.596011150513090726e+01
-1.335717894574362390e+02
8.932328429488639188e+01
-1.193304336408650244e+02
-5.145049425132360632e+00
7.235138828133959521e+01
-1.749801506761774306e+01
1.916905828609152707e+01
-3.447829499170014600e+01
-9.063556325856262674e+01
-3.592729674607495838e+01
-4.994444460161126642e+01
-4.661857575280797050e+01
-1.891004033394739636e+01
5.008433669895389784e+01
-4.814204182783254993e+01
-3.891329376006803287e+00
1.895704511250753344e+00
1.115470165755293941e+01
2.178348117943562556e+02
-1.899201297712136416e+00
3.576627187320090684e+01
1.320998377701064541e+01
-3.313446975336518818e+01
-4.422888902363069974e+01
1.969289693538598840e+02
1.042869887118749546e+02
-1.083123578573506052e+01
-5.235313579476563461e+01
3.445088268550468058e+01
7.151218008819317618e+01
1.050587958064240013e+02
7.199321578854718950e+01
-4.220211448305325774e+01
-1.240611944911308910e+02
-1.403214785012882615e+01
-1.839177040654484472e+02
-1.942185576608365549e+00
3.540631009699080067e+01
-1.072291999223736951e+02
9.037556816109498925e+01
-5.953322747140664006e+01
3.432372948461969742e+01
-1.384063828315130138e+02
3.600223349289143471e+01
-3.779682824411787578e+01
-2.769245984477673161e+01
-5.169081701867245471e+01
3.055849156018284773e+01
4.483875279219720511e+01
2.508345861616571426e+01
-1.328960590395545580e+02
-2.839914327745560385e+01
-4.305813322719057368e+01
-1.269012017045321699e+02
3.756766397295933757e+01
7.712890778911535961e+00
7.458553858720354413e+01
-1.858834307179148766e+02
1.805389614253383357e+01
-2.981629872014055849e+01
-6.812758141940928169e+01
-4.693345094937765793e+01
-1.017464720198593682e+02
9.545439631180369133e+01
1.532298737996811511e+01
8.857365472109517412e+00
-7.047239239655701226e+01
-9.356987941006757126e+01
6.748895438085301635e+01
3.418000740236889357e+01
-2.941894442076191041e+01
-3.284963544088311238e+01
2.109538150834453916e+02
4.770576980067126982e+01
1.278473150970378924e+02
1.116601850209457503e+01
9.216424208115489591e+01
8.824009174276700662e+01
6.860051524403277767e+01
-2.163423838343872418e+00
-2.994026168837054769e+01
-6.307153008400614880e+01
-4.036969413322014333e+01
2.743555266718297858e+01
-4.421786631356349773e+01
-2.124708024791620460e+02
1.393517324413027225e+01
-2.556760058775924449e+01
6.223348328071954683e+01
-1.885774671833086913e+01
-5.317268295482681850e+01
-3.377662519021863119e+01
3.420876879928786707e+01
4.388273080498309042e+01
-2.231091388798121500e+01
6.524390599742058328e+01
-1.887375466779342332e+02
-7.881683148664397720e+01
-8.374094636981251227e+00
-5.532326944380331213e+01
1.382950750169493048e+01
1.095049352788771841e+02
1.367626180702905003e+01
-5.005637826649498834e+01
8.123224285644958798e+01
4.219340965069726224e+01
8.936600720934053754e+01
1.586180836777221543e+02
-2.492749537167768992e+01
-1.973715753142749350e+02
1.519248358806355839e+02
1.572664014641135566e+02
2.653495528338249443e+01
-2.139886331505278605e+01
-1.603010166623923283e+01
-2.543725483043421036e+02
3.421800926194230819e+00
6.136689000612695821e+01
-7.520300154117235536e+01
-6.710615203941389950e+01
1.122618413538699116e+02
9.637864485756938393e+01
6.372509724529552244e+01
-4.808064584398800179e+01
4.370897551787102486e+01
1.425621105525112569e+02
5.955047480439718299e+01
4.124680730675891027e+01
-1.001076192177939674e+02
1.834024981687117517e+01
-1.305283117791792620e+02
-8.760234125646786651e+01
2.276591889621016662e+01
9.081690833891764214e+01
-8.620887033595224125e+01
-2.015996251565734809e+01
-1.975333589812781909e+01
1.656066611912397377e+02
-1.583659032355911620e+02
1.158838375706480406e+02
9.483758809153137737e-01
-1.934506728028415878e+01
-1.630741138386552436e+01
2.033365508053505266e+01
-2.704004981646820571e+00
4.814126821570085468e+01
1.877394738076522742e+02
-1.569940648386432258e+02
2.369905380378066440e+01
-8.333064002886896304e-01
-2.953963161775745760e+01
-1.285824983354436029e+02
-6.697811029103330327e+01
8.684827039621872302e+01
7.256051645705022679e+01
-1.996355913529405868e+01
1.254165325800062618e+02
1.137683826915987453e+02
-2.103355749535632242e+02
-5.581483817972288364e+01
-2.119933221968488990e+00
-1.936770920368595661e+00
-1.477999581736183288e+01
1.382289589137743633e+02
2.015724181218990196e+01
1.464218264869475306e+01
6.840932637031808383e+01
-7.302131019391900679e+01
-7.417356993779296204e+01
1.469864463371558543e+02
1.776392881275089053e+01
2.421916256667069689e+01
-5.164717187261639708e+01
6.600829030426930899e+01
-5.241886810945572961e+01
-3.237542165931642302e+01
-1.036431659957212759e+02
3.231571365438348664e+01
6.944273586514626118e+01
7.205644392793033148e+01
-4.157041161441280508e+01
-8.880322730359404204e+01
-1.972965507950429753e+01
-1.460111188363949282e+02
9.629348354135751720e+01
-1.029990658138113169e+01
8.741124415340203768e+01
-6.708098436101084872e+01
1.055317045454819009e+02
6.754597761099703668e+00
-5.645720355648568756e+01
1.061736974321433138e+02
5.923088550792755314e+01
-2.539290218591853829e+02
4.245647381121654007e+01
5.648071189080578591e+01
-6.458415882517850548e+01
-2.113696724344623021e+02
4.547047455028713614e+01
6.260041024999678427e+01
6.395627108808733396e+01
-2.457872787212315302e+01
5.393048398972722168e+01
9.440894346516549263e+01
6.459108116174199665e+01
-1.591823837001628128e+01
7.792637260477327743e+01
4.152375605721248775e+01
-3.090035775214494507e+01
-1.712852408904121546e+02
-7.055372479185456314e+01
-9.551776869874878173e+01
-4.506539648238680940e+01
-7.216297156044689132e+01
-3.725104720763006583e+01
-1.776462442044039847e+02
8.563277933655726315e+01
9.115892976032067452e+01
1.385450502467847400e+02
1.018363274466701967e+02
5.641790135048973198e+00
-4.500210613102709800e+01
-8.022321629494330253e+00
4.903494818828978907e+01
-3.679345863771046510e+01
1.094814700382229802e+02
3.335494224381866957e+01
7.078319369392639260e+01
3.544276530436279415e+01
-9.486548262969581913e+01
-5.918221483920579828e+01
-4.430908032361798377e+01
1.621346751121774616e+02
-4.745264507634660234e+00
-9.745774319139929531e+00
-7.833587534659878315e+01
-2.159616241569417028e+01
-4.920074185282297918e+01
-5.179803396530921589e+01
4.005546435597892696e+01
-2.407685262601600229e+01
9.132775160101741108e+01
6.180606255438561192e+01
-3.578204312773501261e+00
-1.119572682072165470e+01
3.958248351337292092e+01
9.961207218949604680e+01
-4.757051281436567791e+01
1.150928773223397599e+02
-1.048984918735056837e+01
-6.938308835233917193e+01
-1.457982755391357159e+02
-4.985697405379737290e+01
3.355960631174261977e+01
5.600292934205014461e+01
-1.761362806124615688e+01
1.139344099593494661e+02
-9.702905711936499245e+01
-2.810625389625976212e+01
8.872562623499096901e+01
4.639535784142452002e+01
-5.722003327521010618e+01
-1.460374052036487136e+01
6.424709636006950575e+01
-2.528900167588173709e+00
-1.159709984758028867e+02
2.100733083418086977e+01
-1.265899044695955666e+02
-9.641774383792798275e+00
-2.039407590770107603e+01
-2.739798648498289779e+01
-5.779117715636768082e+01
2.562698033917729390e+01
5.230521896776095048e+01
-3.654879410113920102e+01
3.709187109887797984e+00
1.343826952453979970e+02
-3.953417524144970230e+01
3.607221251268943973e+01
-1.302727915600404174e+02
4.434192558014906638e+01
8.657348875296952428e+01
-1.304649715363577229e+02
-1.752624457584539073e+02
-4.224647649769931945e+01
1.342561816425498193e+02
-1.899322737571488062e+01
-1.324250763514729954e+02
-9.007360564912634970e+01
-4.031750154112602758e+01
3.053335367543591872e+01
1.849802821510107833e+02
-1.217084897194779529e+02
9.527772399528474878e+00
-4.580713717296509202e+01
1.555580467724980167e+02
-1.450178038830243565e+01
7.420201282745549065e+01
4.890516659729881610e+01
8.439738045426203428e+01
-5.132338018328383100e+01
-5.068035495321916528e+01
-1.249080930657069786e+02
-4.084131618521537632e+01
-4.174604008674641653e-01
1.964231033480376354e+01
2.367836528287313058e+01
-1.917660312326756866e+02
-3.318205030626896423e+00
-6.157226164788625766e+01
1.207683653365853438e+01
9.163178996956801825e+01
-5.613122523477623105e+01
1.169550250023809781e+02
2.383782614330822014e+01
8.472449182538711909e+01
-1.198656836957277534e+02
-1.019015246005972486e+01
-7.215820531599868914e+00
-1.842876310664941855e+02
-3.770295471511708030e+01
-1.369971108002524041e+01
-5.339653209319017435e+01
-1.123347790744254837e+02
-4.826447686614549326e+01
