-2.152609454086127272e+01
1.126185680270424783e+01
3.907838066015635548e+01
4.480418522711304696e+00
1.666006486852862123e+00
-5.015418695095620905e+01
-1.250455032419767143e+01
-6.893059189897977390e+00
6.746446043257421366e+01
-8.859533265638152955e+01
1.101587617983192189e+02
3.623553278619386475e+01
-9.791499456263160539e+01
2.369368761986060434e+01
1.107378102283566079e+02
6.334977490723156990e+01
-5.083888607675358173e+01
7.425456761526621108e+01
1.515914119041592301e+02
-7.041781282992461399e+01
-1.355708077685988542e+02
9.524808754673165367e+01
-4.571614789914733579e-01
-1.182610343655651803e+02
-8.690734012513967599e+00
3.480072489837934047e+00
-1.137853754824283357e+02
8.004346026896578792e+01
4.130737824784575452e+01
-5.638075629844819758e+01
-7.615751469538021468e+01
-1.408454656652542099e+02
-3.003957405911505418e+01
-1.077030936617959611e+02
1.474918457836957089e+02
-6.145779321793033745e+01
6.451386948664227816e+01
7.623339973775162548e+01
-2.253950893441119092e+02
3.525364455686037957e+01
6.159016075870402318e+01
8.821379665858614771e+01
9.817621684957160255e+01
-1.617985450695199461e+02
2.258734180483808807e+00
-9.121465119590718018e+01
1.342944386778040382e+02
1.542776297024446706e+02
-4.901814909174369461e+01
2.097763261186245565e+00
5.820496928030716077e+01
7.824519814352572666e+01
-2.044372578543624996e+01
1.143056159499913207e+02
1.121554515438900097e+02
3.693108668496746816e+01
-4.965059248957124538e+01
7.713329828395819732e+01
1.158063528449143718e+02
-3.490855842532975828e+01
2.060115648377405861e+01
3.076934040797331704e+01
7.315813546886690233e+01
-8.480991148486178588e+01
-1.242153266066305974e+02
-6.063661238915529594e+01
8.381487639481708385e+00
-2.841282637932448285e+00
7.531062522674454840e+01
1.172076493780118511e+02
1.310851492736086499e+01
-1.337819411869220403e+02
6.320436396669285273e+01
-8.454812958007491375e+01
3.359962646980846301e+01
-1.167828943148596608e+02
4.170054214271739568e+01
3.936507357683275643e+01
-6.676019511143951490e+01
-2.180366243928034020e+00
1.159602786076645060e+02
7.149900587644911809e+01
-2.066545589053088161e+00
-9.421914636088862949e+01
-2.705922021146810152e+02
8.999573992997532912e+00
-8.512104306218409988e+01
-4.383163665479661830e+01
-1.321606960923508325e+02
1.021478206264918356e+02
2.187415895282834128e+02
2.118238615164052305e+02
1.920104339825739714e+01
2.213800346659948559e+01
1.065289633146422972e+02
-5.832935220972773749e+01
-1.009390259618011925e+02
-3.667470901755362434e+01
-3.737044364219241288e+01
-2.351163936605081517e+01
-2.086167526534127887e+02
3.954600677998857350e+01
-7.154359050432626077e+01
-9.024822004498793149e+01
-5.196326883924829332e+01
1.668256265988353846e+02
1.174326711238520176e+02
1.824630545144414384e+01
5.311816575420499120e+00
3.267307547124836020e+01
-1.826930775831917586e+01
7.401019324015537393e+01
1.949097337857215564e+02
-1.191357493782553973e+02
-7.777068051248625657e+00
-7.469237615892295423e+01
1.035141592396819448e+02
-1.398839516263684573e+02
4.206884717031679344e+01
-9.669143155808109213e+01
3.565081450869741531e+01
8.716545245419418109e+01
-1.605432295390139430e+01
1.804084756453910359e+02
-1.283001349800960043e+02
2.759694531004842233e+01
2.284410022476096813e+01
1.919160337551333839e+01
7.379371438495050484e+01
-9.937861470763569116e+01
-2.066010831399811423e+02
-1.987726003715001610e+01
-2.561583837446841372e+00
-2.439074946978248448e+01
9.860172368542630750e+01
4.837104263596215503e+01
6.075213478353690277e+01
-6.307484552881725826e+00
1.103733979634554601e+02
5.423987133421135809e+01
-7.537779174813424277e+01
-1.138110779992889405e+02
-5.119696446155451497e+01
9.237090723300454442e+01
4.137225282758400624e+01
-6.580607388684123293e+01
-7.151047605106940352e+01
-1.332740861911658214e+02
-6.570740276985809203e+01
-6.802387964467460790e+01
-1.012206429530182845e+02
2.850193852695646513e+01
7.157586769317421727e+01
-9.752505432030459076e+01
-6.307369260397393163e+01
-1.216787136767628397e+02
2.926822864186962470e+00
-3.653724831056619493e+00
-1.362755781558586818e+02
-5.677955444676496199e+01
2.753435171663220160e+01
1.838181031273213080e+02
3.802382850777394907e+01
-3.394140281565984907e+01
1.032996832404340211e+02
2.067228677859651143e+01
6.836176123443271990e+01
8.044042810255871245e+01
-1.248987154972423497e+02
-8.189154728614290946e+01
4.683910851335375014e+01
2.733741836853226204e+01
-9.905499027331502759e+01
-8.779333032652705526e+01
-2.195559330271053113e+02
1.274818922399306018e+02
-1.526548344275773417e+01
5.373886694994755686e+01
-2.014925508925330888e+01
1.686659221483062510e+01
-2.084417158408212742e+02
-5.767456110342402553e+01
-5.026152085351974108e+01
3.960507022956989687e+01
-1.148236218327051290e+02
7.827254675325274036e+01
-1.530375383476237232e+02
9.052259056938667925e+01
4.666726987893972023e+01
8.986289315785134235e+00
7.897806845633698458e+01
-7.579180643420923502e+01
3.473705943101648330e+01
2.873000125504601954e+01
-1.275440967764994298e+02
-1.804500530260496021e+02
4.488527749935954603e+00
-1.294678729457610302e+02
2.771718355704729575e+00
-1.725682537883980103e+02
-6.073802742132447641e+00
-8.323458399233480520e+01
-1.424624398171220889e+02
1.061259243481056416e+02
-2.107442893872804177e+02
1.194598746401643297e+02
-4.497017270387185128e+00
-2.814769811586099379e+01
-9.456662461728750202e+01
-2.977304055755763201e+01
-7.755119322400740600e+01
-4.803708607631992322e+01
-7.342360096508700451e+01
1.388762041729500822e+02
-2.981515025871651758e+01
-1.382756758588584205e+02
-2.215019979363799791e+02
-3.450070448583185367e+01
1.030299154385011065e+02
1.247384938026693675e+02
-1.629516990297422652e+01
7.649961433017438139e+01
7.100710447311270457e+01
-1.445741856137144588e+01
-9.188895266760478364e+01
2.150348832817888933e+02
-2.402888683124615099e+01
-2.306089464035533751e+02
-2.959659218023174887e+01
-1.042327911815302457e+02
-1.621897969652743541e+02
-2.419941364490249498e+02
2.759440335327095113e+02
6.271426474615058311e+00
2.647263004048685389e+02
3.397185098197481778e+01
2.459042550175489339e+01
-1.248407800638180021e+02
-7.690206331960048658e+01
-1.463309089822617892e+01
1.052843303420382526e+01
-3.557021458532100411e+01
-2.803402006363993593e+01
2.835304812242644523e+00
-2.144988501643316283e+02
-1.211400078253208648e+02
1.570474212019325932e+01
1.443220927968415879e+02
6.275969522229322450e+01
9.956419982223707166e+01
-1.251653064927877921e+02
-6.604199918977917605e+01
4.826473551189847910e+01
5.433206623144160119e+01
1.936961945552911004e+02
1.267640705993404140e+02
-8.254808919348980112e+01
4.569497554202887102e+01
-3.686128322375979849e+01
1.874224499195688409e+01
-1.790908313723238621e+01
5.309263904370297382e+01
7.308194238250166563e+01
5.477850444617662617e+01
-1.242076662773185376e+02
1.388265378957450480e+02
4.042670572338769119e+01
-5.007772276968204039e+01
-9.276779552792400807e+01
1.328981566006048354e+01
-6.272482241336354747e+01
2.159439685076074511e+01
1.586203121901092175e+02
7.538404868725652364e+01
8.282607158018088001e+01
-1.844216788318948943e+02
4.916622701100317272e+01
5.703129176724578286e+01
6.907728802530428425e+01
-1.495565920393667909e+02
-2.319125887728095492e+01
2.248874865396083322e+01
-9.188957314286703593e+01
6.171982974100044927e+00
-1.321141459508229445e+02
-2.259234931046738382e+01
-1.022215695202216494e+02
1.907589437007389144e+00
1.871171792401203016e+00
-1.444085359308281511e+02
-3.070608596440347338e+00
1.719083835188261844e+02
6.418435866138905510e+01
-5.124658276264923984e+01
-2.224574442457407031e+02
-4.506475658644207272e+01
4.134904530664711331e+01
-2.890868537059643728e+01
5.440909898892168428e+01
1.731070123615349985e+02
2.788304914303618602e+02
7.374748014111801808e+01
1.215049865424147839e+02
-9.002859899783510755e+00
1.495316527322464140e+02
1.572172076896373127e+01
-8.425295689061853111e+00
-2.288347829949395518e+01
-1.839931367021878543e+02
-2.071944408363686563e+01
2.101362665094636739e+01
6.719630944250668847e+01
2.626621931783190078e+01
7.931615900887986470e+01
1.046920983178895739e+02
5.139557760571624812e+01
1.577428739150148829e+02
-2.659464402315994036e+01
5.320892376610709817e+01
1.333905491332211284e+02
-3.821850177129001480e+01
-4.837294661220594350e+01
-9.198546997882392873e+01
-9.228826745663167230e+01
1.156692885704504903e+01
4.529647175893768463e+01
4.224321243915762381e+01
-1.640198823275822804e+02
-1.183167066820499400e+02
3.592924306449381433e+00
9.480396691640717677e+01
7.682692211763371404e+01
1.518340034966392693e+01
6.013899903528892565e+01
-8.827165634933562899e+01
1.063286359320035643e+02
-9.834177919983603999e+01
-1.552538182178062698e+02
-1.183889291022506285e+02
1.392409149977846141e+02
-2.766669248693722238e+01
1.623115090226870905e+01
5.284384911857497968e+01
-6.711361207147321295e+01
-9.613449367498634501e+01
-3.344548088034553501e+01
-1.411607016626069822e+02
1.279026507516592517e+02
-7.691079063033623697e+01
5.289127423077798085e+01
-4.411970582007882058e+01
-1.564337219405686881e+02
1.826156189368713569e+02
9.125970176289207814e+01
-1.317182924693181008e+02
4.227776268412831229e+01
-6.643462886729261641e+01
9.295353515606409189e+01
-1.083438626606702115e+02
4.387438599084723023e+01
1.575535038466136228e+01
7.694104067072053965e+00
1.509070761829559899e+02
2.715881697577232217e+02
1.347366379077942611e+02
1.281894078140559827e+02
-3.543860597995591633e+01
3.810499763374698290e+01
2.759544867799078460e+01
2.040651287736911286e+02
-3.847142125326993778e+01
-1.056810806515771048e+02
6.453227324342532256e+01
-1.847507939726148862e+01
1.271327627181288165e+02
-6.800231452477909500e+01
1.138413226974041379e+02
7.803061860850165488e+01
1.430286484355375478e+02
5.402568615649788342e+01
-5.326664047683595271e+01
-4.250559987282279906e+01
-7.395876210323673661e+01
6.731545388981933797e+01
1.904085546017662978e+02
-9.428849454839861366e+00
2.800735763417037205e+01
-1.335166637972968431e+02
1.216382641187203717e+02
-9.764190518792860018e+01
-1.410353970598488615e+02
-1.883097073562974231e+02
3.050782069236128180e+01
-5.415514407642375261e+01
4.416303023552541163e+01
-1.410577961743076081e+01
-5.424210519356321925e+01
-1.616596445055240565e+02
-8.870319549281047955e+01
3.907167635390172933e+01
5.933957698499764177e+01
-3.007987965105931139e+01
3.023935689469088288e+02
8.175523401389789058e+01
-6.741880963281417394e+01
-9.010157863457553873e+00
4.948433649171465731e+01
1.324889370603498548e+02
4.059757216241382594e+01
6.603117674695172923e+01
9.049698914828211116e+01
3.609327314824702171e+01
-1.050212056408857251e+02
1.309117592835595190e+01
-2.037444688402516988e+02
4.553510541152137137e+01
1.352103749816997436e+02
2.684194232850095929e+01
3.586856397717000533e+01
1.164967196610767814e+02
-1.711307495019682960e+02
8.025177571869851079e+01
5.169291232545055692e+01
1.734693240619797621e+02
1.908447711677428060e+02
3.053295131414778041e+00
-8.083201606340968226e+01
-7.883789510270339917e+01
-1.119233649863744233e+02
1.847762330709336709e+01
-7.460613614884449873e+01
1.043921045755026142e+02
4.709666015484075530e+01
-5.451032471252796796e+01
6.212222020720366089e+01
-1.747705652963340981e+02
-6.434208483218553454e+01
-3.569855965809903608e+01
-6.225959332900166032e+01
-9.379277775713616450e+01
1.398470678786271151e+02
6.723638465851136914e+01
5.473471565760264923e+01
1.231236579823358710e+02
1.175501311941107616e+02
6.987502494834323841e+01
1.046365282873514602e+01
2.051488208720296029e+02
6.681019004103245607e+01
-1.563743758992445692e+02
1.966374704918436862e+02
-1.547440772845933452e+02
9.748996734763781546e+01
-5.735190544931553092e+01
-4.334065340923098120e+01
6.014210000529936195e+01
7.468849387099550086e+01
9.273422201898907247e+01
7.137661572607215987e+01
1.226386870892699221e+02
1.711725930932003692e+01
-4.415098008193513124e+01
5.672730862063004764e+01
3.879031816227587370e+01
-1.494696666961516041e+00
-4.759184751333562957e+01
-2.455093346227126574e+02
9.095659755737051100e+00
-1.368763550550960986e+02
1.846636489745492611e+02
-2.531120940347194619e+02
-8.475129006530899289e+01
2.949179202038880589e+02
1.630019139168804543e+02
6.463962128195640844e+01
5.333548415408939292e+01
-1.790278635205468660e+01
5.440927293694603861e+01
1.065987919260240204e+02
-9.311076703050476056e+01
4.244812502473689619e+01
-1.351001114577706517e+02
-4.521313109792448159e+00
3.964672131900731955e+01
-5.366297208292550636e+01
4.823082352114154503e+01
7.716895065716526947e-01
1.420034232709414539e+02
3.662528182510836672e+01
-1.359883582026247240e+01
-1.175685685523062602e+02
1.652459153059215851e+02
1.361539034014524852e+01
-1.248160754570271251e+02
-4.464404612886033874e+01
-1.295982713644559965e+02
-2.378627713780360864e+01
1.573288915144343925e+01
-1.664211402602207386e+02
-1.355581775109865532e+02
3.107603498177769197e+01
-1.484339793367180391e+02
8.835946320090775430e+01
-9.968832989957662960e+01
-1.432321427315148377e+01
-2.166133906341987370e+01
-1.734169509175160044e+02
7.190511605051777622e+01
-1.430732515483095710e+02
-9.976150936343141495e+01
-1.337484682448998008e+01
-4.450054679923457712e+01
4.847350135357178402e+01
1.202387909543458733e+01
6.717202967662765900e+01
-2.117319427889270500e+01
-1.386947154402228364e+02
1.063263381387322859e+01
1.101412857480699188e+02
-1.579829959883726076e+02
1.446447497948084902e+02
-7.435052874410152413e+01
-1.556746596963422213e+01
-7.077643990954925357e+01
1.079954210358018400e+02
-1.744773140571989529e+02
1.059354118456039515e+02
-2.762995569552652952e+01
-4.806010358972310570e+01
-8.040747423504425839e+00
-2.357096863599479661e+02
-2.055192632141071130e+01
-5.205720440883493438e+01
9.498609137898752408e+01
-6.272511790274675292e+01
-1.049029470048503327e+02
-6.502180630758175539e+00
-7.651273838591632170e+01
3.445993201336312950e+01
-4.281689636555643119e+01
-1.476220251578514535e+02
1.068151940830191222e+02
-6.456520178592759862e+01
1.017986278970225129e+02
2.993836175837321534e+01
1.750554836014585476e+02
9.449721593018638544e+01
-1.304398624724604190e+02
3.621382953738483224e+01
-1.656986962705765052e+02
5.815788583846001103e+01
-9.356015621775321733e+01
-1.627361956825004370e+02
9.317104059348629619e+01
-2.339970698706535401e+00
3.223263067922810876e+01
1.835816216362960347e+02
4.663860543761808231e+01
-2.097461985488247294e+01
3.826555212249550664e+01
1.150730869473143230e+02
-8.131671631738381922e-01
1.721480212927407081e+02
-6.251354022258588117e+01
-1.235136899561509978e+02
-2.579881639240233060e+00
7.898185774167099282e+01
1.003953601093266599e+02
1.257461587791253521e+01
3.354295391664411596e+01
-2.505887669706794441e+01
-9.693933662901302739e+01
-2.038512040840718598e+01
5.870335350490386617e+01
1.373200308187794576e+02
-5.627786000391380838e+01
1.703481727535530581e+02
-1.587240273468728446e+02
1.117985392189869316e+02
6.144089118957595730e+01
-5.059423058581825217e+01
-1.113555118280094831e+02
-1.623759533007441291e+01
-1.328045423966972578e+02
8.046767963087747333e+00
2.205125437009683154e+01
2.359783213843181215e+02
3.127073318139886737e+01
1.292175103504896860e+01
3.219047995196522294e+01
2.566846594694258670e+02
7.455532499639309307e+00
7.517115893421552641e+01
1.067743504558798122e+02
-1.412190854318044728e+02
-4.563552654410019471e+01
-2.733777552502484909e+01
-5.110770060324831121e+01
3.604292196130737125e+01
1.991810748354351119e+02
-9.345687403360449252e+01
-1.557548141687688670e+01
3.337127065845299967e+01
6.385696100102852313e+01
-4.446764039097170240e+01
-5.923565165117802422e+01
6.483457831372334113e+01
-4.849475938937646191e+01
2.539540984604235163e+01
-9.288018507144107616e+01
1.102348937679699326e+01
1.914257894244744307e+01
5.509603772899149732e+01
-5.271852157901192726e+01
-5.576237391575403990e+00
1.797959789733647540e+01
5.546662489219942671e+01
1.190665018531271073e+02
-8.037122776481940889e+01
3.032863428563536345e+01
2.858862325633350565e+01
5.653553430849192551e+01
-3.648356135491612662e+01
4.747853402250344601e+01
1.501104671009022411e+02
-5.589334758767010669e+01
-7.359727608268052279e+00
5.852091269923533901e+01
-5.634013512861574036e+00
2.881050277276821703e+01
-6.152312744117661225e+01
-3.562520407002482870e+01
1.744324611400281526e+02
9.429916914864793398e+01
-1.385228871238699000e+01
1.051270860216093297e+02
3.564857117882699988e+00
3.654595401142796618e+01
2.240018096889473753e+01
6.477832514054809643e+00
6.907271966283283859e+01
-8.792175845477358109e+01
-4.951596691168084874e+01
1.284329371340547539e+02
-1.622861029231370082e+02
3.875602369622785659e+01
1.095089740521908510e+02
-3.835249595202130024e+01
1.393746843168417797e+02
6.140904175585470171e+01
-7.540914618235770206e+01
-9.125152231406011083e+01
1.436134777121485797e+02
-1.748816877953974469e+01
-1.569772451982138364e+02
-5.531297191009995373e+01
1.063427045410802521e+02
-1.125367937864070882e+02
1.455339092844984705e+01
3.052340436956657754e+01
-1.408930094555592838e+01
-4.733324885731459375e+01
-4.093040564191319675e+01
5.661640859779053869e+01
-3.029748109268407319e+01
8.404826763191497463e+00
1.626986082858335294e+02
8.865647494847812027e+01
9.429617805185486645e+00
1.380057431684093103e+02
1.347266784814453189e+01
6.901465725890942338e+01
-3.464356141227045072e+01
-1.072174847442106227e+02
4.109032542946150812e+01
-4.621595788702751406e+01
1.410848895495787225e+01
1.446005793896502567e+01
7.492012950367673341e+01
-5.838604935112955019e+01
1.209847219065566293e+02
1.077388285027849548e+02
2.718584111043517737e+01
-1.398799423230967136e+02
-2.122025039246738061e+02
-1.244209278704227728e+02
-9.050900828646275897e+01
1.544858029569968778e+02
1.009272326451729107e+01
6.119748711554883869e+01
4.018766931290105759e+01
1.608815204536235655e+01
7.207486116482431093e-02
1.087053712404916439e+02
2.884955848977483583e+00
7.599402605075880501e+01
-7.217438082879777994e+01
1.992704979965171219e+02
-2.273914275698863463e+01
2.761868414775598879e+01
6.979355514552661077e+01
9.153822705937088244e+01
-3.297299133521854486e+01
-1.241748457264839374e+02
4.977756462556325801e+01
4.888394412034477909e+01
-4.270002514550421679e-01
-1.147844297704655148e+01
-2.830593514688980861e+01
-4.289935170449400914e+01
-9.579843157853366620e+01
4.442668654964163721e+01
-4.964924562004001984e+01
-5.989151637627417557e+01
-1.350758197747074973e+02
1.899859603577999323e+01
-2.637451772380653665e+02
8.715477424177402099e+01
-3.206808309719606065e+00
-1.494193029323364499e+02
-1.726327654599645456e+01
1.475389789484065091e+02
-3.404924313513082978e+01
-1.607596329521923906e+01
5.594475950917657769e+01
-5.182325164357027170e+00
-2.800586235442126082e+01
1.179435713124239413e+02
-9.858859080926625040e+01
1.430171435952125307e+02
-1.926996038465179950e+01
1.130301933281950539e+02
-3.988562909019267266e+01
-1.743463555276432544e+02
2.754727327621995059e+01
-7.799728051578077270e+01
1.298238104760213787e+02
7.963095015251047926e+01
-1.338757845837749372e+01
1.557878880987519210e+01
-9.079632101125943677e+01
1.004160525693764328e+02
-5.134628226674085738e+01
2.703874682842421251e+01
1.415003553037049926e+02
1.574048312615134932e+02
1.406437921009190006e+02
-1.244479808196852417e+02
6.322935883863961948e+01
-1.945445348842284545e+02
-2.923929401475073675e+01
7.075129797607512216e+01
-1.930009538533499835e+02
-1.069798191262159577e+02
2.422599716975615536e+01
-2.365230333266521825e+02
-1.814420663295886982e+02
1.303215500106013280e+02
3.455178391140173666e+00
-3.769392769186098224e+00
3.058597750824479888e+01
8.614245722730809973e+01
8.234473775987656552e+01
1.222328092062157623e+02
1.045016474679697609e+02
-1.470070553693747328e+01
-1.380395538963669821e+02
-8.523788387836920322e+01
1.050635385803365267e+02
-1.386895146805915999e+02
1.679900712851657829e+01
4.222450862218906087e-01
-1.929907080945581868e+02
6.388149299065374009e+01
1.529502059638496974e+02
4.458314173110588996e+01
-5.875139306357400670e+01
-6.164353810493253150e+01
7.844712176398218162e+01
3.129921217796144006e+01
1.149675067941352680e+01
-4.699337379687651151e+01
7.985796592378500236e+01
-2.359917168348434018e+02
6.593349261778612025e+00
1.270973323756094970e+02
-3.064386776211144792e+01
-1.521226042569389847e+02
1.486823688634788994e+02
-2.070207881458797416e+00
-9.768223041121321160e+01
-1.495988259284569288e+01
-8.668200765598169255e+01
2.869699288412202520e+01
1.346404875530358822e+02
-3.346571187082086141e+01
4.378303507228365277e+01
4.199754061889667156e+00
8.458645700056123928e+01
4.225084480582989244e+01
1.189739496850966738e+01
2.098146950885626794e+01
5.641612149412374322e+01
-2.720086311137618296e+01
6.736318720487059863e+01
1.398751598457942578e+02
-1.182930044146812776e+01
1.520860414706474160e+02
-1.098266738323225837e+02
7.373220644520766598e+01
5.345528535247515833e+01
2.743594381560778928e+01
1.232500080959220981e+02
-6.551210840374410793e+01
-1.347910243365280678e+02
-4.716635310447259855e+01
-1.119895557670247257e+02
1.236688708817731808e+01
-9.426366156088165837e+01
-1.212839768989798870e+02
7.556128065236951841e+01
-2.915488501393765119e+01
-7.073169622882271312e+01
6.748006549669736387e+01
-1.680251342400309227e+02
-9.868964517267340142e+00
3.547168833737829630e+01
3.990129829372109782e+01
1.129423262478532735e+02
-2.485303650169927536e+01
-1.484417216766719037e+02
1.839829397461633320e+01
-5.019671395062711383e+01
9.856895519330262800e+01
-4.234883792567123351e+01
8.023055978178943448e-01
-5.778036691306765960e+01
-7.842634982708715086e+01
-9.040036145401826673e+01
1.008814628914154810e+01
7.605411118631104728e+01
-1.860105857691816666e+01
-1.585986661492414029e+01
9.939627054075015167e+01
3.782086857462709162e+01
-8.162555074750855511e+01
-5.169553707830777256e+01
1.311521130574818130e+02
-7.607009432628237811e+00
-4.063350286089836771e+01
1.241593102424063346e+02
2.434207536438113806e+01
-3.772985455619929240e+01
-1.341280692267433494e+02
-1.995967628630929624e+01
9.221679510381412115e+01
6.387054148151752742e+01
-1.754929353355038018e+02
-2.778315757420484999e+01
3.270757546779052660e+01
-7.385337635430647651e+01
4.359698965372516000e+01
-1.461016399154322585e+02
-9.902872564397314648e+01
5.488044255013188177e+01
3.978533208000552435e+01
-5.762731363585544386e+01
3.474795476877064715e+01
-1.385126978935674913e+02
9.258478986756527718e+01
1.992738863421843405e+02
1.198211077570181828e+02
-2.745027167282668401e+01
-9.823178241408854205e+01
6.609435409621352342e+00
-1.217613562746464169e+02
1.387197657886324009e+02
-1.046905195170563374e+01
4.104607986800017727e+01
7.903129951504150874e+00
-1.398008764506562898e+02
-4.315884271189338151e+00
9.148330714155308385e+01
9.630740485207724078e+00
-2.264283718830737513e+01
3.444842912936392310e+01
1.259591743271151358e+02
-9.208239237878986216e+01
8.669549403787959463e-01
1.227024654470039451e+02
5.137554830255128024e+01
2.042365336659067410e+01
5.661431060818284777e+01
-1.242444916979220153e+02
1.185822917862414272e+02
1.155063252473450319e+02
2.927325786240838390e+00
1.261655490698712754e+02
1.369300105001466932e+02
-1.168676259424255051e+02
-9.656216716873751693e+01
-1.566497079713359710e+02
-8.135629310341133191e+01
5.756856280046254426e+01
-3.248131191206361734e+01
2.130893852984269188e+01
-1.338883691940467315e+02
5.118150413944165678e+01
4.288769392049871954e+01
4.859638415162556413e+01
-8.760030155289528864e+01
2.435171849117188714e+01
-7.613632479126360764e+00
-1.293322291518793747e+02
-6.895384577011080296e+01
1.944902154619913404e+02
1.836520476021534876e+02
-9.713727313731311597e+01
-1.657835798235976199e+02
1.599045478743274487e+02
-1.056047415332634074e+02
2.253339842389617331e+02
6.826415416786811363e+01
-3.279194938613364307e+00
-1.350554396827435966e+01
-5.921495425465965212e+01
4.434452884967605968e+01
2.047201787767520997e+01
4.602894027671822386e+01
4.964507598454675019e+01
-9.752070250677755325e+01
-9.026076966224982812e+01
-7.369046247274509653e+01
-5.632427016202026948e+01
-1.610687114195291647e-01
3.587912095354822384e+01
4.332798960939510380e+01
7.634245934024529845e+01
7.551197801423278122e+01
7.384351492329592759e+01
1.663056790486336922e+01
2.281147914473256577e+01
-2.659301339649567097e+01
9.282365351069724113e+01
-3.485660018517963721e+01
-6.432234675361709719e+01
7.072210313498604251e+01
7.960854503685925287e+00
-2.627515457665831988e+01
-8.594563904019388190e+01
1.082584421775620740e+02
-3.618611491258906767e+02
-1.153075004080317356e+01
-9.457720340266449455e+01
1.024390041935680244e+02
2.741443626099182751e+01
-1.039763672008018069e+01
-4.153038118476939644e+01
-1.819943176687815356e+00
2.366491249961062238e+01
4.729527681757818414e+01
-1.539585066479716602e+02
5.113319104697892215e+01
-3.766876206286563900e+01
1.156360137245632700e+02
9.103698554132320453e+01
-2.176259822885397455e+02
3.778707736940649653e+01
1.290912845019272481e+02
6.178144264010529518e+00
-4.305602676193311851e+01
-1.379281643164201512e+02
-6.080833039837916232e+00
-9.774574872633625944e+01
7.451640333297864061e+01
7.314909307406192340e+01
1.310527391563157380e+02
-3.494996681931325355e+01
1.596245996317981337e+02
-1.709210577286914656e+01
1.023426094002333997e+02
4.813074182886955299e+01
-7.952476734030028638e+01
-1.617478658841207562e+01
-1.844570616315371012e+02
1.563734693721853120e+01
3.897474032502125141e+01
-3.269158446758212655e+00
-1.455350362733560985e+02
-2.762166658429169885e+01
1.211843301496857208e+02
-9.326206065383736643e+01
1.189119442780721236e+01
1.290077254674418441e+02
1.194513453587819640e+01
8.101772991779766642e+01
2.093251296708336895e+01
-1.840108412270585347e+01
-2.681974717727920776e+01
-7.623751079523852070e+01
