-4.092786282712017965e+01
3.954892147994876694e+01
1.336716065075242810e+01
4.187356776306874195e+01
1.718885758913377515e+02
-1.064214216913062359e+02
1.411805732383163274e+02
-1.741414744205353884e+02
8.789415797119708884e+00
1.042963062246044643e+02
2.632308794086632631e+01
1.419596545125978970e+01
4.199380594656225441e+01
8.240833030721059060e+01
6.342641233689660396e+01
7.990921277550107504e+01
-2.406629009542064352e+02
-4.912598238604814327e+01
5.578578129291488352e+01
-1.951200185775971763e+00
1.300423994398588547e+02
-2.168633925141920216e+01
-8.712381269092411173e+01
-5.564497726929271693e+00
6.829664706154423470e+01
-1.113356984435737758e+02
1.159980337755271336e+02
-1.450742533753094392e+02
-9.827050882956666555e+01
8.237612315997832724e+00
2.026270848272846692e+01
-3.679241072760070352e+01
2.993743287871534875e+01
9.320478678323721056e+01
9.026331834947190202e+01
-4.103718827147358184e+01
1.183570887402539427e+02
-4.993591825755464697e+01
-1.505845040711637068e+02
-1.287787611152648424e+02
4.079437845453105282e+00
1.221185551867991990e+02
7.799746100836046026e+00
7.445212969735736408e+01
-9.492784287345291716e+01
1.493021492241995247e+02
-4.926720711540249908e+01
-9.337920622417989591e+01
-1.200365014049615553e+02
-8.927155243760333292e+01
-1.626457780397685937e+01
-5.195430537582235075e+01
-7.430378418517272543e+00
-3.468089471466546669e-01
5.884686535108266980e+01
8.109598292444734113e+01
4.400976083746730438e+01
1.158041678685002012e+02
-2.231087755170101161e+01
-1.288684489735111072e+02
7.332777365298684913e+01
-2.150699431780714477e+01
2.856288041280838641e+01
1.703648934116412761e+02
-6.092710408094389862e+01
-2.729648093362425243e+01
-9.326232727345774265e+01
-2.870097754030671666e+01
8.555056267949093751e+01
-5.135200358646249796e+00
3.057698301572097677e+01
1.009999945986709662e+02
9.794108885925128050e+01
1.035412880496159573e+02
5.553630960607333833e+01
9.337381490023365416e+01
-4.333563213871094888e+00
-1.130286302940978871e+01
1.873119213808087693e+02
3.835949370559896821e+00
8.349645120900451190e+00
-2.035109371827998714e+01
-5.313660889763644946e+01
5.887081397303073516e+01
1.370699480095056799e+01
8.433284260872656546e+01
-2.277630636556495602e+01
2.218809730142109515e+01
-1.689186494721161012e+02
6.528875059259885916e+01
-2.615972376980101544e+01
9.956016809489950958e+01
-2.242730130891962759e+01
8.935152027779024309e+01
-9.558560037043351088e+01
6.718596897417540958e+01
-4.270701211514892037e+01
3.063236958650009356e+01
-1.507194055018788106e+02
-1.949049716304904933e+01
8.682480032757430521e+00
5.910110163146319451e+01
8.171359592529533700e+00
1.355144909570092793e+01
-1.298656337663282727e+02
4.448673295401568595e+01
-1.466334440228892610e+01
-3.024101874552508917e+01
-5.928388195738931188e+01
-8.607227358618845248e-01
3.806417050810793512e+01
-4.575991024382075523e+01
1.319674056118530245e+02
-4.624397751876689711e+01
5.399451532011539001e+01
2.612192813302434047e+01
3.014726374480695625e+01
9.342859420243789259e+01
1.193399131330103558e+02
-5.911588046304879640e+01
6.720567021498143845e+01
3.108033268550352801e+01
-5.487463736241605972e+01
-8.701489970489461712e+01
1.970857839682972568e+01
1.582984431869327047e+01
-6.268293725440274500e+01
-3.933647032739600746e+01
-1.632421337179673912e+02
-4.880732168649814184e+00
-1.149199792203543922e+02
-3.627082731131526572e+01
6.882519265563887245e+01
2.502646098557158894e+01
-1.149423704983750127e+02
1.169961422868979461e+01
2.339061531641726077e+01
-9.087013167021949300e+01
-2.062150942153708399e+01
-1.253051398665670035e+02
-7.205118792599493815e+01
5.729347335612053627e+01
2.200614047113112193e+01
8.677171572398948740e+01
5.914054441911822835e+01
-1.148982765875985024e+01
-1.954805313557282886e+02
-2.760647919165906217e+01
-1.382036095051092950e+01
1.218454413250198058e+02
-7.218682509548146164e+00
1.104991361157533873e+02
-5.983946365257681066e+01
-1.689967233579600503e+01
-4.345182083060326050e+01
4.194341774134666423e+01
5.992412491356121507e+01
2.967803532841049829e+01
-1.080165996221757894e+02
1.242612221457388131e+02
-2.054816252188005787e+00
-4.586063983853391335e+01
1.338686997067312632e+02
6.425233406801118008e+01
2.193999421949516471e+00
-1.219677224761152345e+01
-1.311813577468990957e+02
-5.510415690430635038e+01
1.251926586070259759e+02
5.804594713245604964e+01
4.865351031211702093e+01
1.043621649249771508e+02
-1.603383965491228196e+02
-2.715022146664019331e+01
7.501618655915476097e+01
-1.765650030532547277e+01
9.993930305398012592e+01
1.183661324273132607e+02
1.576884735777388755e+02
1.503769557501148029e+02
1.709656879479081510e+02
-7.702468366605641847e+01
-1.305290689996671460e+02
5.378084631149912553e+01
-1.016787155499986426e+02
4.547708680692378991e+00
1.270593119388924386e+01
8.274578081724293099e+00
9.933207977802210564e+01
1.022704168354552365e+02
1.615548839199552447e+02
2.533670223595021653e+01
-2.298376636730662170e+01
1.796166680209514155e+01
-8.358056632151790666e+01
5.110521630120242520e+01
4.824694896585499038e+01
2.685506891158901226e+02
5.461773294355942454e+01
-6.326584511570492708e+01
4.740114460228144821e+01
-4.652104060595209489e+01
2.658046190679837828e+00
1.113892790674809277e+02
4.352759796262139602e+00
5.026659037101149607e+01
-7.210585598271035224e+01
-1.460597955248814372e+01
-1.785122239941414435e+01
3.123798029882294713e+01
-3.085480215214423438e+01
2.464763603035563477e+01
-5.964553808590022044e+01
-5.411608710692325275e+01
5.912001518557344326e+01
-4.903664551344099465e+01
-6.166974632237613996e+00
1.152452997698988213e+02
5.104657431657816602e+01
2.395908621162406149e+01
-3.610902327874528339e+01
1.244584317929832054e+02
5.565868897911096269e+01
6.487656100160742767e+01
-1.700023890741276489e+01
3.146064544735850177e+01
1.559679117793159833e+02
-8.499569905346064047e+01
-1.084354027149595900e+01
-2.425249951514702573e+01
5.436767886419502105e+01
1.133653113875090526e+02
-6.944106976584029667e+01
-5.603489118573683925e+01
-6.223859797146060657e+01
4.800810847526506109e+01
5.848300538683327687e+01
-1.647996898471238012e+02
3.545127061898271137e+01
2.230653357965254031e+02
1.939068908118771972e+01
-1.085553392369237145e+02
-3.737863819998261761e+01
7.821448925374043881e+01
-1.085231206221186540e+02
-1.877711995684941826e+02
-1.372349567589000117e+02
4.472152976977827876e+00
-1.284631593358068073e+02
-9.221719165785857797e+01
-1.133959523106126994e+02
2.900525642707104268e+01
2.032289433209377094e+01
-1.568711497390272314e+02
3.618036294785317608e+01
5.813753377430344926e+01
4.759065356765049160e+01
2.294334204630445839e+01
-1.745587342744016945e+00
1.251009023868117822e+02
8.602232861048568680e+01
6.000569396805206068e+00
-1.105019463264397572e+01
8.244236069532821887e+01
-1.112721336688972384e-01
4.207370873579855441e+01
-1.177039309551597057e+01
-1.094549057418076643e+01
1.072163651152690278e+02
7.490155758531298602e+01
8.111869896473061203e+01
-1.004356996854180437e+02
1.876779158619340251e+02
3.071070773490678718e+01
6.888439758027938353e+01
7.102890922074041491e+00
-3.390073925083497386e+01
4.544090842348547454e+01
-2.047199667452227700e+00
-5.784864350503884367e+01
2.899359679365591802e+01
9.025576210852820225e+01
8.214785247933070877e+01
4.190112572416895631e+01
6.711174371615845757e+01
7.632421922241385381e+00
-8.893831610341874239e+01
-2.592718186394514035e+01
1.169907117429688981e+01
6.492751131568252276e+01
-2.203274206917311684e+00
-9.465676218145131315e+01
5.686273366386385675e+01
-1.053814661275936437e+01
-1.582712034105103882e+01
-1.118026875815544940e+02
1.057774064117863588e+02
-1.791301976703103378e+02
-5.539999968754678861e+01
2.925785149429689724e+01
3.642185719319605397e+01
-1.557983793585376020e+02
-4.902848000838940123e+01
1.337713459037710884e+01
4.462341645029492554e+01
-1.554859415448401876e+02
1.974400433558093084e+02
3.733578357486240407e+01
1.259345843117569359e+02
1.319118807674461813e+01
4.920771181790678384e+01
-1.433561146368813866e+02
-3.318911588469239859e+01
1.367067996845180389e+01
-7.644646378340104320e+01
7.530486116704220478e+01
-1.459083108597771172e+01
6.368079123244543283e+00
-1.291797658936124265e+02
1.111330872037732433e+02
-1.776785282058454385e+01
-1.804680373429155082e+01
3.180936979343538340e+01
-6.864847414758017408e+01
4.199524407438882889e+00
2.545886670788197037e+01
4.869143005601873142e+01
-5.083847422810656269e+01
8.184570499161569046e+01
-2.853395901131471390e+01
-1.008616511862512866e+01
6.048777094882266425e+01
2.337288976741587732e+01
-7.211957087069463057e+01
-3.788430188144300814e+01
5.788409197139480966e+01
1.328456062045494832e+02
-1.753723968842084275e+02
4.051144913096554490e+01
-1.784135097127938252e+01
-7.543104479796411077e+00
1.904062398496002686e+02
7.287440956900881872e+01
-9.783911055430415615e+01
3.371811227064134187e+01
-5.716379077058228120e+01
-1.398024239507643429e+00
-1.617222337480572492e+02
-2.675342046987208633e+01
3.492178951915145291e+01
3.833862176484780093e+01
-6.716584319402953440e+01
8.968458634602973234e+01
2.043796028606455195e+01
-3.888173227053473902e+00
1.632936753190466561e+02
-5.328705875498582145e+01
-7.320278671965671435e+01
8.443579895874051999e+01
1.009831843081466616e+02
3.446462393290360637e+01
7.675319141794471989e+01
1.592688084991069353e+01
1.525956577388371826e+01
-1.094098635182943013e+02
-4.974206215307119550e+01
-7.153027620928601493e+01
-9.995768745519289666e+01
-1.406270448024901754e+01
-4.750301500210139949e+01
5.310979844975356201e+01
-4.461051493006171142e+01
4.814558847415950282e+01
3.166586044689749713e+01
1.388243082222107034e+02
2.183549328624857822e+01
-5.829096093165135528e+01
-1.048294587392968680e+01
3.664660206818562926e+01
-9.380480861253050762e+01
-4.143338275950244309e+01
-5.007061048858307117e+01
5.228188894800373987e+01
-7.653540949469118004e+01
5.327036726698051439e+01
-1.489435532335159795e+00
4.498862936609288710e+01
4.502237229581603373e+01
-4.216199696926468476e+01
-3.368586025729414501e+01
-8.061527494218157130e+01
1.159260489795920819e+02
-3.120852010006184507e+00
1.706400157866584166e+01
-3.204735140002479454e+01
-7.582796007823708351e+01
-2.201139158188765421e+01
-5.728166126022137661e+01
1.514225231952383055e+01
-1.439688787683746227e+02
5.959488233742561647e+00
-7.669268011255789474e+01
-5.171540840917476345e+00
-1.032170464804160730e+02
1.927587857448600772e+01
-1.777046021393211959e+02
-6.505297477399328443e+01
-1.050574455809198895e+02
4.205768338122054217e+01
7.293635593285920038e+01
-5.712379967230909017e+01
-7.794596189369269723e+01
-1.551678025298008095e+02
-4.449441532726031312e+01
7.585040382022397409e+01
1.044550276190646656e+02
-3.760316364979754411e+01
-3.767309388344312282e+01
-7.982624179615437754e+01
1.476571000448621476e+02
9.117553992798259799e+01
-5.336899755111242172e+01
5.966725955252710634e+01
-3.351899386635778200e+01
2.992180412279638801e+01
2.145248773162500413e+02
1.746924374253416943e+02
1.435983448493009575e+02
6.195891753761586784e+01
-4.917733365614900265e+01
-3.692063023583649084e+01
2.681743005125067114e+01
-9.610272879331574813e+01
7.076576106814133027e+01
-8.348297063859395450e+01
8.739619389224186818e+01
-2.725787695776962849e+01
4.621416953290732010e+01
-1.240150632234029331e+02
-4.309656053540017240e+01
-1.011090263372738036e+02
-1.633582840276260697e+02
1.130296155655531152e+02
-1.056687669036249844e+02
-6.933321825480649636e+01
-1.099059927627015298e+02
-1.774264948240976878e+02
1.123129275393076938e+02
2.170252580167154122e+02
-3.882333753471731086e+01
1.443450153319338547e+01
1.109434148397600097e+02
9.275342663843714419e+00
1.011269438953771704e+01
4.965748243340989632e+01
-1.173949401338676921e+02
2.538159598237322001e+01
2.579704329985526901e+00
2.999264964540229883e+01
-6.414439910097959796e+01
2.638453637424917275e+01
5.975914697303240075e+01
1.783165025999355464e+02
-1.061520069097681507e+01
5.660438287771538768e+01
1.005197634217110334e+02
-1.285654687291886660e+02
-1.033805029962538526e+02
-4.588692760720771702e+01
8.410197424140856981e+01
-1.606283468803054504e+01
7.873417835567760648e+00
6.487070435310164385e+01
-5.772405956700689345e+00
-8.079273154682380209e+01
4.426801685798253061e+01
8.514063973526246887e-01
2.037223655684040935e+01
-2.265024626189436230e+00
5.152228486757866932e+00
5.571875349762218832e+01
-6.386954801136575099e+01
-6.714514886113569503e+01
-1.762313095551651259e+02
-5.389589435628600000e+01
3.343353686778550582e+01
-1.552597322403950102e+02
-1.232077771182433992e+02
-4.809479111736401791e+01
-4.786742850138487881e+01
-6.344980512855883603e+01
-1.395655306534322619e+02
9.111063441348296976e+01
2.805264740636422172e+00
-3.674307282711332334e+01
4.890548578215917530e+01
-6.555592772263806012e+01
-4.204585246219415495e+01
9.791253703739994307e+01
1.432737144394462803e+02
3.176449806349081939e+01
-1.020782767047062976e+02
-1.088823812583642479e+02
-3.966881001791585248e+01
4.918978287784572956e+01
2.515196456391048940e+00
-6.159771506400147700e+01
1.028051208002498669e+02
-4.798559295477488007e+01
4.643762592031251302e+01
-4.589643376152388043e+00
1.064386076483553012e+02
-1.282037645758284441e+02
-5.079043840922778230e+01
-8.054105215647537896e-01
-2.094182595487982823e+01
6.337626796165446663e+00
-5.942489264928734372e+01
-3.325255293696103287e+00
-1.985883655364468581e+01
5.375253018705435437e+01
-4.696339640876018251e+01
-3.077407540664358621e+00
-1.080043723103453601e+01
7.201039205966295320e+00
6.024512508525851473e+01
8.709781574739626819e+01
1.238792822316207349e+02
1.513085707507568145e+02
-1.303193802037315940e+01
2.788361926644379452e+01
-2.241075864541163298e+01
1.835091529560653711e+01
2.837383419696313069e+01
1.175098803110521395e+00
-6.418654532901996390e+01
-3.214292063844369807e+01
-1.052215962124007547e+02
6.717326503536041571e+01
1.698864209470150399e+01
-5.012762343766375750e+01
-1.153590023978762389e+02
-6.543877553809576852e+01
-1.447278349402857884e+02
-6.533329437872708922e+01
9.617887307385812790e+01
2.441636854085441044e+01
-1.064250806538313867e+02
1.123059544379592580e+02
-6.682739811416544740e+01
1.845313911904769100e+02
-1.184659514830927804e+02
1.076482141290408201e+01
-1.654034582831623190e+00
-2.946931818522494240e+01
9.760431082152805971e+01
1.193651928607648571e+01
-1.554840655696386165e+01
-8.378180965136782277e+01
3.924535009645889971e+01
5.351458471724920507e+00
-4.260031136386301398e+01
1.338095221539297484e+02
4.041727689503455423e+01
-2.730875056079928598e+01
1.431787822991989501e+01
-6.377654800045673511e+01
-7.763980230475667099e+01
-1.008449419644213485e+01
2.029358729091288751e+02
-1.212773956202868391e+02
-7.941602650817999631e+01
-6.051386822455706493e+01
-2.611260911392466255e+01
2.184972988002005678e+01
-4.787550996477393994e+01
1.684901687242593482e+02
9.086726418878080835e+01
-8.863713494577645235e+01
-7.789797095066006705e+01
-1.322308755003693932e+02
6.650932919687491562e+01
2.456341569250835377e+01
-1.533468484601056616e+02
-7.092212641783280702e+00
-1.211006956800343346e+02
-5.331411235981768471e+00
-6.841570618174397822e+00
2.454967913077851449e+01
-6.881105812994221083e+01
1.777769187145448768e+02
-3.152844014769758729e+01
-1.173393058775820350e+02
1.206829727283418947e+02
-8.867331016933536603e+01
6.544970705922970922e+01
-2.377801674215909600e+00
-4.308090068308022325e+01
9.620259401044246772e+01
-1.677684504910891121e+02
-4.996076189901247488e+01
2.628959585621707973e+01
2.840098747982727212e-01
2.560319624183375709e+01
2.246276532001999016e+01
-1.773306366887346428e+02
5.347392141836003532e+01
-3.543753847740045160e+01
-3.512945257532454946e+01
-1.173037285251245088e+01
6.717098152043088533e+01
1.206407156319237544e+02
-1.432129302244281064e+02
2.046287344246171003e+01
1.397779011796998816e+01
1.328476553511007694e+02
2.231714823194037134e+00
-1.289153141287532378e+02
-6.735448754982702724e+01
-6.295905455882041224e+01
-4.622711492548690870e+01
-4.612661787289774651e+01
-1.680053340198907392e+02
-6.631289826755866201e+00
-1.517343106501936347e+02
1.336161388417060891e+01
1.907904997375410971e+01
7.961046315764065184e+01
2.959915941504626957e+01
1.295193037859152128e+02
1.672410929127179102e+01
2.505094357679497108e+01
3.974449040522735999e+01
1.618408678892640182e+02
5.807691265752936971e+01
1.215947224350185536e+02
-8.338692126225672041e+01
-8.815139969261887032e+00
5.913916858166282964e+01
8.319379688122603511e+01
-3.305839972890434808e+01
1.479551920028665357e+01
-3.059512104293413159e+01
-9.422148504831521620e+01
5.378039256812632729e+00
-2.475472526025143694e+01
4.652288725475168718e+01
7.567891484360247034e+01
5.087986440959676315e+01
1.681048604484221798e+01
-1.091289316888514449e+01
1.085471025543111523e+02
-1.254675114328307650e+01
-9.927044675474126834e+00
2.995888729930745242e+01
-7.243081794212460522e+01
-1.948179426464814767e+01
1.174418008214214098e+02
1.136434223960569199e+02
7.965829317011990440e+01
1.893517137425876840e+01
3.740555422184639411e+01
1.615348570566629149e+01
2.904921887264841018e+00
4.576389314166277700e+01
1.049159587110809042e+02
-7.316587216043957653e+01
1.300176629742659600e+02
-4.235064562160906121e+01
2.884344377285908934e+01
-5.405122999710411591e+01
1.130656746783216562e+02
1.096346166289343103e+02
4.830778456556387823e+01
7.742711673357274549e+01
-3.775979843542469894e+01
-4.424515274925528985e+01
1.921702453922925358e+01
-2.067322685351045948e+02
-9.937387511495511205e+01
-3.966087284396113688e+01
9.888994011121316419e+01
3.665103506465923999e+01
4.454282837429504482e+00
7.999829356533612668e+01
5.053646409452198185e+01
-1.023939436056131171e+02
-9.772416915953807859e+01
-4.746439377545970473e+01
4.354913056704967644e+00
-2.640628630351483963e+01
-3.928338002464265344e+01
-1.354156594071376674e+02
-1.252262510171138743e+01
3.424145952041142777e+02
-1.635165476567091503e+02
3.502101402693249810e+01
-8.361017474289695883e+00
-1.306082979021631019e+01
-2.118779193991165499e+01
-3.650659418974824177e+01
1.519680964205437634e+00
1.321485847811560461e+02
-1.219078837723371755e+01
1.545827768335994961e+02
1.361625251548867936e+02
1.041007506602393278e+02
-5.585557229245046784e+01
-1.872592237380398501e+02
-4.495570921288030064e+01
1.702720495914545040e+01
-3.899384519194001530e+00
8.909447266140702482e+01
4.335140963892101951e+01
-2.406445428250941987e+01
-2.252143448677514925e+01
-7.179064433938273737e+01
-6.773149134284064132e+01
-4.271984869071235380e+01
-6.967074196995081081e+01
8.185259765910466001e+01
-4.148734033766535134e+01
5.633172474582956823e+01
3.614042560787968483e+01
-1.491572588373583130e+01
-2.729765818951661771e+01
-3.096692360474457573e+01
5.135697666639428149e+01
7.437724627347710893e+00
1.162681164312204345e+02
-2.364821909220949081e+01
-1.061710836424333877e+02
-2.251163572308189131e+01
-1.187445401850673790e+02
1.326183142270589315e+02
8.060695016425896142e+01
9.767014456592758620e+01
2.108789695790617031e+02
9.739334163882913842e+00
-4.375928273665645918e+01
-1.187263326358518469e+02
7.795733347858603679e+01
6.430398059357411000e+01
-6.382684147458002144e+01
-5.508421475722447980e+01
3.255571401210357152e+01
6.463274279118016352e+01
-9.646917940235853450e+01
1.086655046485949150e+01
-7.308123669680665557e+01
-2.293650489129765901e+01
-5.240630057537349984e+01
-1.033363491050557741e+02
4.958938421433064292e+01
1.427902777904700713e+02
-6.391447585077925098e-03
-7.627579822457511227e+01
-2.029911444494529604e+01
-4.596608703919579142e+01
1.621686130233071310e+02
2.297298029014600900e+02
-3.686934967924572959e+01
-1.929179985650810991e+01
-2.210786694326368718e+01
-6.582493933621871918e+01
-3.508034434701657744e+01
1.586815322786315718e+01
-2.909532284404151881e+01
-3.303381421448054311e+01
-7.998605584337505015e+00
-2.341781938787617037e+02
6.351251505102131034e+01
9.626578275870691925e+01
-1.875291008576101959e+01
3.898395393725763114e+01
2.962701140883647710e+01
-3.780240562379656222e+00
-4.146316426604381178e+01
-5.114444723923406855e+01
-1.077998983033468505e+01
-2.541736552664913873e+01
4.316508623567050762e+01
-1.753233764223788000e+02
-3.957488892075224385e+01
7.487612867830621610e+01
7.408048604055899489e+01
5.033435489929232887e+01
-7.666509555498407735e+01
-8.667392912701128438e+00
-6.400506437409443095e+01
-6.665375973079768812e+01
3.206202289933257532e+01
-1.477208166441924675e+02
-1.327623960677650530e+02
-9.257045583057935900e+00
7.385351754997526541e+01
1.591262655969512423e+02
-5.648117114481174639e+01
-3.235944686213443333e+01
-8.583232070952435322e+01
3.495971434321037918e+01
1.474901481677259198e+02
1.300913687058254880e+02
2.347709793127572553e+01
-5.577990787266714534e+01
-4.810980740848837200e+01
5.810461712535861523e+01
-1.395407084576637047e+01
-6.060584247990939843e+01
3.338890686690599807e+01
2.686603018270490679e+02
-1.532350619527192315e+01
-5.440630447289001026e-01
-7.623525182584027959e+01
1.929297003636695962e+01
2.335755818268643225e+01
1.418059020239569179e+02
7.976115627816496101e+01
-4.817448858416798885e+01
1.331440263177251495e+02
-1.021181549409329961e+02
-3.934077237984597986e+01
-1.611596129529293933e+02
6.604166346733063619e+01
-1.999774042806003393e+01
-6.717999756985243209e+01
-1.792190417508604483e+01
5.220580262371209557e+01
4.610308088301725604e+01
4.530990487845008374e+01
8.780643528304237577e+01
-7.020252028637304420e+01
-4.401352416639537779e+01
-4.650297523075670370e+01
-1.140274458801144419e+02
3.810530767224258319e-01
4.555686344410416666e+01
9.505888980436523639e+01
-8.206181778042700614e+01
9.603405140532306916e+01
-6.408770100107780365e+01
-8.313780365402385542e+01
-9.358160221764875075e+01
1.531690401300586473e+02
3.225181426920220673e+01
-3.866859154829538880e+01
-4.639082849416623588e+01
1.993689787286793376e+02
3.260329491582734818e+01
-7.195438213378245962e+01
1.469339363220063888e+02
-8.633781908175907915e+01
-3.685940601362365232e+00
1.019874099274563548e+02
1.331464961592925000e+01
-3.406461249988950613e+01
-6.997117823983002438e+01
-1.512713496890158638e+01
6.485994197849215936e+01
-2.298343733616419371e+01
-3.268524963144968609e+01
1.404909521683566425e+02
2.891673597329157985e+01
-2.404694406356173531e+01
-8.922177759110770978e+01
-9.989931460842633726e+01
3.059146170280926924e+01
-1.301024463275309984e+02
1.451100203279224843e+01
4.041894736076302053e+01
5.218301361988532250e+01
-1.464884107534167690e+01
-3.274623361877112160e+01
-9.923001911871141090e+01
2.664178251424448973e+01
1.003511519942421160e+02
-8.280860744845027455e+01
-3.962477512818810510e+01
-9.409529884001187838e+01
-4.230328736232930709e+00
7.308067175371510871e+01
6.526840820078298577e+01
1.040111052020037974e+01
4.139005821100852955e+01
-9.529852127192948785e+01
2.132469225812803160e+01
-2.151396683661637965e+01
5.056485171423624081e+01
1.092204704124557821e+02
4.037680217176585984e+01
7.522374730919017338e+01
-5.420769461815784496e+01
8.787931223602802788e+01
3.488153643968099260e+01
-1.110050137033475721e+02
-5.281243682224292968e+01
7.000558486145470738e+01
5.434328958437055945e+01
1.077374856944862245e+02
-1.305735953292635010e+01
-1.730423016610538127e+02
-2.957034775696886086e+01
1.127741681552135944e+00
7.653172153345954243e+00
7.275847910628387183e+01
4.681153940894449761e+01
-8.055588727307149099e+01
6.646540828199796636e+00
-1.762128637422599553e+01
8.034682535847428753e+00
-7.370614794992332008e+01
4.974155270703948695e+00
4.432178190374675353e+01
1.071722196133536755e+02
-9.337222773177262525e+01
-9.162152852129853642e+00
-2.358887489844759244e+01
-8.359034229392095483e+01
9.330473008622826114e+01
-1.865669796117617452e+01
8.068425063703456601e+01
5.269829279412915923e+01
1.293502090148185513e+00
-3.057630011378676116e+01
5.796366796444294067e+01
5.045059941936457903e+00
3.298904408026547230e+01
-2.786863186454644747e+01
-1.151844496818396237e+02
5.914568377776453900e+01
-6.208683584878595951e+01
-1.437916271831046799e+01
1.806838737062705036e+01
1.938692713585084704e+01
-9.572350579414903393e+01
-2.125927633287262530e+00
-2.537523620241816658e-01
2.251925986892752860e+02
6.021510111276176502e+01
-1.223338907543157461e+02
-6.280969113928243530e+01
-1.740078483889202232e+02
2.078830341543423721e+00
8.114994943940008909e+01
-3.123536600055976109e+01
-7.167631249035473218e+00
-3.028438941972197540e+01
4.536803947362233203e+01
-5.588408859647707772e+01
8.518783101628392274e+01
4.725838345144342867e+01
-4.493345025346046384e+01
-7.330521673196763288e+01
4.313433498199487559e+01
4.007775049175710080e+01
-1.729448525119029156e+01
-2.949705842484363316e+01
2.258364698271060078e+01
-1.371066040619092763e-02
3.517416980675378113e+01
7.505972339334755361e+01
5.075959888990197300e+01
1.338119672678837162e+02
1.379983941331242079e+02
1.855125140595091793e+01
-1.008945077507857633e+02
-8.459424337546181505e+01
1.205242773625238044e+02
7.031667613712087928e+01
-1.015209077929337553e+02
-1.253202810832638363e+02
8.703595188599021526e+01
8.140064734130501733e+01
-1.764775624404568077e+02
-1.141673518598459225e+02
5.382588476222846907e+01
4.298898316697221134e+01
9.015566115572416095e+01
-1.658577577137198205e+02
5.417210773747551400e+01
7.278585096043090630e+01
-1.273253892478056741e+02
9.950590083277562314e+01
1.189164542180054269e+02
-1.358212890360596816e+02
6.790056622927535557e+01
-4.242484166668017309e+01
-4.575228798303869127e+01
-2.564605660517018464e+02
-5.424677499232845435e+01
2.582718616908763565e+01
-2.485532823413491244e+01
-1.407606353309235772e+02
2.379300507688394006e+01
9.243915866633395240e+01
2.331286119404449764e+01
-7.241205485940135134e+00
-1.329741819343183273e+01
-8.515560401324962925e+01
1.135799627090104025e+01
