7.086838512453401506e+01
-6.006791019913658403e+01
-4.728535800938868761e+01
9.295361715693081806e+01
-4.034636788119523487e+01
-4.572523524275818829e+01
-8.832238143049269752e+01
3.242022609326128446e+01
-7.883696963923480183e+00
5.718637334393397254e+01
3.833588383376633857e+01
-2.177488309521863812e+02
1.991010787276450955e+01
4.059559138495311004e+01
4.166000908598111607e+01
7.110592655383413785e+01
5.186986139839471832e+01
-4.278307353783623057e+01
-2.041077306075158049e+02
9.347453472982095946e+00
9.571881423493061902e+01
-6.406706451180100714e+01
9.599881012584456030e+00
2.806813278736505524e+01
5.657855858934208726e+01
-1.988952692817957484e+02
1.832194708882569145e+01
1.255966078632753913e+01
-1.233386989371547315e+02
-1.379905208042838183e+02
-8.066995575089295301e+01
-2.577576325323527229e+01
3.217658343088832140e+01
-3.272131566877397546e+01
8.470408785820517039e+01
-3.935733421878003924e+01
-3.467543319343158714e+01
-1.170346047868560113e+01
4.401190233218459014e+01
1.931842792243297708e+02
1.623416703057180825e+02
-9.434086539338463240e+01
-6.525829598302583179e+01
-4.055012407435737742e+01
-3.719978898071340634e+00
2.323980325656605928e+01
-1.557364893656878451e+02
-6.352907443594744308e+01
-5.732809369804520827e+01
4.705832999411683915e+01
-1.133333489867014947e+02
-6.759826237154943840e+01
6.081074900659961457e+01
-6.899381362172742627e+01
-8.879158589805463464e+01
4.348455502265237271e+01
1.017344160222441189e+02
-1.046496108294998173e+01
7.013712981489345566e+01
-3.390398004191605530e+00
-3.182934851354009353e+01
8.119886074982659352e+01
-1.883794278288863495e+02
8.716296394531651970e+01
-1.774231511497680813e+01
2.114992486237265439e+02
9.165178659097014346e+00
1.319125299553555237e+02
1.077047447031507943e+02
-5.736260818626676894e+01
1.105853879506038169e+02
-2.665067875190680269e+01
-5.321307675751504718e+01
-1.074158279699530993e+02
-6.783426595108366097e-01
-4.659362258259209000e+01
5.369115069041738764e+01
6.241158176028582716e+01
1.786712355177800760e+01
2.208715824462211970e+02
1.554662635820670573e+02
2.781739697687152102e+01
7.778488313989912584e+00
-1.890712949636963813e+01
-7.226508974422728215e+01
-9.529192439270204318e+01
1.562419396805485050e+01
5.059057402209988652e+01
-4.454309226209426242e+01
-8.329113228074231756e+01
3.939324708355443505e+01
8.126119893573174124e+01
-9.887095269818283327e+01
3.875194836634312878e+01
5.575184566785286933e+01
-5.996633700046233173e+01
-1.993187826186267486e+01
-9.166478778084558598e+01
-1.431660713520542494e+01
1.152516992319829114e+01
-6.126158549953389354e+01
5.512484662839649729e+01
1.094124785279129242e+02
1.361581682675201534e+02
-1.021665697143170064e+02
1.504859729117239198e+01
5.670860976640337725e+01
-7.873585233245243842e+01
7.234086179697230534e+01
5.380672208647509080e+01
6.284859493401752673e+01
-5.928526608302224332e+01
-4.861669530729042066e+01
-5.836087219405883530e+01
1.189414593535629763e+02
1.029453682744094749e+02
1.753701544862295520e+02
1.111764813104532479e+01
1.290369251169891918e+01
-1.634564746533217416e+01
-1.442453119087593620e+02
4.425295631630380910e+01
7.232919963738549995e+01
-1.220583863526785251e+01
-1.334099344103521787e+02
-7.712714955789788007e+01
-1.347417790337498786e+02
-2.853472134652646819e+00
-5.638482815740469789e+01
-3.173481941316289223e+01
1.581196940156445692e+02
-7.972123748728263593e+01
-4.802951345465874766e+01
-4.949275777832998813e+01
-1.311298584673182077e+01
1.023374407061665892e+02
1.848960642682658673e+01
2.576435820992868742e+01
-2.097252871251912723e+02
-4.638174335616488975e+01
7.420562480661249083e+01
-6.089575338826395523e+01
-3.721086419967728176e+01
-1.033249272035346280e+02
8.905324324453521001e+01
1.948177382407501455e+02
5.016557507225670065e+01
-3.430029332864268810e+01
7.000573395620850192e+01
-2.128683660609438562e+02
9.740351368752351391e+01
-1.363746693863576276e+01
1.834785857614089011e+01
1.620988538474585017e+00
8.346792976204407921e+01
6.178235514201739420e+01
-6.181263927080738796e+01
1.076496045328721607e+02
-1.084914537224420172e+02
-7.221912573166139104e+00
-1.016838926115459572e+02
-1.668102517931598072e+02
-1.327387204885730796e+02
9.528324850819353742e+01
2.997994224540074981e+01
1.351023296328786216e+01
1.716034905023581985e+02
1.594280331974003673e+02
1.298373992921580111e+02
1.145061274629170889e+01
8.572481142651817265e+00
-1.058363953792445633e+00
1.379735069005754724e+02
2.775923800491832694e+01
-8.290928564897772901e+01
3.887047580322430207e+01
2.199708553588934734e+01
-6.044618195761865564e+01
3.894715807913736683e+01
-3.813272048452490282e+01
-2.209245154429756397e+01
-9.000380083513707064e+01
-9.602107974968349424e+01
-5.243371195541629959e+01
-1.640946573737307688e+02
2.111346302577366885e+01
-5.950209731368455124e+01
-2.286803598259567849e+01
-8.834927553844150339e+01
-1.174255265892264077e+01
1.169538882852325941e+02
-1.384828239507569947e+02
-2.683441585843335275e+01
4.974704951210338777e+01
-1.602985320670976677e+01
-6.022294359633533389e+01
-3.883968221704625279e+01
-2.525274962838319937e+01
-1.944348037056870382e+01
2.796594429029858553e+00
-7.327831784081882915e+01
-1.043567683031691189e+02
8.669433568457344563e+01
-1.711929274346243517e+02
-6.003005561151246638e+01
-8.166301557264546318e+01
1.571018851727511958e+02
3.856412697437677650e+01
4.030123234817091316e+01
1.294504050947691951e+02
-1.814976852614059766e+01
2.115890419561641522e+01
-1.066492960252062616e+01
1.304032298486797803e+00
-2.497230749454382703e+01
-1.351761911421763784e+02
5.156299646447889273e+01
3.775008697753315712e+00
-1.406309201180573041e+02
9.034674525650680721e+01
3.254679476457546627e+01
1.794589863953956410e+01
1.581722373282752017e+02
5.055909586104505138e+00
1.052248266650591901e+01
-2.979899294937204601e+01
-1.547378823144491093e+02
4.914797440750823654e+01
-9.580495721403792686e+01
1.099121995420000673e+02
1.619597633340484322e+01
-2.505455110021584630e+01
-4.864812491257673344e+01
6.792502431766322957e+01
-7.610860233334793001e-01
-5.090406745464612470e+01
-1.436400830308269292e+02
5.953905439445325243e+01
-1.299765486010721816e+02
8.538473096457678935e+00
1.006217961597616863e+02
-6.168403152166177073e+00
6.578121698385726290e+01
2.245362363390198723e+01
-4.936599591058734404e+01
2.707351989663143499e+01
1.122128578536122916e+02
-2.290502142989295820e+01
8.851324205288568692e+01
-6.272656499594475576e+01
-2.038446024424820280e+02
-7.138334479408952937e+00
-7.514019963077900854e+01
-6.354649153230163705e+01
-7.587420471617237183e+01
-8.660422159001679887e+00
-1.194449771384270917e+02
1.326534976034880060e+02
6.744080862390797293e+00
-6.034315200538710400e+01
-2.499290637684636884e-01
-9.437138034639941964e+01
-5.388506368892297616e+01
7.435852128358482105e+01
2.087868673009744214e+01
4.312367443132406208e+01
4.315463757064301831e+01
-2.349298299087879016e+00
7.976997284018973744e+01
3.405572835923669572e+01
-1.223944673118825506e+02
-1.107965666453338400e+02
-9.259694277754678637e+01
-1.095108921727781848e+02
-1.352508801694498288e+02
-5.957362565155978729e+01
-6.099973273097868542e+01
-8.148045467559852284e+01
-3.252357871812285595e+01
2.620180300536444307e+01
7.734353869403504689e+01
-1.491104066585081966e+02
-1.306187612308790236e+01
-7.709087071119367351e+01
2.933949159930007866e+01
1.594913365314707221e+02
1.744204071816231760e+01
-1.006728153918395563e+01
-8.759271538514997246e+01
-1.694842972572681958e+02
1.461239924005485413e+01
-1.165340725909673267e+02
-2.763923380081383030e+01
5.646706181321199125e+01
-3.670635149570745881e+01
2.845611745165696505e+01
7.488733140743151750e+01
5.764796051568894342e+01
2.987518425298868863e+01
9.402337242276631812e+00
-1.272005946355216395e+02
-1.916468502178617683e+01
-8.533186524546660223e+01
-2.849065706916296037e+01
-4.187249696597445592e+01
1.665966051940066528e+00
1.474098110987346502e+02
2.122437732714041303e+01
-1.107188352277547381e+02
-1.488310170034189355e+02
1.010410866409277872e+02
-9.366396532405164521e+01
4.279620357070390924e+01
-3.555611092057402089e+01
6.803885258892120191e+01
-1.541172433998791007e+02
5.189106417372683211e+01
3.127546168834851414e+01
7.265315815267255672e+00
-3.881398242058925518e+01
4.817151257494317207e+01
1.889509882177260351e+02
9.535639420686690926e+01
2.043003631206054251e+02
-1.563168869153751217e+01
-6.189533018250813257e+01
-6.708956074395973701e+01
5.056445454320246569e+01
-7.929339382543122383e+01
1.880691277885917501e+01
-1.434608484851310983e+01
-1.641264850578691608e+02
-1.672076693670988448e+02
1.165644869175527276e+02
-3.018110291557884395e+01
1.450648988312818233e+02
-1.394337695042023917e+01
8.124160981637851364e+01
5.729986882134122794e+01
6.587109067952049202e+01
9.728468790920102549e+01
-3.133648473035589177e+01
-6.017618193324697984e+01
5.004858316660686057e+01
-5.414177620612274211e+01
5.960483487658181900e+01
3.272948612289743409e+01
-7.573133939334898912e+01
-6.406604831504328956e+01
-5.972996081168195914e+00
5.367292273479044695e+01
9.533855114411213094e+01
5.421135503488546448e+01
3.981855043323120213e+01
3.981122603267502669e+00
-8.952391231577814779e+01
-1.261080357690526483e+02
1.535659832801939331e+02
-3.962871039156122777e+01
-1.530586993105117877e+01
-1.353444164788599746e+00
7.296137381326856541e+01
-1.660171293307894658e+01
1.249108294755572945e+00
-4.410827362354350356e+00
-6.480177358356910133e+01
-5.422068846682527266e+01
-1.721544845445530143e+02
2.360999034104233374e+02
-9.942010860832552055e+01
1.550112681501902898e+02
-8.163917947273202458e+01
1.037897947213709955e+02
1.143202951860097372e+01
2.405065556406227145e+01
-6.306704326335855626e+01
1.019133397035748914e+02
-4.301525611061894949e+01
-2.200497514166586654e+02
1.551203650171581039e+01
2.197754135564613875e+01
1.116205422850464579e+01
-1.810054898389427080e+02
-1.296568238351734976e+02
-3.627612718761905342e+01
6.336721522503648174e+00
-1.219032271191067309e+02
3.571623831208418665e+01
-5.853571181325410322e+00
-1.214003186322716061e+02
9.286611898952361344e+01
6.463442449305465232e+01
-5.043634094845494076e+01
1.550914739923348691e+02
8.838180427838535635e+00
9.811937498474088670e+01
5.388632298406677990e+01
3.157338656243928199e+01
-5.888023909530581790e+01
4.583918313878083950e+01
2.135346996654062934e+01
1.669705749037651401e+02
8.943342279973514053e+00
2.734734834852657315e+01
1.538915982501245310e+02
-4.826461379572396027e+01
2.934159572704594865e+01
2.041757065150030570e+01
1.659551036107116033e+02
-6.202196761954021298e+01
1.145124218907568263e+02
1.004331301287210820e+01
-1.076126715795232514e+02
-1.917306030368592218e+01
-5.038158005112706661e+01
-6.414981371171505486e+01
-7.714204495106197612e+01
-1.984662881376074495e+02
-1.464636121737594543e+01
1.261131213359879055e+01
2.884794208862258813e+01
-7.807356062867948765e+01
-1.561079339619735151e+02
1.922819006425330102e+01
7.835133581864236874e+01
-8.188971787514530831e+01
-2.364892377770432574e+01
-7.619787670617016317e+01
9.059960594538390311e+00
-2.280961650535563834e+01
1.032439685890118426e+02
9.751045261068000514e+01
-8.835326094469974123e+01
4.557898669572011841e+01
-5.484443322728841252e+01
7.281027928459430143e+01
5.207457432150608412e+01
1.156534135397682661e+02
-2.319150781143173390e+01
1.272903127757280295e+01
-3.944642423638172346e+01
1.033164673410852998e+02
-5.472748090798097564e+01
-5.455784613270440531e+01
-3.406855673049983579e+01
2.590009688990911130e+01
-2.446541150375026064e+02
-1.939129839866656368e+01
1.126061618162929179e+01
-4.886490333952205845e+01
-6.354915548898484090e+00
2.528023966236589004e+01
-8.067953523622362866e+01
1.623324422263678102e+01
3.315405230109550416e+01
1.174221236639073851e+02
-1.182262124554585796e+02
5.393726259167552683e+01
-1.450667309494579342e+02
-8.672196204452060897e+01
-1.209729904207772648e+02
-4.307423579442090045e+01
-1.649531113444187569e-01
-8.870970224862404052e+01
1.292654834721654211e+01
-6.202223825900191656e+01
-2.572597587603521863e+00
-3.027025264727780041e+01
1.037579087863271212e+02
-1.733197361682473314e+01
-5.244242806826167680e+01
2.311080442746557040e+01
6.858769429758024216e+01
-7.133759503816234826e+01
-2.526262288493100883e+01
1.705880781219551920e+02
3.935932381556887805e+01
-9.281460809963010661e+01
5.419192530185340217e+01
-4.118361063825247470e+01
-1.426593640236943656e+02
1.516239736792581461e+01
3.181931526514287256e+01
7.812212080626417787e+01
1.043806229458634220e+02
-2.318168759609524159e+02
-4.321319332357946053e+01
5.158305063637285315e+01
-1.220457814763882425e+02
6.886429548182771043e+01
-2.591174040473007167e+01
1.264473817152356361e+02
-4.928532242685953690e+01
-8.006617437143799521e+01
8.254018677869737530e+01
6.460442717334017004e+01
-6.706176546577475506e+01
1.147722826752268332e+02
5.112779081921551239e+01
-1.460200373209362681e+02
4.822999070841615321e+01
2.015561289476565676e+01
1.142312848694885759e+02
7.369740020983086026e+01
2.756672028518678985e+00
4.020882534081128057e+01
-1.093379122283247114e+02
1.438548571242400556e+02
-6.088956846070409767e+01
1.398158993983212213e+02
-5.694187260274985452e-03
-9.061815814436674543e+01
-7.578392226442582569e+01
-8.794630325619280597e+00
3.237797821688226207e+01
-3.375056078438132090e+01
-5.109264369481948620e+01
3.608706390114696205e+01
1.463247346669894355e+01
-2.600428140855608490e+02
-5.239931297263616017e+01
6.654793800477330379e+00
1.989669989400832506e+01
-1.575850078909337810e+02
-1.187059481351828083e+02
3.475936349960976912e+01
5.682117044688020258e+01
1.707489264505523749e+02
6.548958237189447118e+01
-1.287353367739020484e+02
-5.430456383182176161e+00
3.842351927532968858e+01
1.108668251724549769e+01
1.008664820127081008e+01
4.627010742760488426e+01
-1.878833014654036759e+01
-3.380702561007375095e+01
5.620392916218506230e+01
4.053533003763944009e+01
-5.014330398219192020e+00
9.766791131104703538e+01
-1.364876295779635029e+02
2.262212358281711317e+02
2.275600470085606730e+01
5.970041446231619631e+01
1.330861899252939509e+02
6.480748695372169266e+01
-1.139632878249383907e+02
-1.604780781337371991e+02
1.516831605360920321e+02
-8.790719746949986302e+01
6.481675070178829046e+00
1.635729880178951490e+01
-7.865676102956663840e+01
4.522052112603967089e+01
-4.659912791150332367e+01
7.795470707067516969e+01
-6.679470256418326812e+01
7.912547841670875926e+01
1.441009028697050951e+02
-1.199278233168890750e+02
8.163100667357961981e+01
1.444056975873396880e+02
1.019362117916475654e+02
5.800826566064630896e+01
-5.247597322417796306e+00
-1.395078188046655328e+02
-1.299492998255234113e+02
1.295446284338392786e+02
-1.852581414742831001e+01
7.688105262727449940e+01
-3.857872827821147865e+01
5.543500804308368402e+01
3.776642388010703399e+01
-8.227057860496356057e+01
-9.729507829790246376e+01
4.306369051209927967e+00
-3.818966217821684239e+01
-1.493860815035343492e+01
3.978513454883852773e+01
-7.295693122290911958e+01
8.537523184450881431e+00
-9.709142723322731428e+00
-4.087195465739911526e+01
7.129522829470255729e+00
-5.613870900731495794e+01
-7.518069869992946508e+01
2.022993109945757055e+02
-4.962104251565133239e+01
-1.361497930933418559e+02
2.146140936067388694e+01
1.894407431607399985e+02
9.251189692940555176e+01
5.138952688027131188e+01
1.791216806901812930e+01
-6.277585926771712366e+01
7.757722452542118674e+01
-1.609178920522744605e+01
-1.614426595384122720e+01
5.481956754822693290e-01
-3.228031933544790633e+01
1.529925717796587321e+02
-2.984870708445882670e+01
-1.287016567856051665e+02
5.126689747168148159e+01
1.095006897955205893e+01
1.540481329161856934e+02
4.783813854411863531e+01
-1.749698861135114925e+01
9.436171198412263550e+01
1.977426735232914012e+01
-8.360607112287738119e+01
1.359115883701665553e+02
-4.185542461490896926e+01
7.071835221361253865e+00
-4.785107181783653374e+01
1.373554587160101903e+02
8.094163820450667401e+01
-2.440535563148922904e+01
6.075502485538623887e+01
1.245232060707679693e+02
3.388658794540074126e+01
5.567565536531694903e+01
4.580070926544792798e+01
1.411153301608820776e+01
1.282325142131404334e+02
-7.157912000237297434e+01
2.389689621631585226e+01
-4.249932789614666362e+00
-9.288679448943636885e+01
-6.600470021128173492e+00
-2.130360087144335424e+01
-2.354916543814790231e+01
-2.502832558334793589e+01
-8.169766120921693187e+01
-8.534453973203811472e+01
9.848763511716899188e+01
-1.578158972268097671e+01
-2.027061345639726397e+01
3.642962170885098061e+01
7.700425799717839936e+01
9.063962054780266442e+01
-3.746777378528733493e+01
1.572258797353392481e+02
-8.085421877268119317e+01
1.440698362988248604e+01
-4.202054941102169039e+01
4.906983543356615485e+01
-1.969579568850102547e+01
1.184801759491889328e+02
2.382739769693818133e+01
2.646612547964504625e+00
5.771478793293828957e+00
2.068744730710497493e+02
3.216251122111371075e+01
8.274441182507049630e-01
-4.491231000655275807e+01
-4.371005396198858506e+01
-8.018852802720785178e+01
-1.521643169810799101e+01
-1.135994028132674458e+02
-1.189259796828832094e+02
8.956555720159184375e+01
-1.269804237760047414e+02
6.142741250868414227e+01
3.546016932888438333e+01
5.496549916253608359e+01
-7.076964926055913452e+01
3.901326203886070232e+01
-2.739698468315252544e+00
-3.730694424351700889e+01
6.135608834557677937e+01
3.374447583923166860e+01
-1.588140774550168466e+01
1.466342245098358603e+02
-7.783640638451619509e+01
8.494093982211130367e+01
9.265206941751040404e+01
1.905768565374908690e+02
2.937508239665698184e+01
1.508287048429403043e+01
5.680669211832790921e+01
5.784469528194671284e+01
-7.254065152897287305e+01
1.807726268391189421e+02
-6.940074943094403181e+01
1.895877123145982068e+01
3.814526076618258710e+00
-6.360434894023573094e+01
-6.598032313535122739e+01
-6.443648416413147118e+01
8.614233346979432326e+01
-7.393198145636908691e+01
-1.874150764112859946e+01
-1.399243721986698752e+01
-2.411227420147113776e+01
-1.130519894744660263e+02
-7.267322928924787817e+00
2.146197789547247226e+01
1.154293322156734369e+01
5.153290608619296442e+00
-1.079081613879610480e+01
-4.789904362803057580e+01
-1.174666928405123940e+02
1.839417694532920393e+02
-1.313172959777414803e+02
3.357026921615088355e+01
3.900366714474618846e+01
8.201674825890351883e+01
-1.109911897030721235e+02
-2.509085289890781922e+01
6.848943311165245973e+01
-1.111827788580463618e+02
-2.293938819729132206e+01
-9.778079269524553752e+01
3.557907676400152752e+01
6.387891563954940466e+01
-1.440966191445727702e+02
7.576110530494452178e+01
-8.278355317713237582e+01
5.311381709899816883e+01
-1.200269732248085859e+02
5.986307995419781491e+01
-1.406511012635541817e+02
1.913225626667609447e+01
3.287604690532811702e+01
5.349877334579057475e+01
9.256346440397605591e+01
-9.838314327793486314e+01
1.305350807350843354e+02
1.078782475509413246e+02
-2.830290863875603335e+01
-4.099784607240033907e+00
1.739845422121277707e+01
1.384897068046009281e+02
2.043770140723408701e+02
-6.363507719621560454e+01
1.831440469059059239e+02
-2.091726112836716922e+01
-6.885993372420483638e+01
1.443010649806639023e+01
4.411341873141059722e+01
-2.594863438496040686e+01
-4.331188939829420104e-01
1.981685316932575631e+02
-9.772824524945497160e+01
2.834788375524842508e+01
5.240763416456244528e+01
-5.498059334491657779e+01
3.035311123005761047e+01
4.607332616143600035e+01
-3.531296639150576055e+01
-1.828391134433096710e+01
5.771655711600155314e+01
5.342182151212655583e+01
-2.287072862978637886e+02
7.595910086239727832e+01
4.863902194798693301e+01
9.289432735331125457e+01
2.404820936324081160e+01
-1.673159270182189005e+02
3.222727139008009800e+01
-4.176464780636798935e+01
-3.565682158178400130e+01
1.719294808098288456e+02
1.605932690340067950e+02
1.206000604846010020e+02
-1.156727778629259689e+02
1.427076668632613554e+01
2.599278479982383061e+01
-4.372082899617683438e+01
8.966222176324026805e+01
-1.117866918476260736e+02
-3.830970409435901303e+01
-1.272811369143311744e+01
-6.563285275343622516e+01
-2.855744026929961521e+01
-3.345647470810042279e+01
-9.783261253307868799e+01
-5.350994062257359474e+01
-6.420199771857534188e+01
2.522900960862386022e+00
5.455911068738051739e+01
2.617134256423300087e+01
2.459392137984770343e+01
6.361352635597253169e+00
4.482279035593580829e+01
3.272909501826640088e+00
-6.620181001817593369e+01
-6.939840804174940558e+01
1.391682481299875747e+02
1.647388787929984844e+01
7.561547945998590592e+01
3.867281090336057048e+01
-2.894022234875077970e+01
5.760908935158585820e+01
1.259950273774443552e+01
-5.086103738750257719e+01
-1.518690790863083180e+02
-8.064608918496743684e+01
-8.733878693966781270e+01
1.159645836451602179e+02
-5.143188374792828199e+01
-1.344110044544648996e+00
-7.301741638161764136e+00
-5.712025350970368009e+01
-2.349645291464129215e+01
-1.540192865285815671e+01
1.834943760585717243e+01
-2.876716036848827329e+01
-1.658709929594284205e+01
4.143015155488612322e+01
3.225112867785606596e+01
1.306363892289416384e+01
2.652564474465073019e+01
-4.631558350538296764e+01
1.647812339231139447e+02
-4.287405495511871578e+01
5.672495057372245952e+01
7.543257692400469239e+01
-9.002124057967128579e+01
-3.329816738139794730e+00
6.889506097618892966e+01
-1.265246961276671271e+02
-1.662365723641338278e+01
-8.167732548350631561e+00
9.554074505844270959e+01
1.165508650883279671e+02
-9.431467955358696997e+01
-3.447964197610311032e+01
6.692638091331586736e+01
-2.020373521189740629e+01
-8.665691838615970255e+00
1.048463881756331659e+02
-4.498262920153844391e+01
-1.558332011543826923e+02
1.007657099506581204e+02
9.214080923645234122e+01
4.790254332358276024e+00
1.583364026898147792e+01
3.639374695859367392e+01
3.156361273977110926e+01
-6.401563822894965483e+01
9.363738881676579240e+01
1.695063047661567524e+01
2.130995482921541964e+02
-6.576593710443719942e+01
-6.076979215382251454e+01
-4.328062787481032814e+01
-8.541082228165231527e+01
1.324329817515979641e+02
-1.171907200057779264e+01
1.478067269997131064e+02
-5.968306378232919229e+01
-1.578952340152566478e+02
-1.451922890572583071e+02
-7.822302606018111248e+01
-1.018998683479837553e+02
5.785115602627613640e+01
1.150791158632786022e+02
6.176047758800653042e+01
4.593012700886787769e+01
-5.208757773910323152e+01
2.418204528435234977e+02
5.480166740468106923e+01
1.401925581194678045e+02
2.291948646001734247e+01
6.793995499875206123e-01
-3.726332013696156054e+01
1.041522227427768144e+02
-1.003551573684761848e+02
-4.454336846745124312e+00
-4.962130472844059170e+01
-7.319047457885494623e+01
9.507788869105175422e+01
-1.980012502876285510e+02
-6.105595578479767482e+01
-5.752535423978198992e+01
2.625750820695449050e+01
2.486171962173160832e+00
2.349887159950253235e+01
7.357474279935675376e+00
9.295032346066497553e+01
-1.660267513246108351e+01
1.456680201497922553e+02
5.386201156707146964e+01
-1.114387547396659670e+02
4.971952020128548355e+01
-1.289819438986600630e+02
-2.365918049637645293e+00
-4.190181194979361123e+01
-4.108234992406643471e+01
5.115030855663023956e+00
9.528574959726743998e+01
1.043959320498511012e+01
9.204204167766467037e+01
-3.500119838583341636e+00
8.075118720734953115e+01
-1.491596442498294266e+02
-2.144065449416733884e+02
1.784072658402459126e+02
-9.732073184292103463e+01
1.071698248235395710e+02
-4.535759811111025996e+00
-7.587198916871471965e+01
2.313160683405802942e+01
-4.017550215740780573e+01
-7.459553134058268142e+01
-9.056002550450688915e+00
9.533022062566678301e+01
1.030846374803982428e+02
1.069364769673969562e+02
-1.436282785451341226e+02
-5.229071037117030585e+01
2.510939623954723032e+01
1.686131001214178937e+01
-2.919893907148443191e+01
-2.355314464843858602e+01
-1.493794228490554019e+02
1.149852102293289136e+02
1.091383387370420053e+02
-1.609916916808852072e+00
-3.792616409222065954e+01
1.275172132106839484e+01
-1.130678495074322321e+01
4.724414476785393191e+01
-1.167166341993399499e+02
8.113530909965146520e+01
-3.248157149801966348e+00
9.599486055316901911e+01
4.450602625944649304e+01
4.292926238173630082e+01
1.713279164757482320e+01
-1.251729477472016754e+02
3.179573006122825518e+01
-1.406630711587117588e+01
-4.215875679267513387e-01
5.062459806752213609e+01
5.965855141109575044e+01
-3.846376124994496593e+01
-1.032416861706658153e+02
-3.793489383017747230e+01
1.824128562622373195e+01
6.123898927479818610e+01
-1.609311326787945617e+01
-4.008547971278021294e+01
-6.409234540193618557e+01
-2.598275785380611183e+02
2.644722430894620757e+01
2.307076523749086618e+02
-3.811879593936399147e+01
3.084714513106827383e+01
-1.153308638794374161e+02
9.007582518472101185e+01
3.453091674152614132e+01
7.155684002919154807e+01
-3.456378281582836109e+01
-1.360614202340521217e+02
-1.289812919843217855e+02
1.604358990909848899e+02
4.617539982415698319e+01
7.140748556252492563e+01
-9.735369684581510796e+01
7.815371456965988273e+01
-2.565439499453618311e+01
4.214989489232382880e+01
-1.292493477000787436e+02
-1.568835260005642169e+02
-4.224546929499359749e+01
6.412467907611143403e+01
2.597266017982799546e+00
-5.996150598319514557e+01
4.340482335516362866e+01
-2.843234867489698114e+00
-1.341600355494163921e+01
-1.267389277045574829e+02
-1.182306746306086751e+02
-5.170734957730318371e+01
-9.545998973908126572e+01
-1.490386886406035103e+02
-4.881231340858170142e+01
-1.980924222204631633e+02
-9.395320654946907268e+00
6.025113188386951180e+01
2.445654126717982422e+02
-7.180139974513471657e+01
9.687983472947284724e+01
8.792017702940071899e+00
1.271588156546540631e+02
1.061924012236080870e+02
-2.713002104347347654e+01
-8.764039566673849890e+01
1.517205563716101153e+02
7.386567448587962303e+01
-1.417238117098490591e+02
-1.104541992895416911e+02
-9.769405934356150567e+01
7.873813567998671203e+01
-1.096703230290817714e+02
1.267133243148110324e+02
