5.422842551927606536e+01
-1.474709284656583463e+01
1.352573444226972832e+01
1.718032922813294476e+02
-1.390949620930713309e+02
-5.395283587466425956e+01
1.527812277089084887e+02
-6.304834452988492899e+01
2.303475098618460777e+02
-8.056165858573855587e+01
-1.482633707079302496e+02
6.398854503417696549e+01
4.137805642503516879e+01
5.859574663506253955e+01
-4.692851931781104469e+01
2.548095595680098135e+00
-4.632999446654929443e+01
8.102188410133997820e+01
4.943911281324591300e+01
1.614308712439768101e+01
2.974850477304068619e+01
-4.962247992679532160e+01
-1.508725731899475875e+01
-7.933489504772349221e+01
-1.000057206894107509e+02
-8.076265099235238054e+00
-7.835585458233822465e+01
9.836378097540531940e+01
-2.764162288061665862e+01
-1.630761379900679913e+02
-1.084489490564119585e+01
-1.319686460687334488e+02
-5.923487624702826082e+01
-1.689901328516870649e+01
-1.884530094444761517e+02
3.808387519478356964e+00
-2.162125656307387374e+02
9.449635652185786228e+01
2.288078376657842838e+01
6.280948294785815023e+01
-8.101657253414605853e-01
-6.494858030955218453e+01
-1.893761494901579567e+01
1.315077605307989828e+01
-5.639402083535362920e+01
-2.539809748755388785e+00
1.322511125896284625e+02
1.585617335777888570e+02
-1.622987231908821286e+02
1.732263253092066080e+01
6.060387985446003967e+01
6.293929177967105915e+01
-9.441197784976313301e+01
4.651841597604341416e+01
-5.274121711269636137e+01
5.165293292965184691e+01
-2.700561132734233070e+02
7.079018677283185923e+01
1.970213087997464196e+00
1.114892461844767801e+01
8.293851358153101216e+01
-2.569317665698678184e+02
4.398036285246107013e+00
-5.801800932112139009e+01
-4.959932546924542862e+01
2.162633066370360382e+02
-3.403134723747776924e+00
5.418756683767980320e+01
8.264945853580618973e+01
1.701718679921214630e+02
4.191357956042219968e+01
-1.085079753473663544e+02
-2.845780257757642318e+01
3.412603061238424118e+01
-1.000239358234008193e+02
8.706811792417434503e+01
-1.517177224634861155e+01
-1.600687616858902018e+01
1.502945142209278551e+01
1.000613107000050945e+02
-4.498925915117595054e+01
5.394297406489678082e+01
-1.221805058667517159e+02
7.311294822191537435e+01
-6.278441102877487623e+01
-1.173801223767570718e+02
-2.087491860221003890e+02
4.749078609925519601e+01
1.268441310329508411e+02
9.487390993573082199e+01
-3.102226005040592938e+01
9.592055835620288917e+01
-9.879588862614816946e+01
3.991032537893840715e+00
-1.544917379087167930e+01
-4.757471440440664878e+01
6.914645446616117397e+01
-5.280721755160062258e+01
-7.202270530177291619e+01
2.800728951025504543e+01
3.416262588331306205e+01
3.278634539243488888e+01
9.073768872542888175e+01
6.185528786766931830e+01
6.654552031143401791e+01
-3.574836194194647732e+01
1.349554928524665165e+01
2.680572474246597636e+01
1.198088510773415862e+02
4.428975847278697131e+01
1.751599541417818173e+01
-5.538775646425185784e+01
-2.341575909026148494e+01
3.213526541266731584e+01
8.397938261409311878e+00
-2.812415351720479961e+01
-1.768484667601023830e+02
7.140605966164210372e+01
-1.431311521579228838e+02
6.155789602669043603e+01
1.266466611164062783e+02
-5.612982275131432885e+00
1.355146116363330577e+02
5.169027325792871608e+00
4.392967521149102339e+01
5.521457783019381793e+01
1.058526859278344432e+02
-1.346873367716141843e+02
-6.239560919122477856e+01
1.073986121387488026e+02
-7.923966489320548590e+01
-5.888928020276994246e+00
-1.126841959178581192e+02
-7.701137315616543333e+01
2.600241480061572119e+01
-5.908126512402048292e+01
-1.043815523228709852e+00
-3.551195044848424942e+01
3.801247061967065122e+01
-1.298950261097885459e+02
-4.895508237882660652e+00
1.799318088378042546e+01
2.304466864018805836e+02
-4.668677334847608051e+01
-7.519248644538246928e+00
1.709679538503963272e+02
-5.142304918219483056e+01
-4.752339517715250850e+01
-5.952095084075277498e+01
6.998853228488178502e+01
1.473554944999475822e+02
9.523537467942514922e+01
4.565685379535850785e+01
-1.356093510038260490e+02
-7.815933418143806932e+01
-5.204424263519460681e+01
1.079868886964579531e+02
1.370021303744278214e+02
4.249318843968137571e+01
-3.639204681526184970e+01
1.798188466718506788e+02
-3.766764160738814837e+01
1.259637898394459938e+02
-1.530636827546984691e+01
4.806356413733232102e+01
5.980349727280435701e+01
-5.114645641367832951e+01
-2.078574448947176023e+01
-6.369811263605870977e+01
9.018761993546179667e+01
-3.335033630655725112e+00
9.474464509467624396e+01
1.037538164532295610e+02
9.352803855231284214e-01
2.349514720280317093e+01
2.297877555382988746e+01
2.450512899724209603e+00
1.245823125852377160e+02
-7.573236739066565804e+00
-1.223149372128604639e+01
1.214173850992162755e+02
3.185935839107504108e+01
-4.073132953558875613e+01
7.713211350215470929e+01
-1.029118808136505123e+02
-3.702058070777947307e+01
-1.661924938072360760e+02
6.309793180759948683e+01
-1.765520817772065243e+02
3.731356691887329902e+01
-6.316876584737691047e+01
-8.161160937446273067e+01
2.855656674111599624e+00
6.144357669986354864e+01
9.572239955647982868e+01
1.706299795561766928e+02
5.866595811314804898e+00
5.009157979696377794e+01
-1.264261977667239876e+02
1.386503969537731393e+02
4.174605293301833164e+00
-7.912999231433691705e+01
9.246805504843985091e+01
-3.366594356214607675e+00
6.837119300386196130e+01
6.073428675332412041e+01
-7.346128212698266680e+01
-1.053667820470265610e+02
4.732338247597525083e+01
6.610118573207483195e+00
1.040433056246802295e+02
3.197564955343714388e+01
-6.157950085543620844e+01
1.256271275874225424e+01
5.666535106500788288e+01
1.637363680129871568e+01
-4.797523873646063919e+00
-2.444703823304642754e+01
4.081566170953648154e+00
-2.472915957022375366e+01
3.058243473929448086e+01
-3.266679106422134282e+01
1.123923063398310802e+02
9.393520038751616141e+01
-6.086940241414293951e+01
-8.738559417193198442e+01
9.300385099981671999e+01
-4.069605160009727030e+01
1.128452826429865752e+02
7.823940247522876312e+00
-3.165781120601277010e+01
1.693172480329079121e+01
-1.587086016414829430e+02
-6.508226359324166310e+01
9.651596061306425156e+01
-4.583231686828017359e+01
7.114442299782000134e+01
-4.851950961556162412e+01
1.145643881457685040e+02
2.561872994647797341e+01
-1.100635000971583963e+02
1.032147139572689731e+01
-1.650043915328078583e+02
-3.419460171501324197e+00
-1.167128896110893663e+02
-1.243897418749169219e+02
-1.195669562080684472e+02
-7.386569237785077746e+01
-2.204148100819784517e+00
-3.389384966554327860e+01
-3.914485749082875543e+01
-9.689180090520224553e+01
1.014490935699190857e+02
7.133510148692003838e+01
-2.120128693578910983e+00
-1.459156652370907636e+01
-5.237479064404060125e+01
-3.224531284245787788e+01
-2.707188952924760983e+01
-9.194126698963945188e+00
-6.704784244955285999e+01
1.456687613336020206e+02
-7.690510507248697536e+01
-1.242093535740917076e+02
1.249011896537223976e+02
-2.151323957766020811e+01
1.489465200646288245e+01
-9.975929928970589344e+01
-2.520269104687066175e+01
-1.356629730339780622e+02
7.139254202890759871e+01
-5.211902563858004100e+01
1.663514555426141461e+00
-4.002257697596236596e+01
-3.996954549720813077e+01
2.453859537289171726e+02
-1.572053737020013671e+02
-1.190941267765432485e+02
1.614541873180094456e+02
1.634561811657851820e+02
3.255136252638342143e+01
1.157006868134625108e+02
4.173511100304610011e+01
7.207118943268959299e+01
-1.212272213924512414e+02
-1.366741663742679407e+02
1.069462344902406592e+01
1.703013673821850915e+01
-5.427726761008774758e+01
1.509561077164188418e+02
1.802256578885565261e+02
-1.427366689751258662e+02
5.861665401719127999e+01
8.677130658699958587e+01
-9.008026305627619479e+01
-4.217103482548322546e+01
1.792500371759988127e+02
-9.436056025566291794e+01
-1.349548728179727846e+02
-8.996197968301157033e+00
7.722898212356764702e+01
-5.920793141649553348e+01
-4.418237071708573893e+01
-2.719455055563419421e+01
-5.585592799972035039e+01
-2.439705408027792828e+02
5.093467513744905695e+00
-4.953252880549506898e+01
-2.377712107201712968e+02
5.910263578650220495e+01
3.473206133673147633e+01
-1.085956338802298973e+02
5.728269803809928362e+01
-4.490444351812612211e+01
9.413395342769566909e+00
4.081194733963460664e+01
4.806769579419441385e+01
1.876804888544905907e+02
1.491506981567816013e+02
-4.900431943557647685e+01
-6.861093182443512717e+01
1.155130293936144739e+02
9.399898982714839590e+00
-5.028310799745977988e+01
7.728294241599500936e+01
1.474783700365918548e+01
-8.273690891977086892e+01
-2.140129821566446822e+01
-9.136279505640804643e+01
4.862724557261964264e+01
1.098155282450662895e+02
7.901613741809176972e+00
1.057874864300044351e+02
2.203011487370231336e+01
6.608077109482209721e+01
1.105161717229344873e+02
1.193465747640949957e+02
-1.733107547434331508e+01
-6.305852506302976224e+01
-5.406882324649566129e+01
-9.506166758541571937e+01
2.729107291764604497e+02
1.395803483841791319e+02
-1.110154986917387134e+02
-7.219118331368025565e+01
-9.357227080152644305e+01
1.649330701647884609e+02
1.954143480079844153e+02
-1.013574563860776863e+02
8.011569832727575502e+00
-8.775337131422174863e+00
-2.979831069630138884e+01
-7.844954440853261701e+01
4.496067993258878204e+01
2.189631981935675853e+01
-6.139921010498617449e+01
1.094782877967365806e+02
1.601203742607658853e+02
-9.070194759422138020e+01
8.080837545558084400e+01
1.121752089818013154e+01
-1.115820391825354818e+02
1.449009883172484194e+02
-2.305681869417096763e+01
8.710245738942313665e+01
-1.364490452642891114e+02
-4.748170276412528779e+01
-9.234784495943081595e+01
1.849386394265981082e+01
3.596958779666122297e+01
-1.509455581438269292e+02
9.609018620173024772e+01
-9.264768779567031487e+00
1.042711479429176080e+00
-1.062643481456697288e+02
5.311753670603550148e+01
-9.048510092224707080e+01
9.553740059914829885e+01
4.058944786074561506e+01
5.453561508451853257e+01
1.069522769902833375e+02
1.593331513986684023e+01
-5.162221643557660222e+00
1.514532955417134508e+00
-7.280370554424347063e+01
5.532400331016980743e+01
-1.629305272162989411e+02
-1.199903505242405544e+02
4.838644149746976098e+01
1.676967495701415203e+02
7.775987475129984716e+01
-3.756202689792186078e+01
-1.852961929225194524e+02
3.314643734069740333e+01
-2.638120431213995420e+00
-1.489413339513675893e+01
-4.034404109654441406e+00
-5.739203580019935025e+00
1.089351034604997892e+02
-9.391332362656329735e+01
-2.651260233929579968e+01
-9.817683448218157594e+01
5.422866918178172568e+01
-5.019794226904829060e+01
-1.049457410666907435e+02
7.614913646832025051e+01
3.288050065335048089e+01
-3.930936678372204618e+00
8.632347795244295696e+01
-3.162869958966688699e+01
1.295300207158063301e+02
4.945108094420146472e+01
5.523828769359901969e-01
6.982749880505418894e+00
8.990551328140483633e+01
2.149979592948498635e+02
-7.252547564878366870e+01
-5.279680255182481119e+01
-8.975781886495797224e+00
2.297862068268377911e+01
-2.446553119011777611e+01
7.744665144773927068e+01
-1.782535087773182170e+01
-9.037595730237150349e+01
4.153758609955326619e+01
9.781191133083254385e+01
-1.104293285219899445e+02
-8.489721090021301109e+01
2.434040015352573505e+01
-3.318032584414334707e+01
-1.413526015225313337e+01
-9.990864759017873098e+01
4.147972113098632718e+01
1.296988493299322442e+01
2.562821335834123193e+00
1.847281568025141851e+01
-3.987973701532682469e+01
-8.737430223224284020e+01
-7.117269473488025255e+01
3.502684472209012512e+01
-1.203633609347704407e+02
1.361654567956279038e+02
1.304928495166565767e+02
3.897835480606311620e+01
-6.482464767101212999e+01
-4.681344789741213219e+01
1.870370193833581940e+00
-1.016807403370307128e+02
-2.413541646170474309e+01
-8.194919461359010882e+01
-1.917265874895363709e+02
-8.617162281049252082e-01
-1.178319845116271978e+02
3.182575558661708115e+01
6.253533577369258722e+01
5.349185255690624530e+01
1.098868404008986630e+02
3.481873739844346005e+01
-5.835829146920556099e+01
1.121720151249334094e+02
-2.368359413260244395e+01
3.871859402540513884e+01
-4.037069416600542837e+01
1.868654763885630032e+01
3.927116397464043729e+01
-3.906055119922701380e+00
-4.872606220430240853e+01
-1.088590993254289652e+00
1.443424609789740032e+02
2.864256016470774568e+01
-1.572588214520772567e+02
-2.016075378283625952e+01
1.641069187586212408e+01
1.085617875458002999e+02
5.498314827285143735e+01
5.973669184935428689e+01
-2.054925902808404814e+01
-1.591126226970937410e+02
6.799908253833372385e+01
-1.231120640330109950e+01
-1.420353207127893924e+01
9.916358075822604690e+01
-3.728325239901786148e+01
7.663793162326004449e+01
1.029669401798493169e+02
6.884638163924626042e+01
8.157336728929895742e+01
1.882200451632854055e+01
1.916151163462661771e+02
-2.299602804400307932e+01
-6.476691178664695769e+01
1.020806728178595364e+02
-2.450367090184306562e+01
-8.741868685971334685e+01
2.363134424872229999e+01
7.680058346316691598e+01
-2.937755670472097691e+01
-9.690542973981655095e+00
1.158329171345562614e+01
1.550708912970280906e+01
-2.224093540742366670e+01
6.561061484195766980e+01
-2.767538167588095632e+01
-1.790966778486546218e+02
1.105715197730260257e+01
4.558529823667315384e+01
-8.687200650455000783e+00
-1.295630416409479437e+02
-1.014514505973517515e+02
4.789872692291795175e+01
3.627315694629052700e+01
8.082379755585067471e+01
-6.294080235268988588e+01
7.329032769411237780e+01
5.115732935958777716e+01
-3.418363940650356980e+00
-2.161452779326283746e+02
1.486944249945260879e+02
5.264054344654726947e+01
6.321497842019270230e+00
-2.150002875729065579e+02
1.305343221125461817e+01
-1.439055560952366193e+02
8.794685360081219017e+01
1.505963983156601493e+01
3.027616373933645733e+01
1.276276422265693888e+01
2.049536897843961114e+01
4.716142809011002157e+01
4.471697188850569660e+01
1.170836193508695260e+02
9.543850552922823738e+01
3.931355094182236343e+01
1.432196686290287744e+02
7.397603377464704977e+01
5.533021441831335352e+01
-4.645784397227629370e+01
1.022324265323057091e+02
-2.811844541108604822e+00
-4.786691081576978490e+01
-1.628093398321346115e+02
-1.798844172366129328e+02
-2.275643505352368123e+01
1.268575128485425267e+02
-3.055474340399402422e+01
-4.448547600633798726e-01
1.290229915553892965e+02
-1.089091447517966458e+02
-1.228691400872186819e+02
9.621698402262335037e+01
-2.907590728383231493e+01
2.736454544601780725e+01
-2.941985276512946612e+01
2.821741400980173253e+01
-8.599314760138230440e+01
-9.758982484800101531e+01
-9.302158473724531973e+01
-1.416105517039331074e+00
-2.048071227027029551e+01
1.535856846133223641e+01
4.777587805639733887e+01
-1.175109931487638164e+02
1.071767663004692253e+02
1.800867186389017860e+01
1.241122305602247451e+02
6.204336536062621121e+01
-1.791901750616164293e+02
1.290780852948171002e+02
-2.971334987508245149e+02
-2.170858715993770716e+02
9.969160000596357918e+01
8.856505240067653162e+00
1.773543845207589698e+01
-4.323738882911671411e+00
2.665495849358431535e+00
-1.736266872226537146e+02
-2.327753666002007904e+01
9.595663080298921344e+00
-9.309272407748056821e+01
-5.819891554456742710e+01
-9.018422461647178068e+01
-1.554334333011908953e+01
8.191731394248989773e+01
-2.623268025221002375e+01
-4.506314981639598471e+01
-2.692820488864120421e+01
-5.717158168692191822e+01
2.498102923602431247e+02
-7.876881689333801617e+00
-6.821604612036486515e+01
-9.457910902316882584e+01
1.236885699267077285e+02
-3.161506651792345224e+01
-8.942634622177119752e+01
2.173745133007628727e+00
-3.005496641675739156e+00
4.731593680341618580e+01
-4.261821382592870577e+01
3.027503206198205277e+01
-4.830798929886906734e+01
-6.341806021527686354e+00
8.648992288312955168e+01
-1.025201210707160158e+02
1.384587584107233340e+02
3.934214596728499203e+01
8.498298586540744992e+00
-1.629229148307255457e+02
8.802234990168400941e+01
9.448070175391656278e+01
-8.711575562849782273e+01
2.127810964540919159e+01
-5.486067317845805036e+01
1.516570778994286854e+02
1.012867284375582386e+02
-1.016490315661661299e+02
1.082992841648614331e+02
1.000336861600621496e+01
4.835272457433825366e+01
9.320448663163321612e+01
2.007149672397654001e+02
-1.777213426402190635e+02
-3.858128446354755159e+00
-3.420975517432051305e+01
1.614748877911887259e+00
1.048980078866463401e+02
-2.732178146041989564e+01
4.869353295164936668e+01
1.317680852926737778e+01
1.230572193573373418e+01
3.873918193907414320e+01
7.084675919794176480e+01
4.039249360138828848e+01
-6.897516136311573121e+01
-1.197949914199233632e+02
-6.836782976056879590e+01
-4.301383377851656320e+01
-1.062279351871487165e+02
-2.182253811820480678e+02
9.928268735003925372e+01
1.424035029288508269e+02
2.906198140604701408e+01
-1.296530920310942179e+02
3.901018003120564259e+01
-1.208189430963004085e+01
-4.787231893483663470e+01
-1.743562364016077737e+01
1.018065314461104833e+02
-7.414130548747341720e+01
-1.418543063622044826e+02
-6.797425575613971205e+01
-7.953551118863479985e+01
-8.918788456710710477e+01
-1.713325695033062956e+01
1.111667762718596180e+02
-2.438491911295804115e+01
-3.748564600183318163e+01
1.473633322599467732e+01
-3.058871062082701542e+01
-7.964708022996138936e+01
-7.580598385932266581e+01
2.045430287276496131e+02
1.525428444800717998e+01
1.873478102206772888e+01
-2.593386559518854995e+01
-2.922776664697513738e+01
5.424045797989994355e+01
5.106382052972369223e+01
7.100327845813524164e+01
-1.111009091823957107e+01
7.725889381734724282e+01
1.354858047161301329e+02
-9.136563940230712433e+01
-1.374898084444661777e+02
9.181293702166981063e+01
3.903152934970701438e+01
1.396289856444771260e+01
2.256557151410924078e+01
3.387181429938014077e+01
-5.493266144964847797e+01
1.871000663350377238e+02
-4.727185193191789381e+01
1.205899366008813729e+02
1.107261119643457725e+01
2.840550974276272100e+01
-7.305146265777096914e+01
8.379230506089743358e+01
-1.292285082674560783e+02
1.636984246938710044e+02
-1.888806089201704026e+02
3.449511085688534706e+01
2.765355261757227012e+01
6.287315207401800876e+01
8.116124407749411773e+01
6.420197898845277251e+00
-1.159392172253219933e+01
5.012939209821393405e+00
-3.128246779169739256e+01
-7.303377188568273937e+01
1.192697652490635640e+01
-4.486155107932603414e+01
-1.130549962554640757e+02
-1.702273742852706278e+02
-4.312433355104897714e+01
1.026987526876128101e+02
-7.970120181616701416e+01
2.715059242303013320e+01
2.261892408092916540e+01
8.491392431027983889e+01
1.436892636439595705e+01
2.190909775295579038e+02
-9.901152263953981958e+01
8.278966866099928268e+01
1.075554072876699934e+02
1.050650071472319098e+02
-2.079631986588662329e+01
8.208547546540036421e+01
-6.512932759660529314e+01
-7.492020056270446560e+01
2.332896265950866077e+00
4.172016664038817169e+01
8.292859505515949081e+01
6.975711107760481866e+00
-3.138859191921484992e+01
5.616081164440519302e+01
8.593083043742009863e+01
3.693198211708084955e+01
4.218884795486257389e+01
-7.590925778927000067e+01
-1.313236130929343517e+02
7.344675855511991358e+01
-9.613321932395507474e+01
-3.583146901367506842e+01
-5.578319220691125935e+01
-6.131821013999372738e+00
1.662545285756343389e+02
7.086241954158543876e+01
1.360294749269666852e+02
-1.402426826223448302e+02
6.638771915090184450e+01
1.252298377141364085e+02
-1.371411427826234899e+02
-2.410110817952086038e+01
-7.955933469887527565e+01
-5.128100420552728878e+01
6.742358174748677868e+01
4.148442155722935354e+01
8.316349442073256881e+00
3.624915524592927341e+01
-2.218094991612175804e+01
2.017641777467252382e+02
1.002850454523869494e+01
2.685102905042573411e+02
-1.217533101476975190e+02
-2.369660174215844961e+02
1.480743112884790378e+02
-7.439626032817871248e+01
-3.456076913901692649e+01
-9.395455578321565326e+01
-3.904833327218706529e+01
6.600765980130910293e+01
-8.278536905953519920e+01
3.615299499148223461e+00
-6.898482052132172271e+01
-6.581465391811190102e+01
-4.663917597939313708e+01
-5.279374339348391487e+01
-3.052263316797344572e+01
-9.309462954089001130e+01
7.004927828172975524e+01
-4.515545697375873857e+01
-5.246518706518325104e+01
-1.071279648717050605e+02
2.153060733500359092e+00
8.911732470912579629e+01
-8.896651349691983057e+01
1.539475565644042661e+02
-1.218475510000360273e+01
5.110727224418975112e+01
8.937288131141215786e+01
8.721098432071744355e+01
-6.621871534941979576e+01
-2.581917149228390684e+01
9.147705995599177697e+01
1.863184715699536582e+02
9.551326515363912506e+01
4.161247806054624476e+01
7.084993168156530352e+00
7.633527635381672383e+01
1.643473191445115944e+01
-5.927270705829940312e+01
5.103692557242995775e+01
-1.118900721547648942e+02
8.736564636521140415e+01
1.110438508443602785e+02
-1.147987714292459849e+01
5.166429108230719436e+01
-1.197344150704643795e+02
-6.224389973055549774e+01
1.338464781429971673e+01
-1.074117363015864299e+02
-2.110108746390888257e+01
-6.355692881144542383e+01
-4.121009229066373081e+01
1.184219744979862838e+02
9.987841383362734859e+01
4.347344809124101772e+01
1.038075318885776426e+02
1.989839578454847668e+01
8.609113943514101663e+01
9.831142699978990152e+01
-1.069209835309514318e+02
-4.006088819958633707e+01
-1.073044777225020141e+02
-5.327553052269936984e+01
-2.785370499890858582e+02
-1.828189931610471675e+01
3.500687947590760984e+01
2.082156808570062978e+01
-1.295433072451091050e+02
3.142525243447017402e+01
1.011246218983340555e+02
9.672431116375945237e+01
-1.029692996696339691e+02
5.444152550115081368e+01
1.688035482785874208e+01
6.664565810106840615e+01
-1.626017652606179453e+01
-5.353139068098548847e+01
5.736725815535211126e+01
9.376562497617678105e+01
-1.198575540157747383e+02
1.036225028319543107e+01
1.113599122534873374e+02
5.227766573893774904e+01
-8.531324112604114873e+01
3.138176646788913260e+01
-9.884079253670572029e+01
-8.973919790995284984e+01
-6.292577968798386934e+00
-3.105867367467067552e+01
1.138389858955678235e+01
1.151692727986210940e+02
-1.427555690970538471e+01
-3.288555815339856281e+01
-2.992351909793648090e+01
-1.146588135533171204e+01
-1.565382909570591039e+02
2.449419227166517601e+02
2.912102075145018887e+01
4.767900078549120479e+01
-5.909746077272966147e+01
2.126899637652783781e+01
-1.615527325324179486e+01
-4.733657023590460255e+01
6.728315196923816188e+01
-3.702081154456178069e+01
-4.347589789450951514e+01
3.364049236784993901e-01
1.024823334971054578e+02
1.479313317958843186e+02
-3.248427263772246221e+01
2.701169307612392245e+01
-3.024959428672878303e+01
-2.199970568934388737e+01
-1.616495938292856920e+02
8.297245433133328518e+00
2.510106122500744164e+01
2.029018312850519123e+01
5.965655051174282875e+01
8.138172442062700185e+00
-1.601586325548147016e+01
-4.619304528093223183e+01
1.182146719291838544e+01
6.629423345503805365e+01
1.557068742272336976e+02
1.477129433963303313e+02
6.020099980681155216e+01
-1.880092358905465000e+00
-5.174906714588175305e+01
3.529542429022568939e+01
-4.894132565408092717e+01
-6.098388275629366007e+01
8.285046534090058401e+01
7.466745514841393572e+01
-3.050318126990887890e+01
1.629011049573798386e+00
1.556588155262888185e+00
3.345040677485483371e+01
2.688991872388792892e+00
-3.543570478477421659e+01
3.151159359805253501e+01
1.191233706310977425e+02
-6.311747803486316855e+01
-1.656707023336436180e+02
6.704915338553091431e+01
1.192596414542831411e+02
3.326734522121822124e+01
-8.463829774618770330e+01
-1.061584355428104089e+02
-5.209470151821862771e+01
1.058715148764452465e+02
8.496278751176065569e+00
5.585594777932173116e+01
1.835343179209897073e+02
-3.492660398807734623e+01
-7.910462848563648208e+01
5.951177013417067485e+01
5.665279694612640071e+01
9.033198104434180919e+00
1.602367758734627898e+02
2.224907072718042045e+01
-8.731034366973819516e+00
-4.925978515211041575e+00
-3.277759304721010380e+01
-2.740190391178865070e+01
5.796373777191227816e+01
-5.147787245723131377e+01
1.416155364067756182e+02
-3.240091547592292898e+01
1.149451364544643752e+02
-1.244894654975491903e+02
8.572815477050626498e+01
1.120601186947915977e+02
-9.223806879775228396e+00
-5.130411785936814084e+01
-1.805524580834533310e+02
-1.679858575630306063e+02
-1.020268560156276862e+02
3.837897978145314681e+01
1.244945504784877386e+02
7.551029294219974020e+01
9.635237871972726964e+01
-3.673948890059229910e+01
1.120909519176821689e+01
5.053217670646732529e+01
-5.205718877060693472e+01
-7.943973190340815904e+01
-1.781861810271103366e+02
5.757248295320624010e+01
-9.222624880880364628e+01
-6.620920959894027646e+01
-1.575266215301789430e+02
-1.529159800103021496e+02
1.131899088921720846e+02
-9.127337956271340147e+01
1.230596079998230152e+02
-9.906099023230794387e+01
2.083061389183267238e+02
1.673988791684189152e+02
6.267504421834270545e+01
1.482325179367276746e+02
-4.872566428575826336e+01
1.585574293914712314e+02
3.952898199055402984e+01
4.579866044440884565e+01
1.010716276511758736e+02
-1.266193669709672918e+02
-6.446133120103412750e+01
-4.276692734890694680e+01
-1.201990132194732119e+01
-2.206205187056941686e+00
-2.845363619067124006e+01
1.385727594876868096e+01
-5.381351947142299252e+00
3.129602247638094781e+01
5.201210861319270862e+01
1.129876057527094524e+01
2.184660704562055145e+01
2.100058349947156842e+02
1.529064443992345161e+02
-2.489307638521582433e+01
6.159543273260126028e+01
-2.745061327649660399e+01
1.403512738759309002e+02
-3.548034547692422880e+00
5.529914095477872849e+01
6.588218211549941827e+01
-4.918180516406464031e-01
-5.893710565047788208e+01
2.414348458800430919e+01
-8.534901956661683187e+01
8.702283058247961378e+01
-1.649976988184458193e+01
4.034836588879694119e+01
3.655669924178712193e+01
-9.384664730445862801e+01
-2.360092225245445974e+01
-1.086098946292076022e+02
-5.904644427840791110e+01
5.165324145352428076e+01
-2.594797917995190772e+00
-1.612540875072827262e+01
9.321190023476255249e+01
8.445189356322474339e+01
-2.689726374333668701e+01
1.081899926844107966e+02
6.520867949022519383e+01
1.246703113999261490e+02
-3.606901716962217819e+01
-4.926456099298904689e+01
