3.006937216601023621e+01
-4.485656343690149583e+01
-1.048994654474063992e+01
-3.195805120134459543e+01
-1.142029564138389190e+02
-2.285412516561145679e+01
4.055700673330714778e+01
-8.816318622872019262e+01
-8.418926112793074878e+01
-5.112950540525296361e+01
3.960925577618782611e+00
-2.078442215488136569e+01
1.459539177221377315e+02
8.060000839280235141e+00
-3.592548379444226470e+01
1.313751940846328239e+02
4.935106800974148911e+01
-1.230105865380890293e+02
-3.616463637978662149e+01
8.278573455433831896e+01
7.297348460026401540e+01
-1.202621229517438373e+01
-4.306909399613711997e+01
8.838626861868650053e+01
3.201260894569252002e+01
-5.423291987505279366e+01
2.338549765051151397e+01
1.597914483887967947e+02
-1.818528417626274916e+02
-1.500283580991827126e+00
-1.455226459625633026e+02
6.285182511249129789e+01
-1.281673002073565613e+02
1.116431623857979893e+01
-8.391749755110858189e+01
-6.149011152721875106e+01
2.216328453229391471e+01
8.446527699355826257e+01
-2.695911956008644417e+00
5.577598337568725384e+01
5.228430743245085921e+01
1.556009412919266595e+02
4.437398785264955592e+01
4.374603097831723630e+01
-7.239329520848437483e+01
1.093185033995869588e+02
-2.699755249310309182e+02
2.489386828498932971e+02
-3.265202646661300889e+01
-7.834402762731329517e+01
1.282506345918824486e+01
1.475105941199524864e+02
3.173772190847708075e+01
9.596793157064006152e+01
-9.881831138149346216e-01
6.269524306773421074e+01
4.619566351681261551e+01
6.504164643308979521e+01
1.515098205194259862e+01
-4.581466054896448270e+01
5.468021231198701315e+01
4.138846967897459450e+01
-1.718358599352734757e+02
6.254881621702627825e+01
-5.760451942831168282e+01
-3.023372564326335876e+01
-4.434251077929258145e+01
1.463635672796305975e+01
1.679247365984059925e+01
4.571804875348704655e+01
-8.742697487279879454e+01
1.315951634807037749e+02
-4.571543276553752833e+01
-1.111969299889525615e+02
-3.581613425862914113e+01
-2.283963616491354287e+01
-4.067042317448590438e+01
-6.536093207588623955e+01
8.785004017873477267e+01
7.910278464619034366e+01
7.396191366990568561e+00
-1.978575220397144108e+01
8.949411103486512786e+01
-2.933289001237292837e+01
1.272728623564692185e+02
6.708478439647137748e+01
-9.314278499751601714e+01
1.066649845832827168e+02
8.487338604764628869e+00
6.002928845059111040e+01
-5.815149922140067673e+01
-1.471614239597382721e+02
1.153041611192658422e+02
1.444455827907030425e+02
-7.967592428614448608e+00
7.114021584853922775e+01
8.713160470735554952e+01
3.817055971915399226e+01
-1.528832346426932176e+01
8.728880255649022502e+01
1.191930484924351958e+02
7.269846990995785241e+00
8.985683656958933341e+00
5.863581933539218483e+01
4.214566225540886535e+01
-8.513535418843491698e+01
2.837775585910499743e+01
-3.445046043067014807e+01
-3.737097938861186464e+01
-3.928688534329458548e+01
-2.185222225499200377e+01
6.611563855589936622e+01
-5.010984695023267932e+01
-5.059203688196107862e+01
4.021659002277274197e+01
8.720590200045914742e+01
1.216477024424443130e+02
-1.221096929451775948e-01
-2.967042243198308782e+01
-6.690581932504531437e+01
-6.755052932481683570e+01
-2.338774896157153194e+01
2.251403577712491426e+02
6.213085232127905044e+01
-1.041575017177787288e+02
2.850316969280702883e-01
9.281334333800541003e+01
3.096654076084421447e+01
-2.399258510146079004e+01
-6.907628010469998969e+01
9.263677487001294253e+01
-6.651848264386761400e+01
6.572646912550618481e+01
-4.551344869497358303e+01
2.460692079075422711e+01
2.245630181387611657e+01
2.773444070207451873e+01
-3.980224139619438262e+01
-5.516123481993051314e+01
1.297069501087034915e+01
-1.171566153206472904e+01
-1.932331390852357389e+00
6.012386731558180486e+01
-6.293694616190943236e+01
-2.273046483132731765e+01
6.253385910560215422e+00
-1.225428804234677358e+02
2.243080832147234105e+01
1.191469005356304507e+02
4.124148728510478890e+01
-9.909455103100722795e+01
-2.183385185120636862e+01
1.498976910056499889e+02
-2.483779925626127394e+01
9.895492688201174758e+01
-1.658747616618662164e+02
4.746531317846557130e+00
-1.552888732120827910e+02
2.647583488433126320e+01
-6.307421312353199738e+01
2.944477372264611503e+01
9.634913583549202798e+00
-4.934363544203023366e+01
-7.098055077032203997e+01
-3.342799096075273724e+01
8.792621191176429818e+01
-6.976580396090845682e+01
1.189796502332818733e+02
-9.185380264727294275e+01
-2.532863456768670218e+01
6.436274077604194588e+01
-7.425290960646575122e+00
-1.951948600677790324e+01
1.239351394724175925e+01
-5.102743477900370550e+01
8.540280219709450193e+01
1.012346025679318018e+01
-6.180194861038746978e+01
6.024460228515687987e+01
1.215295216296561307e+02
1.071732519399012062e+02
8.509619972633637985e+01
3.375770265492638345e+01
5.424515082292487023e-01
1.939624617608264998e+02
-4.300314538014574595e+01
1.814178398144682660e+02
1.103000395989487892e+01
4.133597460145222868e+01
2.555393919413668158e+01
2.805354554388428312e+01
4.385969982899790409e+01
-1.057979485777526065e+02
-2.406604184686784720e+01
-2.874229902332115927e+01
1.943278694111233307e+01
-8.786719615222511948e+01
5.969847013975387284e+01
8.290208826305894263e+01
-9.244721259391150170e+01
1.108524326533243176e+00
-1.416774271681728692e+02
9.806706932433833401e+01
2.816945281095460629e+01
-4.881879700166507519e+01
4.599765259791828242e+01
-6.992155502441490000e+01
-1.401099856550425784e+02
-1.642305886301970386e+00
7.118751834928113453e+01
-7.172708072313969296e+01
-1.122779559478839531e+02
8.206605626972505618e+00
-3.342875188330513225e+01
-7.485216445619006720e+01
7.353605674228541034e+01
5.414241067891394010e+01
-8.461233243681920158e+01
8.652705404082881557e+01
7.510817197559135572e+00
-6.032928850730989012e+01
2.693595971234723940e+00
1.800428371748936343e+02
3.489908123435097931e+00
1.678604190470462072e+02
1.303604529211801264e+02
1.014057263647355711e+02
6.910519660653482887e+00
-6.080399669430043019e+01
2.636530131134977850e+01
4.832618083021332467e+01
-9.891150210633603024e+01
6.235983356298442004e+01
-8.503363912658353740e+01
-2.844229529789623712e+01
2.795754973293590240e+01
-1.621583956528947823e+01
4.267134336492323854e+01
-5.247208333729853535e+01
-3.794100574850673979e+00
3.418925018563533769e+01
-8.856055107988244401e+01
6.687696854157982784e+01
-4.335709411932038648e+01
4.591002455836686202e+00
-7.998351518449369735e+01
5.053115905911430161e+01
4.211321868383809885e+01
5.810105211677660009e+01
1.779987545846721559e+02
-1.211495831565893724e+02
-5.360208144874232516e+01
7.013219875089338018e+01
5.791952439306042422e+00
3.053405161129418133e+01
-6.667174250443576966e+01
-3.387296547543363801e+01
-7.255590799694698489e+01
1.329858716189673196e+01
6.511853173509895498e+01
6.816910800088849953e+01
1.231226491706069055e+02
3.032895000140639041e+01
-2.237353249569005698e+01
-2.121871047980964420e+02
-1.094004234393656390e+02
-7.519923593626059244e+01
3.353844185347361062e+00
6.323137269308553954e+01
2.602732606971755303e+01
1.194837863663391602e+02
-7.597415355422582195e+01
1.363512752637998631e+02
3.779854496217429727e+01
2.561451071777160493e+01
-1.737843233800533937e+02
5.443972167500858461e+01
-1.452413226990802571e+02
-9.576527905282776487e+01
1.019447843590477305e+02
-2.592325791178158756e+00
-5.887236141501547593e+01
6.930438549126763803e+01
-4.132157864585030183e+01
-9.519480104887436767e+01
1.784934642095271329e+01
-1.344014385114032848e+02
1.295869915419569622e+02
-3.471951860787440580e+01
-1.690184043461114882e+01
-1.788874802361852971e+02
-8.893119766252587510e+01
3.453919633313657300e+01
4.349833358363193270e+01
-2.796884125414789324e+01
2.328520159833921355e+01
4.952501650083998896e+01
5.463781861565983888e+01
5.701807640466829952e+01
-2.124973340736135441e+01
4.430037438632773217e+01
1.628481091432521737e+02
-4.641757177000005186e+01
-1.170675126397435406e+01
-1.947136654298159542e+01
-7.055374279035665097e+01
-3.869119385706351721e+01
-7.518160155320131821e+01
6.964169296909228990e+01
-2.780668569004370028e+01
-5.149352777170145856e+01
2.237444831079099927e+01
8.521676855157174657e+01
-5.450522389931006728e+01
-1.716290172564039196e+01
4.221719509280143257e+01
-1.578915815991491911e+02
6.228926250475963489e-01
6.685738325505531066e+01
4.270367593175034671e+01
-3.678309330279419243e+01
-6.342978138341341321e+01
4.788147024129008855e+01
1.610717882169339177e+01
-4.099166324928010141e+01
2.114518776284447288e+00
6.566859119392171351e+01
-9.037732557616561735e+01
7.913842934857271416e+01
-1.639476600586612278e+02
-7.824942900961926284e+01
-4.434760395923530751e+01
-4.445116960144071783e+01
-1.138397557427946936e+02
-3.700544212981204595e+01
-1.612391069754482942e+01
-1.006633619233965860e+01
1.104090222270526027e+02
-3.594716250649791789e+01
1.418636233242366131e+02
-4.061630256032977826e+01
8.589100080936830750e+01
3.044042706201528059e+00
1.397173872738606804e+02
-1.548674581391475442e+02
-1.147675574466116899e+02
5.459908009394028738e+01
6.372756159403288478e+01
8.865710568868885844e+01
-6.057618595326397326e+01
1.102467016582665451e+02
2.480452491537367976e+01
7.915771990913729894e+01
-1.305640891872522502e+02
-4.475852252689809774e+01
-2.437202876729229928e+01
5.357829525034155438e+01
-1.454232695414598453e+01
2.376697644639494911e+01
-4.882859240743353268e+01
7.489802844376622204e+01
9.299869332533666011e+01
-9.568792963183526012e+00
-6.588944532843107993e+01
1.254583764680545102e+02
4.058800002178558231e+01
2.943423545581602951e+01
1.310723847149592416e+02
1.187797150245797013e+02
3.421453724132717156e+01
8.793893327950742389e+01
1.921483680163127161e+01
5.150766304563261855e+01
3.617914752757624086e+01
-2.590144907881251015e+02
-1.166239553771021065e+02
1.279853811462554347e+02
-1.283049006421372837e+02
-4.348810389768980400e+01
1.631903002670418630e+02
3.352879607544218743e+01
7.871255310903669056e+01
-5.798089372026757360e+01
5.443906325405163216e+01
1.347003684161924753e+02
-9.515678570993351570e+01
-1.278685913861324366e+02
1.040910088553516601e+02
-1.562868890740533061e+02
-5.081014282206369614e+01
2.911272945517865196e+01
4.666912619519095529e+01
-5.005961615343412063e+01
5.924141243547870062e+01
-1.050168498813730755e+00
9.158417184837826142e+01
-4.070626606955979554e+01
1.278353428392687441e+01
5.118240571410431272e+01
-1.401311500507826935e+01
2.196528986183941612e+01
-1.921050811604217756e+01
-1.663198356860701210e+02
-2.881055726139915407e+01
2.256933580987372778e+01
-2.472587017277777477e+01
6.368983412418970858e+01
-1.021752125794740493e+02
-1.358990071784248244e+02
-1.603733762096226556e+01
-3.072802294303639314e+01
-6.485233768531372789e+01
3.198727235937778701e+01
2.723694500935727447e+01
-1.528183102976229790e+01
-6.258884830581122571e+01
-6.125421208584511845e+01
8.016085248566072607e+01
4.853316014669616862e+01
1.573853338652473965e+01
6.527645758565896017e+01
8.202503809221762765e+01
-4.973356313074410195e+01
-2.355495043745722583e+01
7.257955372055515397e+01
1.011944742681444751e+02
-3.950258568533272552e+01
-8.466392416244475783e+01
-1.060908538778305932e+01
1.063438962474050129e+02
-7.885730468716340624e+01
3.262315388036252273e+01
7.603694608580902070e+01
-8.525601082374315354e+01
2.061131361949389174e+01
-1.067986087340783818e+01
1.154458510257856396e+00
-4.599510669341844959e+01
-6.331262776343824328e+01
-2.206450752278732708e+01
-2.662532978154219876e+01
6.757917026936144111e+01
-9.821648293157980447e+01
9.657156393333598032e+01
-1.175797874556718270e+01
7.006776716717618569e+01
-2.535597139740763950e+00
-2.898850159351829703e+01
4.725251513163681949e+01
4.117467480490517318e+01
3.895836888623126271e+01
-7.572334715895695467e+01
3.774304034949653186e+01
1.046608796900206926e+02
-5.024123737870429096e+01
4.771837955602666881e+01
1.064657697645025110e+02
-1.386139396778959849e+02
-1.011565160219372927e+02
2.637813396632962792e+01
-8.566166807578298403e+01
-1.433525896791439038e+02
-1.163784750579554128e+01
1.313998016589504516e+02
-2.400487508605753106e+01
9.352289830373001678e+01
1.839571162642904056e+01
-2.783445417438237257e+01
1.414330856720621199e+01
-1.441567472738070421e+01
-1.923317666324976756e+02
-1.799535557725242541e+02
-2.793128474032626585e+01
7.512694307077271105e+01
-7.087317767992460915e+01
-7.259229559587772940e+01
-4.000364110728204281e+01
1.015500251552922748e+02
1.039057602483267146e+02
2.319220907369738782e+01
3.259702200253487803e+01
1.125898139732776002e+02
-5.135998536671018400e+01
6.402415283141580460e+01
-8.639556119055096417e+01
-1.647260330401337214e+01
-7.192071402146720516e+01
-1.545610045782050008e+02
-1.298319877160420788e+02
4.889601321041226356e+01
-1.054540857876289692e+02
3.312665131922948980e+00
-8.749732301805255474e+01
-7.601583288154867546e+01
-2.198488681238841309e+02
2.135097279262976144e+01
-8.678719673332712148e+01
-5.452820070611735304e+01
1.343968881046212083e+01
-8.999111886618803169e+01
6.408654942596471926e+01
2.127844565740139515e+01
3.431649241648910831e-01
-1.061991635224803048e+02
-4.006075171547957581e+01
-1.348427822476566362e+01
-1.243053827414728971e+02
-6.602480244826253397e+01
-4.822426093544593328e+01
5.699466712413882874e+01
-9.475508346915066227e+01
3.368717768751075425e+01
1.486669374876768472e+02
4.052739113496522094e+01
2.943047755261385845e+01
-3.680917049442129496e+01
9.077758651226709219e+01
-7.458478076868112794e+01
-5.866848613143196900e+01
7.881443350835357364e+01
5.529931942817671597e+01
-2.394898324589280847e+01
-3.614720033385341935e+01
6.150515932251996531e+01
1.358698560073282557e+01
4.192075892960909300e+01
6.086773431454959393e+01
9.983099601297590553e+00
1.211339589058258781e+01
1.199594910864879722e+02
4.613088546401167633e+01
1.724733873897905880e+02
-2.393161257748389303e+01
-6.576568279226505354e+01
2.870692337039020003e+01
4.022312259292063175e+01
-9.634070875530491662e+01
-1.134821472129356863e+02
6.617770280085970569e+01
-2.300642513413176715e+00
2.047524826182931434e+01
-1.188569072359977241e+02
-8.489081231866492772e+00
-2.041205732442027099e+01
-6.572074341526081298e+01
2.958397583239830553e+01
3.921941691101918082e+01
7.489662278967821862e+01
1.733587347864562958e+02
-5.752067211793091417e+01
-4.249674590725258128e+01
4.875993251903885550e+00
7.311357477930249615e+01
-1.915810721816338713e+01
-9.388973150978331716e+01
-1.113846278480510250e+02
-2.059982881522414004e+02
-1.240094625843082952e+02
7.028431299538222277e+01
1.067549611262564184e+02
-6.280865891764223718e+00
-1.524137645241802375e+01
-3.477881190281065216e+01
-1.936851253291270680e+01
-1.140263043602450068e+02
-3.166851907366432783e+01
5.959565887033398468e+01
9.917284034979667595e+00
-3.058433357028568444e+00
-1.296645602627408209e+02
1.208812693509681537e+02
3.674857941333496569e+01
-2.512596522939378474e+01
-4.495475532298370069e+01
3.512468807652489033e+01
4.008482951604200650e+01
2.696364726446142868e+02
1.797883679893018325e+02
-4.787374538142780978e+01
4.097558274264577705e+01
-3.128089331723199251e+01
6.834021812435545939e+01
-1.164421071663215486e+02
-9.526049679847194795e+01
-1.097135897212539390e+02
-6.935006105029846424e+01
-6.430024449483512683e+01
1.175471007474017284e+02
2.928754741570964981e+01
9.435088680014460749e+01
-1.534674832367145427e+02
-1.215120043630941211e+02
1.055629439082896326e+01
3.051069494527224180e+01
1.847010871576707984e+02
-3.644717485543436108e-02
6.156382953650469148e+01
3.846383748950196235e+01
3.205625784960387303e+00
8.166364113715674478e+01
3.842226300834319375e+01
-3.808297524160046521e+01
9.503336858601669235e+01
-4.210021518143157238e+01
9.386947273406433112e+01
2.991395147836704282e+01
1.610988095045344082e+01
6.446726509557382201e+01
-1.222150751421801260e+02
-1.235106606867689294e+02
3.207942141491831478e+01
1.521258733503814931e+01
-1.003690401865021045e+02
4.068360717684055317e+01
5.169700294848273359e+01
-2.220388646348065542e+00
-7.352412387992460197e+01
7.558375090725257905e+01
1.267859940058474422e+02
-1.344216578851191279e+00
-8.350182198062341854e+00
1.070946866962850574e+00
-1.274681782099614509e+02
9.749673795901205153e+01
1.504591655948417213e+02
-4.949613172930518346e+01
1.639108073568085544e+01
5.705377648714988936e+01
1.510264977922939522e+02
-1.209659703619044357e+01
6.858053123560031494e+00
-1.767111885593016396e+01
2.694891353831295433e+01
4.712705210725165017e+01
8.390341629357682685e-01
-4.163086087930182089e+01
-7.818758381972449456e+01
2.991272640739606814e+01
1.134657004774984017e+02
1.304612732182714581e+02
-2.257646874103645374e+01
1.711047511696570211e+01
-4.152545856478465680e+01
-1.210385813518060161e+01
-5.057610630509465466e+01
5.668008746015573962e+01
1.240329598182552076e+02
3.293169772851810251e+01
-1.518671117655325418e+02
-1.057148624658723577e+02
-1.058346565966085535e+02
-5.245658356162551605e+00
1.376282945070481389e+02
8.610430582297379232e+00
1.221149839622831337e+02
-6.613683663216743014e+01
-1.298563550693556010e+02
-4.091918326295178332e+01
2.299448894085899298e+01
-7.800044457264323228e+01
4.017035081753003567e+01
-8.573841392382749405e+01
2.257447566735575961e+01
-1.363747216195759222e+02
4.496302087453171481e+01
2.399143731016248893e+00
1.909805510444609666e+01
-6.817279021148235074e+01
-1.150585147645654445e+02
1.737041861657488937e+02
3.698216146590691977e+00
7.733276032568916492e+01
4.791251529652840446e+01
-5.729625704644686124e+00
1.139428096932923609e+02
1.013321259081858727e+02
9.968888705806601536e+01
3.515114765228402405e+01
-5.358256448246362424e+01
-4.614201679703428027e+01
-1.007542151614730415e+02
-4.266222697029961353e+01
1.587180816128350216e+02
-4.204248217813994870e+01
-7.800975620138156330e+01
-1.135393573624707528e+02
-1.037787208952291422e+02
8.214506590104710426e+01
1.447140608310614196e-01
6.536132025588433692e+01
4.493621577737751949e+01
-3.697283704546998706e+01
7.759667659232482606e+01
3.286599388977513314e+01
4.568131274627469907e+01
-1.193582079224894983e+02
-2.231958545719324860e+01
9.435532132052772170e+01
-1.676716574861530944e+02
-5.245318543677821310e+01
-6.314699938687372338e+01
1.308640172731095390e+02
5.112853457239503996e+01
5.234300451089769268e+00
1.669749496888040241e+01
-2.256981668114771722e+01
1.017205104027975722e+02
-6.123927215501914390e+01
1.619116917489821716e+01
-6.305987758914223917e+01
2.731755925904553450e+01
1.583466351457708754e+02
1.531863818700780371e+02
-1.317568942915385719e+02
1.036524825906559215e+02
9.652694907291153470e+01
8.663396488005005835e+00
5.235549120813286805e+01
-9.115234790885143212e+00
-5.347000307474264957e+01
3.921029237709467452e+01
-5.280206025659810365e+01
2.392468808780829548e+01
2.584117934761656699e+01
-1.107260203203944684e+02
1.077867668540260553e+02
-4.667539519457847064e+01
4.161278085147651495e+01
1.274232907284728924e+02
1.230701809704142846e+02
-1.345999700402572046e+02
-1.718911831882418895e+01
-2.643259321807027007e+01
-7.212311156459561801e+01
-1.095039446406661625e+02
1.580972131494809787e+02
-3.595952220321016313e+01
3.418955912696496569e+01
-2.525973328871184975e+01
-3.966837369711735306e+01
2.547201456063645608e+01
5.556476701098405613e+01
-1.274999823413399369e+01
4.380419617249327757e+01
-4.378673667697593430e+01
2.092531500770905666e+02
2.103687966864569603e+01
6.175199000958149043e+01
1.423885549540631423e+01
9.174245892092342203e+00
-8.186603959441077905e+01
1.141696976228000437e+02
1.132491917644993151e+02
-3.603921842053188840e+01
-2.246877589011577641e+02
7.051567709475777690e+01
-8.610678265274641774e+01
6.048705732496727272e+00
-3.727730741554545801e+01
-8.746917034685498038e+01
1.095898678910820649e+02
-8.567633606249940215e+01
-3.994973384916540482e+01
-8.298462174521633017e+01
-4.297739128864625968e+01
2.146241632591832982e+01
2.013735864851823365e+01
1.324186554390831283e+01
2.752114215364697003e+01
7.756507881634209411e+01
1.242545519974632242e+02
-9.845294497264465150e-01
2.792022917819218009e+01
1.179882648428675083e+02
4.047838434321154466e+01
-2.354332918970838762e+01
-2.987514185607447814e+01
6.424734668518193814e+01
4.158545613011786202e+01
-2.169764777035769043e+01
-2.499321728000839116e+01
6.569245098920202963e+01
-9.462064421117375446e+01
5.758854425326440207e+01
2.502213417538760609e+01
4.460630293860659457e+00
4.702633347734253455e+00
9.930733392947971083e+01
-1.194850344471631445e+02
-8.303453289966443052e+00
-1.758506731008684909e+01
-6.818471336782465642e+01
-5.952820699078984745e+01
9.982676325716065335e+00
-9.895908965995555207e+01
4.237526062774433910e+01
-4.777538450941359116e+01
4.849258185222824835e+01
3.812942346636901192e+01
1.240234078355855161e+02
-5.087739444932313404e+01
8.863335894583762808e+01
-2.438754534734519552e+01
1.653426178244350453e+01
-6.281560211059779419e+01
4.569751228890169870e+01
5.027464363194923180e+00
5.367568914980791561e+01
-7.470519542792476386e+01
4.050036194531951850e+01
-1.394670962801044425e+02
-9.300810557199697826e+01
-1.176796492827708533e+02
4.755364352403393013e+01
4.122537303286422627e+01
9.487450443705847647e+01
-6.174030652257310692e+01
-2.893046810953111603e+01
1.224472972480119211e+02
3.040798513964324545e-01
-9.866883711883036767e+01
1.948347515165657029e+01
-1.004425857547956440e+02
4.350966883393459739e+01
2.219576988299115428e+01
-1.132223512800879774e+02
-5.361854476735705788e+01
7.668315044636030109e+01
5.286047475005777585e+01
1.119603615462325052e+01
1.249060701304756407e+02
-9.161752923688743522e+01
1.574143658434307547e+01
4.854225213445396037e+01
6.832964403699929790e+01
-1.973559753948883611e+01
5.909190847465764307e+01
-2.477131080078624592e+00
-6.160179337604336780e+01
2.762916682397844070e+01
-1.998506721200371672e+01
-2.880617938583758075e+01
2.255667360559553103e+01
-4.056496914931977926e+01
4.933827175703388690e+01
1.521921668720972320e+02
-8.278865261258320629e+01
-1.529347270487868649e+01
3.459343498756483370e+01
-3.073939631403237982e+01
1.687852369594517938e+02
-7.704337981024553983e+01
-5.111096564964143596e+01
1.368894119813096921e+01
9.121776213495374463e+01
3.567905418071436685e+01
-7.406349755700611048e+00
1.367168818768800804e+02
7.344970704864056188e+01
-1.244736572014682991e+02
-1.279340055182526612e+02
1.367864302287406133e+02
-1.899334494744633517e+01
-1.016870390002680864e+02
-6.802522392684440433e+01
-2.551063616338803541e+01
-4.056509738306784385e+01
-3.111643022885518661e+01
-8.941255008101214230e+01
-1.037681905325667202e+02
8.567385526274104279e+01
1.107795822751480301e+02
3.669891436270543750e+01
-4.226148506717764874e+00
-7.074041879317026371e+01
9.971184701894806324e+01
4.871642883992677042e+01
-3.033794078405591321e+01
-3.153664128092809804e+01
-1.389449283428376134e+02
-1.497144938791883817e+02
1.588745677225467468e+01
1.165159267884364453e+02
-5.067953415248924642e+01
-7.211126417667404098e+01
4.117166724326937199e+00
3.208132367345120173e+01
7.073671235731849549e+01
4.905981916302965118e+01
2.050449809023505487e+00
-6.309485366110870075e+01
1.177260519529367144e+02
2.008110069112968432e+01
-4.893314988834578827e+01
-8.101031921548741366e+01
-9.641057504025360458e+01
1.062487996091780573e+01
-1.236505377507602610e+01
-3.050750728210826423e+01
6.040350160020149417e+01
1.576060889365463424e+01
-1.845208693732580940e+01
-3.928400108379850053e+01
3.417044186367543368e+00
4.421209749288237845e+01
-4.575495972404194589e+01
7.687873347468045893e+01
-2.314699623491372904e+01
3.366678332244367056e+01
-3.693136572119126981e+01
1.571678584722586720e+02
-7.715179593726701057e+01
-4.966180666811138167e+01
-8.537012095085700025e+01
6.733914416288412497e+01
-2.667630729784913513e+01
-5.934838456035510745e+00
4.498232374167672987e+01
7.934247931072395943e+01
4.896919368146185292e+01
-1.423133125846315181e+02
5.474853049621815515e+00
-1.014867258746106060e+01
1.037371849502935817e+02
7.259230792616881089e+00
-3.303986496602817624e+01
4.353817571447852686e+01
-9.320730223572971340e+01
2.311891169135735069e+01
1.097322659337025073e+02
-1.778657101373189420e+01
-1.600449355046141520e+01
2.360067218161791303e+01
-9.900614451453418496e+01
-2.063615676269517962e+01
1.969020104669938007e+02
-8.288414989552816792e+01
1.495628028102532703e+00
-9.985467971753148930e+00
-9.269990156036881501e+01
6.956195826119923709e+01
-1.009680043090301922e+02
-6.542701972211858674e+01
7.784452732908007100e+00
-1.860793578650808966e+00
1.228879454866483201e+02
-3.568049888277560200e+01
-9.495515303487852776e+00
6.563525680201519208e+01
-1.276848849098080194e+02
1.174556975495850608e+01
2.677631798483760761e+01
-2.559999605995699312e+01
3.395750516703449051e+01
2.352344422058272855e+01
8.634471015230024804e+00
2.054980290306149726e+01
2.613470297200930048e+01
2.124055192982902440e+01
3.128982010346899401e+01
6.994375129134621716e+01
5.700386748970245065e+01
-3.717784808536828223e+01
-8.412323580930613787e+01
3.016532425658760630e+01
-2.702831552793793790e+01
5.800845753190526466e+01
-6.805079502974744798e+01
7.028585619415264318e+01
4.382763987808991857e+01
2.313048821252277065e+01
-3.957358084691126976e+01
-2.837838345331183376e+01
3.383393916598071627e+01
1.248340012978625140e+02
3.626783665023396885e+00
5.562270146915350466e+01
2.274710985287497778e+01
-3.713074965721784793e+01
1.372995144441269986e+02
-8.864963464763036427e+00
1.444791086567913574e+01
-7.656552621576323325e+00
6.182617011977615817e+00
2.951811530581196052e+01
-6.399980261030405870e+01
-1.166719479509847623e+01
1.350976832227791817e+02
1.016851487620054257e+02
7.512715278525880080e+01
-1.128889000105731242e+02
-4.411186773337183809e+01
-1.326933676310723911e+02
-2.777246261289466744e+01
6.386382809486575951e+01
-9.849223694653198891e+01
6.949876053875087223e+01
1.702763246638575652e+02
-5.083786267419385752e+01
9.992796785118314062e+01
