2.492146628881024526e+02
-2.562785615236618497e+01
6.671493880877642368e+01
-1.315190843238925211e+01
-2.362041151698724661e+02
-8.995702750754921340e+01
-1.586131926798091172e+02
-7.797513845034716340e+00
-5.851502456120901030e+01
-7.624899068011075087e+01
-2.016875683635063012e+02
-6.274077865064776915e+01
-6.658235517610043175e+00
1.560139905882666085e+02
1.401096975658810777e+02
1.841904484093687699e+02
7.273995180638052283e+00
-5.288014791142244775e+01
-2.702879568530983434e+01
-1.981260280931939732e+01
7.862058812944873409e+01
-1.257853968568268783e+02
-6.750067078582792135e+01
1.409672716487819457e+02
6.776359493080133234e+01
-8.695021931981223418e+01
9.561262444812444983e+01
-5.697770384317477976e+01
-6.130822273737757655e+01
2.069363037857907841e+02
-1.618994403143368572e+02
5.879083586312932397e+01
6.867453881497613111e+01
-1.664603401795756668e+02
1.037586773436984515e+02
6.153655512933525529e+01
8.850111949850658632e+00
2.039509490014525639e+01
7.382775704714602760e+00
2.459932947460248442e+01
2.019388500200536214e+02
-8.215612753264257151e+01
-1.533876287865527672e+02
-1.362702020649128087e+02
2.185743982203249800e+02
5.438212100905145263e+01
1.432468822505037309e+01
2.620734695692205563e+01
-1.118335245280313250e+00
-1.929225075156964309e+01
1.437930645124868931e+02
-2.161024396373846628e+02
1.395032979328516198e+01
1.174059886474519914e+02
2.904885829377006345e+01
2.516598193324427868e+01
-8.864136407644816984e+01
-1.312389913114212092e+01
3.406716728951885784e+02
-7.372496726178655990e+01
-6.917596707420584856e+00
8.754893530047185735e+00
1.771034470809713355e+02
-4.828166314968832751e+01
-1.502681591598052933e+02
5.793151051648653294e+01
1.626152720468546704e+02
-6.705210877489855648e+01
-8.719139703628393079e+01
9.835257218726690098e+01
-3.506282359926075998e+01
1.884516740541498336e+02
-4.435876499335168432e+01
-8.178993566549193872e+01
-5.646908360642216707e+01
1.189778002196707405e+02
1.315147953782721402e+02
2.600386403343754083e+01
1.297581792095942887e+02
-1.302919692005775687e+01
7.500036049324144471e+01
-7.753872293747137689e+01
5.065357800101764951e+00
-1.614898850290950634e+02
-7.783793956782913881e+01
-2.435423585400854130e+00
-1.034324185138090684e+02
-5.410636791516400734e+01
-2.169936972494319960e+01
-3.383778108573511645e+01
1.272762635214675697e+02
8.024030497383701288e+01
-1.185982986616146349e+02
3.320568146011611432e+00
9.570503065277732091e+00
1.778033147930366553e+01
-1.971571761348778864e+02
-7.037610862466728179e+01
-6.575602717136190734e+01
2.233787769273288859e+01
-3.487617989627225512e+01
7.389947219460977124e+01
1.860059314159414612e+02
-1.702941833780121073e+01
-1.207112201165759444e+02
4.664799786547017391e+01
4.436783230246437171e+01
8.367385163209320353e+01
2.288526340513078026e+02
4.461181940940208079e+01
-5.315502847768925676e+01
-9.090718738020713374e+01
9.581105710436517597e+01
1.604877535299972067e+02
1.821010257383376540e+02
9.498341896476009794e+00
9.831004765655850974e+01
-6.224775208665102033e-01
-6.025187965080494479e+01
-9.012790154985410140e+01
-1.465435045929920577e+01
-8.211366348810159366e+01
4.428218879888222403e+01
8.670310577283606790e+01
7.523670918977987121e+00
-7.877897631102000808e+00
5.167981037199477612e+01
-2.852187055415539874e+01
-1.973031980551258613e-01
-3.187052834657574962e+01
4.725706900509965891e+01
-1.755513131374928264e+02
-5.979127532800170997e+01
-7.633500401419384218e+01
8.560831292321246622e+01
-1.309662181274372017e+02
-3.640795962796582330e+01
9.323990714694511439e+01
-5.755796135158698235e+01
-1.553338298437982701e+02
4.574824872910789963e+01
1.203567997311643722e+02
-5.902669525714426868e+01
3.937844948984902516e+01
-3.108223166279404381e+01
3.167593088180693073e+00
-8.245628394110528347e+01
5.840370825895746520e+01
-4.577263121591588657e+01
-1.153433317304062733e+01
1.601711418787645869e+01
9.368668112279904392e+01
-3.019142458881760405e+01
1.398639595556391271e+02
-4.434169424793618930e+01
3.167047249053980096e+01
6.371223739678634956e+01
-1.602698408359110545e+02
-7.484593199430184640e+00
1.031960950601973650e+02
8.141246929347980199e+01
3.627536201894218237e+01
6.935578595219233478e+00
1.693633824551506848e+02
1.238966731511398223e+02
4.022286290730914970e+01
3.707091978947720889e+01
-1.101357763230600710e+02
-1.636983590970712328e+02
-2.187798474285660077e+01
5.242066561529961177e+01
6.108259854380425224e+01
4.081285575068902460e+01
-9.589417964212343293e+01
9.499297838729989962e+01
1.380972699855743429e+02
1.720031391313056801e+01
4.073626779811689147e+01
-1.261172195340020465e+02
-1.410998094030235848e+02
8.243763136727352503e+01
-4.061708614696364350e+01
2.423531348088903670e+01
-2.609078306128723490e+00
-2.602646894232070451e+01
-1.471012935895143698e+02
4.861858625612303086e+00
-1.641465301171334659e+02
-3.881547975709994347e+01
2.954387790432926408e+01
9.503206482713318337e+01
3.934131149748827738e+01
-3.852031867387312758e+01
1.393916479661426706e+02
-7.823679380012892182e+01
-1.425031799909730807e+02
5.022924460541544533e+01
1.749731091296328316e+02
1.209784862602628692e+02
5.470723478902930736e+01
2.374954308502920242e+01
4.386967274787077997e+01
4.713586399225589219e+01
1.511002612758215946e+02
1.171631362336617315e+02
-6.444217047349910388e+01
-1.137557901468406207e+01
-3.392810167078770434e+01
-9.089792414529088660e+01
-1.515135523315344983e+02
1.025959730013455697e+02
5.111637370895356192e+00
-6.580959275755921567e+01
-3.197715848594737054e+02
-1.089821954243233222e+02
-6.983424432126996351e+01
8.494097459172815334e+00
9.003507046299782601e+00
2.131791663866736997e+01
-1.121441437833570518e+02
-7.021377356890985766e+01
-3.797760449888495060e+01
-9.332864169251145370e+00
1.465144134834689282e+02
-3.420365878025536688e+01
-2.557561820112561790e+01
1.141354207370442282e+02
5.501383966703189543e+01
-4.341558578257450307e+01
8.733118910357711684e+01
1.238726976190746996e+02
1.264641764400673480e+02
-7.243097869364980568e+01
-1.775461067582294206e+01
6.787853446602100860e+01
2.165893367419535309e+01
-9.167416513561806823e+01
-1.529834570309747903e+02
5.455564890202445838e+00
1.463355930742877931e+01
1.369534078963211243e+01
1.873258291306017753e+01
-9.394942869977643340e+01
5.675236263236740086e+01
-4.397308178164439596e+01
8.592287635899603515e+01
3.412617372605429722e+01
1.390418712974237110e+02
-1.491917231238812178e+02
7.932128135797908897e+01
-2.256930834705557487e+01
-1.766500890472951539e+02
-2.344236956502928848e+01
-1.836154314439536961e+02
-1.558048773120286796e+02
-2.498919467110230030e+01
-6.980800055223521383e+01
-5.160821789087260925e+01
7.594549812055923610e+01
-1.211529885037380154e+02
1.824510204358376768e+02
-4.006852830390972997e+01
-6.327333733284148565e+01
-4.895995911154041380e+01
6.877597606987606582e+01
1.305540059519755580e+01
1.381959912134019248e+02
-5.849558224941691265e+01
1.139784514468501087e+01
-8.196218707394743319e+01
5.933684331199727069e+01
-1.370685935406750104e+02
2.023124510731349091e+01
1.282892046609139243e+02
1.187774667856860766e+01
6.614032976886043080e+00
-1.207056604846030154e+02
3.322176770591820372e+01
9.531477863238382042e+01
-2.674099221002556348e+01
-1.917346341908173315e+02
4.868182871541408474e+01
-1.853711708077127298e+02
-1.090444095510773082e+02
4.036400795761215221e+01
6.068648818951497503e+01
1.014948717976878356e+02
-1.997833926771964741e+02
-1.135608145087961418e+02
7.744319399623122990e+01
-4.855370035718765820e+01
-1.092222886797901253e+02
-1.649435292971938338e+02
7.184553109666936166e+01
8.688596748394536462e+01
-5.229450318081333648e+01
-7.373431269938926391e+01
-8.620610564491464345e+00
-1.863544718360245156e+01
4.010243474124455076e+01
1.069131733543202785e+02
1.232610555311146356e+02
-1.253388488328347563e+02
2.747686025016187017e+01
-5.391851269045618977e+01
1.223441442453739256e+02
-6.610356845173515694e+01
1.623381576737311249e+01
1.655122760809100555e+02
1.169212975252704041e+02
-1.767458835776977537e+02
-3.617925864655138923e+01
-3.397948152271260014e+00
1.251108631570169081e+02
1.205827820767237455e+02
-1.218779723170462290e+02
1.230413637476899780e+01
-1.241793657952822905e+01
1.103910461297803778e+02
-1.197607881318627143e+01
1.127736716158238863e+02
-2.410537669474947222e+02
4.646258756135260626e+01
7.403953553302285684e+01
-5.196289618938970989e+01
-5.624063528908563825e+01
-1.275761369572323645e+02
9.104337344481162830e+00
3.447020642588554296e+01
-1.212749608724200812e+01
5.799460515316838638e+01
-7.399225403639047727e+01
1.643428186350166982e+02
1.469599678221529757e+02
-1.728580044509556899e+02
2.202751428862247707e+01
-7.191689488362449367e-01
1.234266799934166059e+01
-1.054733027059720172e+02
-6.590938741816891877e+01
4.921147557158292329e+00
-1.873414306454421023e+02
4.923458857980767078e+01
-2.031512553032405322e+01
-7.855794091522632527e+01
-1.136246137518794797e+02
-7.497578698474004000e+01
-1.191832485595164002e+02
-2.047921634332259444e+01
2.135666742794204822e+02
5.590969403189046716e+01
3.022712544682082836e+01
-6.290587638717499885e+01
-2.516270930868904827e+02
-1.004553373598948269e+02
2.874783395955292065e+01
-1.567701056582896513e+02
-5.712383162670484182e+01
8.389173966527546611e+01
-2.160766325475146488e+01
-5.544942795017834669e+01
-1.394050749834083831e+02
-5.220185448011022800e+01
-1.579562471487602648e+00
2.916834744920815581e+01
7.175704889633960804e+00
1.379029471631474735e+02
3.328378520119905204e+01
-1.758647530765261706e+02
1.365037425907466968e+02
-2.150695215445154407e+00
-3.898728296631946932e+01
-1.242328320530009478e+02
-1.266504858500840491e+01
-1.987670533746256396e+01
-1.081218808896287840e+02
1.408018822009161966e+02
1.098952565114533009e+01
-1.278083556369291784e+02
-6.922525722631252165e+01
1.193920077659814325e+02
-5.303743841430173944e+01
-1.662967543128047794e+02
5.804219417099710654e+01
-1.247084512303779746e+02
-1.350961264277484020e+02
1.008883771703867325e+02
-8.123136031496949272e+01
7.550529778372801104e+01
-1.931838519014438660e+01
-1.073451347416849870e+02
8.841226935893418570e+00
1.269542982947524301e+01
1.682931658845230629e+02
1.854016326384871149e+01
-1.369461429354876536e+01
-3.659044198363102396e+01
-6.408933949537477304e+01
-8.263415723597007911e+01
5.474160875460701448e+01
-6.055094449533384449e+01
-9.359826852984870982e+01
4.909906858009941288e+01
1.044596460580169577e+02
3.303235541371644501e+01
-1.172012861712588432e+02
2.883952601655450820e+01
-1.134520082530790432e+02
1.632080537134908411e+02
1.240597158500422026e+01
-2.990563533071506086e+01
-1.929682967423482154e+01
2.065842693386679940e+01
-2.528142477973175772e+01
2.607004137661730283e+02
1.344283340459964506e+02
1.086744753440847120e+02
-8.712237151320569239e+01
-6.707223494868792102e+01
3.972089407390389226e+01
1.075520404824054026e+02
3.381202523284937911e+01
2.062466258113386175e+02
6.721038688454398446e+00
-7.307821866823926982e+00
3.628782191295516668e+01
1.643017215084104237e+02
2.440092955360415417e+01
-2.104345932598561717e+02
3.001696740574225686e+01
2.212492560018733911e+02
6.750378002036651992e+01
-2.939505578872160996e+01
-6.564314475211967537e-01
-6.398011558729337622e+01
3.974808640114039093e+01
-9.366410624709187971e+01
3.388294303159509724e+01
1.200323293167853933e+02
-5.685201361049340107e+01
1.086240349624436874e+02
-2.783290381965798943e+01
-1.642354713863657594e+02
8.110859175403875554e+01
-8.146897458309732087e+01
1.207054932008587400e+02
3.027396154038697063e+01
4.027525450692717612e+01
7.216713024017748523e+01
-1.267239098116122022e+02
-3.058913211732372162e+01
-4.102587560021765967e+01
1.049533089022615258e+02
-1.003966905974022694e+02
-1.056358902407496743e+02
8.269669954996800243e+01
-2.680432916125801057e+01
4.370083914496662203e+01
-1.004106547005443701e+02
-6.840087790478060370e+00
-7.437087927950231858e+01
-2.138008371393571849e+02
-6.594745022257400535e+01
-1.394124966734208328e+02
4.015877114025344241e+01
1.929088713747866279e+00
1.597058114790494017e+02
1.369322387955972147e+02
1.189823268658036000e+02
8.562494309974339046e+01
-1.436214039480811095e+02
1.882039839453496910e+01
-1.855148915318379466e+02
-3.449275678208185525e+01
2.019630153929767147e+01
6.100837268483044795e+01
-1.291230107581467905e+02
-9.115283609655043051e+01
1.149724533338964960e+02
1.540936028700883753e+02
-3.044415859052668694e+01
5.399319294096522981e+01
8.029460946692795176e+01
-6.053558644973786151e+00
-5.294676012421101774e+01
1.002309408086503311e+02
-1.565505407519037249e+02
-1.055656700529968930e+02
3.028438761581591265e+01
-1.236460481464171437e+02
1.069002705657380687e+02
-4.899615463454924935e+01
7.363136236780104582e+01
-6.093594280392094475e+01
1.066279793637948217e+02
-1.320269014935612972e+02
1.493977866794186227e+01
-3.831095153522380770e+01
-5.874635458022877543e+01
1.168593088581893937e+02
1.378867580276110161e+01
-1.788750523160245365e+01
-4.030656776990664270e+01
-1.261448972895636871e+02
3.014782957783066930e+00
3.071396604566956956e+00
3.758849223989181532e+00
-5.799861624151552153e-01
1.081961760225300662e-01
8.026114752508883043e+01
2.573875818258699866e+01
9.319989192564353431e+00
-1.453749974873288977e+02
4.294699095476467932e+01
4.904815749855609752e+00
1.207837782285798767e+01
5.583212121301539099e+01
-3.625798549574047769e+01
-5.623451853044121407e+01
-5.152154009326997652e+01
3.099639234758245721e+01
1.954063349511309511e+01
-2.695165051532148368e+02
4.030443818323390559e+01
-5.313229204620017576e+00
-1.362229088493484319e+01
-6.881977534110229833e+00
-1.686506926354217129e+01
-9.706906085409045204e+01
-1.308753336908141023e+02
-1.231617783134510233e+02
-1.393254347289719135e+02
-6.385930613102085118e+01
1.332936687518908911e+02
1.189486760162929713e+01
-5.350294444181289322e+01
-1.115746933642319227e+01
4.166072269516034510e+01
7.010343594943171297e+01
-1.299084999291972053e+02
5.863478857682727607e+01
-6.169977895094662657e+00
-1.745259294675538513e+02
1.525666428787525231e+00
8.071457559439623708e+01
-1.193143847298511417e+02
-2.203301669788834545e+02
8.228951856962883937e+01
-2.729954354092354407e+01
-3.121546587861731581e+01
5.074781527168023132e+01
6.746134524013955414e+00
6.550969291406993023e+01
-1.815374896537086613e+00
3.035114464339205753e+01
-1.981857631599216241e+00
3.385373421045752451e+01
-4.615225432063216893e+00
-1.009723491280011842e+02
1.110014020821767389e+02
-9.744486667041486783e+01
4.674215388130813409e+01
-1.368742105216317952e+02
4.816237311375175523e+01
1.343526530083271666e+02
7.969977435646471520e+01
4.250535189600305586e+01
7.806773019143132331e+01
6.123794070791416999e+01
2.565818379423120987e+01
-9.292601032710193465e+01
-3.835874976864960928e+01
7.972173697688720040e+01
-2.433367677201830759e+01
-9.646492553487480137e-01
-4.267157191057424370e+01
-9.864203336742708927e+01
-3.980412191767937458e+01
-5.778850985842133525e+00
-2.054532978056609593e+01
-1.015986540869965182e+02
-2.119332454567006252e+01
8.140108774314153095e+01
-1.318259069730981423e+02
-9.175405022361231033e+01
5.817135242656134864e+01
7.781635835020450997e+01
-2.642218449909340805e+01
-9.932903283029909858e+01
-5.959552117920684111e+01
-1.067140792754940719e+02
4.946428664145403076e+01
1.172306014938983338e+02
-7.996242389007549889e+01
9.904892770951852299e+01
-6.861887387277985795e+01
3.153822130563867621e+00
-1.252555875503897198e+02
-2.223120768458248264e+01
-1.031028452060168235e+02
1.504238309840649777e+02
1.483231370346709355e+02
-2.611982776785733762e+01
1.448404542047013877e+02
7.517849907945010557e+01
8.274476880580536431e+01
-1.676549613734415090e+01
-4.793827231469380479e+01
1.310530272341233626e+02
2.918394221934583754e+01
-1.331152906339338315e+01
-1.212993569797253812e+01
5.562808356644109153e+01
-1.377020836858788844e-01
-6.770253306153624351e+01
2.242189173280695869e+01
5.742688726550920109e+01
3.581559034694052457e+01
-8.447973261320493066e+01
-8.368956647424758444e+01
-5.163265321263769891e+01
-1.300341842862514596e+01
-2.673295332890084453e+01
-3.484519057142344423e+01
-1.967923391241743403e+01
3.471384992267837077e+01
-1.246077296385164459e+02
-4.113412822031522609e+01
-6.863827202558498186e+01
-1.403359126182502052e+02
2.412501024480902174e+02
1.047234273649488188e+02
5.483889894435358769e+01
-4.577934901588351835e+01
-4.832887840865943474e+01
5.948413586292297595e+01
5.126373980628616067e+01
1.153822763588633791e+02
-2.018900843613707607e+01
-2.018780222544325227e+02
2.193688691530700652e+01
1.384999996022755511e+02
-5.083308313824051794e+00
7.082682086239789498e+01
1.449900687943391517e+02
2.109684644260189259e+02
3.481626451138573231e+01
2.776390315927611852e+01
-4.080467879566597844e+01
-5.487477090879204411e+01
1.339305623601212289e+02
-7.974570421668417453e+01
-5.261374615156974954e+01
1.415517278833747810e+02
1.090556453247641429e+02
-1.213119663486137867e+01
5.045560460349289400e+01
-1.112066248699155011e+02
-1.117602094639772901e+02
-5.947963414023774931e+01
-3.278260933192787974e+01
1.144775994477185854e+01
-5.116331358990699130e+01
-6.317450016163815718e+01
2.510924664208431878e+01
9.223950507255911191e+01
7.787411848598921438e+01
-8.645159442267990357e+01
5.250815715879962653e+01
1.163624889302944041e+02
-7.635564765171197976e+00
-2.922404332564561713e+01
-3.554790134469759266e+01
-1.004564677779255355e+01
1.027530182791554410e+02
6.232558731116851547e+00
2.353830804286464229e+01
-6.352098102457651407e+01
-8.033164430729961225e+00
2.216634554706672944e+01
2.098082232237514404e+02
-2.133440823651349572e+00
-1.727232588008792646e+01
-1.116989721405890066e+02
-6.608779868672941404e+01
9.908499979893856846e+01
1.748593333607495737e+01
7.696853724655997553e+01
5.387688873426512970e+01
-6.580486105532399677e+01
1.792301876252479076e+02
7.551728435384577054e+00
-1.951074243468659688e+02
4.478142882201106900e+00
9.004412601595358012e+01
-4.552472719952776004e+01
-6.149830702393901305e+01
1.504218068583010108e+02
9.678607554132481994e+01
1.626307575839479682e+02
7.009744304668338089e+01
-8.269072694420911773e+01
-2.326196542908837159e+02
3.330991331705391900e+01
-5.296143621213664687e+01
-7.097357768881097684e+01
1.020272256644241082e+01
1.092914509284142355e+01
7.856511637316295094e+01
4.336394549734055914e+01
-6.435036230434010918e+01
7.472004283129929547e+01
8.639245695365501376e+01
1.511040774713250698e+02
7.974217146845789195e+00
-4.000844392260653137e+01
-6.566091033426280532e+00
-7.133462086798401458e+01
-1.944891863061284880e+02
9.161312279280988946e+01
6.231927341723060465e+01
-1.870913857471204267e+02
2.154325058590153574e+01
-1.826295709936536582e+02
-1.348689051720116936e+02
-3.099038635836165767e+01
1.381507480654204585e+02
2.470421324797970541e+01
1.139867850913160936e+02
4.504657847280919469e+01
2.549295128460390814e+01
4.340170280135090763e+01
1.635290904859051295e+02
5.761023722878615416e+00
1.004695827068580769e+02
-1.739252575454759722e+02
1.541625053717233840e+01
3.928558916599883588e+01
2.755100553886013159e+01
5.397396248422776921e+01
-6.856422702232531208e+01
3.412065500920196115e+01
8.337420202474331177e+01
7.246384568850677965e+01
-7.370783586956279443e+00
4.918088928884843369e+01
1.537296653846673955e+01
-9.368324729519935090e+01
2.094440545349069183e+01
8.894316573924096758e+01
-1.443904384742882314e+02
1.695572738399443580e+01
1.295434683070268278e+01
-1.681547257732979972e+02
6.220728468194437966e+01
-4.867113890129162712e+01
-7.304612500390733487e+01
-3.205388179246031033e+00
5.999659231070515375e+01
9.746495195585782767e+01
4.436383541068094871e+01
-9.387642613965046223e+01
-8.425766292867348284e+01
1.687641274717159092e+02
2.464917655617381076e+00
1.433900095124244274e+02
1.164503306701815433e+02
4.559230489998208569e+00
-3.901921522125603303e+01
-4.014120696783608366e+01
1.789709124961219544e+01
-1.374428507173772402e+02
1.188007689261951327e+01
4.169293216117895184e+01
3.297303821007922409e+01
-9.150357718465286894e+01
1.183361372324216632e+02
-1.025980753284139837e+02
3.924087221687717175e+01
5.463551181128381273e+01
1.131565025479103923e+02
-7.048628728708523283e+01
-5.080929702619688015e+01
-5.970627491145766186e+01
4.750323688314535531e+01
5.199021149224606120e+01
5.117435271066518965e+01
-3.988812859327528315e+01
-3.766807665602227928e+01
8.228511117408291398e+01
-7.508801640813607037e+01
1.123789265529056962e+02
-1.374989643941732425e+02
1.738889234731609577e+02
1.076212922525501803e+01
3.564035441708789875e+01
-1.720294192003327538e+01
1.016278265850386902e+02
8.347807880984731810e+00
-1.007111242012567232e+02
-2.850735170337562252e+01
-1.038638303529793063e+02
-1.067508267794860899e+02
8.988808266890307763e+00
-2.424270944097288805e+02
6.829787974141665075e+01
-8.244535652702802508e+01
2.072770695471047375e+01
9.195174505288713362e+01
2.943369691627663087e+02
-9.161709584924459193e+01
7.525084924988770751e+01
9.295516105915892169e+00
1.030602939585960058e+02
2.461325441565361771e+01
5.372670425854255427e+01
-5.646421908045428495e+01
7.448309024879388573e+01
8.651625852382750281e+01
-2.954274567909780203e+01
-5.700654218371933268e+01
9.933271554070761056e+01
1.217790758977532128e+01
-3.904454939621214749e+01
8.622807782972149937e+01
-1.209817769981503810e+00
-1.404781264546173531e+02
-1.325923197134878606e+00
-5.443925979790439840e+01
4.427120112154255338e+01
9.915737549213980628e+01
1.774657827355626409e+02
2.119526672018995228e+01
3.144435343592143539e+01
8.361008290484019767e+01
-2.252436903683513236e+00
4.424620921781740179e+01
-5.042630842483247022e+01
4.261638776978239918e+01
1.060076211577018626e+02
1.865953543764851190e+02
-8.000449007311689797e+01
-1.559775904539966405e+02
1.124971447513851501e+02
1.827083230541756222e+02
-1.223776226183595099e+02
-9.736912859596394298e+00
4.069534195018414380e+01
-5.143473437298864326e+01
2.557328475108472432e+01
7.216851421250409260e+01
2.571240129472566238e+01
3.558010885303054494e+01
5.174624672991764385e+01
-1.511772636162500660e+01
1.226845009948250187e+01
1.039556698695795234e+02
-7.887499895023870522e+01
1.523739445490720641e+02
8.539618583086235049e+01
-6.884689032464943637e+01
-7.152449441990339096e+01
7.250712696503860855e+01
2.093346350244315346e+01
9.158524770828071837e+01
-3.995908675195963156e+01
-3.533179308203569491e+01
-1.794043174433817285e+02
9.749271264544347559e+01
5.614177990490420456e+01
1.117382331762576229e+02
-1.233904425926571413e+01
2.734151062545843835e+00
2.023463012214119416e+01
2.080609755789685167e+01
7.786130932836887553e+01
-9.421265384832118173e+01
1.311649960777167792e+02
1.248168333489904143e+02
-2.795849936747915265e+01
9.051723046172111253e+01
7.297551558002386685e+01
1.843228457670431553e+01
6.485815302303662122e+01
4.924698933600653561e+01
1.330755504129287488e+02
-1.722174950798303712e+02
8.574500129078467126e+01
-5.383651030518663561e+01
-1.412416477474393446e+02
2.452339482692246122e+02
-4.207400601490718373e+01
4.587528002272121341e+01
-6.912662441330030560e+01
-1.085176604283890356e+02
8.132005197879563241e+01
-1.319311904581350063e+02
8.487098424870796975e+01
-1.817062017012274850e+02
1.141212819201069983e+01
6.897930882430160615e+00
2.394100838339894892e+02
9.559338868024546798e+01
7.575055851886813230e+01
-5.489794439308447238e+01
3.432446844548856291e+01
2.708673037443659126e+01
1.306405304859848293e+00
-1.966529770471252192e+01
-1.532231836698244543e+01
-1.561623900939601413e+02
2.086149683453660941e+01
8.864271265386273058e+01
7.401242038866885764e+01
-5.864371230364610454e+01
6.735536765239643842e+00
-1.222428520431089680e+02
-6.239879379026957196e+01
1.491404885048134474e+02
-4.560661582481905185e+01
1.453602357299222936e+00
-1.480608114992506046e+02
-1.360036549602900777e+02
-1.385187394283234141e+02
-1.254472432787062957e+02
3.376683280802065212e+01
-1.291904185750941281e+02
5.924940614097853597e+01
2.436299477076082383e+02
-1.965676610857583455e+02
-1.386431452590909075e+01
3.081943510302456701e+01
-1.064648176071030434e+02
1.406269294595072950e+02
2.653150394178630300e+00
8.151155065123263910e+01
6.683300985662172877e+01
2.571694286592620671e+01
-5.423742481441281882e+01
-2.697494882271618266e+01
1.009112588858866033e+01
-8.777476968768746701e+01
5.001612121762924090e+01
1.744219492384401349e+02
-1.423445059360725509e+02
-1.672847656842144204e+01
3.993523457797905252e+01
1.466123910959855436e+02
3.465153555920726802e+01
-3.999904961507822776e+01
6.116670254921736216e+01
-6.341746152612103771e+01
-3.198903327895778403e+01
-9.190877333476954902e+01
-1.115759718334092412e+02
-2.455503746406538710e+02
-8.733676381006846157e+01
-9.480555248858557604e+01
2.167945863912481563e+00
-2.505738309029278099e+01
-5.955025468641674991e+01
-1.646897930196182358e+01
-1.821272180677378003e+02
2.354053760779249060e+01
-4.163661248371963097e+01
-6.105568655663479660e+01
-1.442865194561457187e+01
1.327821415559890283e+02
2.590171874507968823e+02
4.519828166436697359e+01
6.398604841909941854e+01
-5.601453643751531075e+01
-2.197660335504588858e+01
-6.682958826437960909e+01
3.352103277723739438e+01
-5.743006955387677692e+01
-6.869060250754675678e+01
2.868754851167196307e+01
1.694916543380729834e+01
6.240157546114473597e+00
1.201522117839607375e+02
4.315042048045417999e+01
-1.099216894258192809e+02
4.582847545699268466e+01
-6.764363426931483048e+01
1.247760920969955407e+02
1.388369102704307920e+02
4.501157183198905187e+01
-2.157163412705141639e+02
6.638534352784191128e+01
-2.424261745937674561e+01
-9.728871605330058969e+01
4.799892250556802509e+01
1.559298834225725727e+02
4.060341751759723650e+01
-5.826464541481944082e+01
8.820354527763772978e+01
-6.038639217262543468e+01
3.141897031320011635e+01
1.574167509164238652e+02
