1.041189989823499644e+02
1.123227007565606641e+02
-5.935071773120046146e+01
-6.582904405595353126e+01
5.092575206874209925e+01
1.132187686471472858e+02
1.989638865994203698e+01
7.023064421871626450e+01
-1.129816317485952197e+02
-2.334767820675829242e+01
-6.893077730695280536e+01
1.352485058306580470e+02
-1.676963966103158299e+01
7.818379670764879563e+01
-1.474828112648019669e+02
-1.320008020773758233e+02
4.597280138237526614e+01
9.203102174966379323e+01
1.246490490961103177e+02
-3.402121121790492708e+01
8.140341654508765146e+01
-5.359326824136245904e+01
1.491782023070279095e+01
-3.897392896671898654e+01
-2.635099388222582917e+01
-2.230767689846991857e+02
-6.391178936262651433e+01
-1.313213712485232634e+02
-5.941564845819938157e+00
3.367801010343340096e+01
-1.720212437826677956e+02
-2.065608497203711380e+01
-1.037467513825320680e+02
4.257223870435409196e+01
5.851936588985751797e+01
-3.484526476777413251e+01
-2.899667144019124976e+01
6.665096556017520868e+01
-1.639096138070360098e+02
1.138012581482544761e+02
-6.096739268255358724e+00
-1.052100151566784945e+02
6.126101016846794067e+01
5.453463083858304117e+01
8.161659386216599898e+01
6.339053684557256219e+01
2.674371023423537608e+01
1.201745170372766864e+02
-2.284008382945091853e+01
8.832221342042770118e+01
-9.257958100720644623e+00
-6.305786090608189909e+01
-2.507354537368624676e+02
7.208325151563762745e+01
-2.322677769740386466e+01
-1.193593965919754822e+02
4.235665553729465671e+01
-6.357347313287079515e+01
8.829022631093889117e+01
1.934554598574612072e+01
4.579753185184456044e+01
-1.404163590421338093e+01
1.208316706361168542e+02
8.492749117945280091e+01
-4.971647096894852780e+01
-1.276540115835485381e+02
7.771334162626443742e+01
1.105608612313602350e+02
-1.555589313125184958e+02
1.020963461533801109e+02
1.462896293882878069e+02
9.507454910178269358e+01
-7.538275393646696898e+01
1.298799162229850168e+01
4.545783571163114090e+01
-4.736782689615040454e+01
-1.368508761024725970e+02
4.721498232114466020e+01
1.631621699886594570e+02
-1.610098782022365782e+01
-4.665868252364709434e+01
1.006622965157994258e+02
8.669591003150827646e+01
-1.906243689264874490e+02
5.707831715386588911e+01
5.276341585931486122e+01
7.995325126259709236e+01
-4.816527970928272140e+01
-4.868746605377867098e+01
2.474472451461732021e+02
4.078296173106839007e+00
5.535392561241062026e+01
1.462648332572219090e+02
-9.068284492681584652e+01
-1.347147306069574597e+02
9.916412599181778376e+01
-3.180725257512177606e+01
1.695393374030864777e+02
2.134541107493075174e+01
-1.294500734109466578e+02
7.531116141023089483e+01
4.294163368996573382e+01
-1.340544859898150776e+02
5.115141122900709547e+01
7.387975547445535085e+01
4.901673552202309381e+00
-1.202742590913462948e+02
2.282524927838045983e+02
6.195162902079682254e+01
-1.470875999651596544e+02
-4.046603002643041691e+01
-5.292898611885708959e+01
-1.163661708717798859e+02
-4.444511917728651440e+01
1.794697516339625167e+02
3.163810858299737916e+01
-1.387459523423187306e+02
5.968973813470142176e+01
1.274985115132439262e+02
-1.003426066230096438e+02
2.117718561006094458e+00
-3.146722191086337972e+01
-1.331609080001630616e+02
1.012567702886216523e+02
-1.582293231331847778e+02
9.060826877495286169e+01
-7.122347481290580617e+01
-1.448295099187817243e+02
-7.001860026400289883e+01
-1.594028405089925400e+02
-5.487168228705484552e+01
-1.000071314215294223e+02
9.661473330129975778e+00
1.204781619491099036e+02
7.882582259113155487e+01
-6.242609681252017140e+01
-7.345535524158789542e+01
-5.949593192355327353e+00
-1.938555466432020467e+02
-1.421793442738241993e+02
1.620166797362701629e+02
-7.752214691737438557e+01
-4.315834128685450466e+00
-1.025784343017013924e+02
-1.029802473633342856e+02
-7.498183785238897059e+00
-8.156094412998079690e+00
-5.048406150799240777e+01
5.554869133357021838e+01
1.008455654699552753e+02
2.460467153277701513e+01
-4.423747153086778638e+01
8.128169047017397020e+01
9.835161469825231961e+01
-7.993614007961807033e+01
-3.953936723303165479e+01
2.057436971057550181e+02
-2.376827767076961493e+02
9.859208822552770357e+01
2.101306777204197829e+01
2.882257280178705727e+01
-1.522849461137412561e+02
6.194128190079125318e+01
9.672979280837765259e+01
4.415930366233862259e+00
-1.084802292318413919e+02
1.769607783619005303e+01
-5.172112509119563839e+01
-7.904058745564779542e+01
1.710070320224576221e+02
-1.146850948268934189e+01
8.616088111246649817e+01
4.251257825610633034e+01
-9.739927731138556055e+01
-9.617433831126851373e+01
-1.275058975585446603e+02
8.587333669427013660e+01
1.420290210756869840e+02
5.726964442549319756e+01
-1.772992570503202217e+02
-7.460275827846744789e+01
2.703122599599926161e+02
-4.323904056158879428e+01
7.062375404777128551e+01
1.687333004748460041e+01
8.416944921488567388e+01
-2.706002175987251235e+01
-3.031730026708229531e+01
-2.009772018615917659e+02
1.308895904662776672e+02
-1.391953129216718921e+01
-1.338349214702120094e+02
2.424530643763509730e+01
-1.567718814795056481e+01
5.133792588306499205e+00
-4.002919920300985979e+00
-1.934072121875253458e+01
-2.075146410628577769e+02
-1.001738797672667687e+02
-5.579458320396937410e+01
-3.005839364272505918e+02
-3.113428017792417108e+02
3.040570084501297998e+01
2.513343781523335707e+01
-2.041529583649809609e+01
-4.369733189125462047e+01
-5.243246862335551128e+01
8.093748265111062778e+01
8.648485113984042982e+01
1.444867938984041871e+02
1.636270632793456636e+00
1.176545859288588076e+02
1.058667050653554043e+02
-9.816568413384304392e+01
1.416489529436462931e+02
-4.133865995960223927e+01
-4.833408531682680120e+01
-3.190736117757057144e+01
-1.140201830374743821e+02
8.548530186239888451e+01
2.105343213987439288e+00
1.164101200875892914e+02
-2.058648473056351946e+01
1.097713340246699119e+02
1.533323200881129367e+02
-3.403967903986504240e+01
-2.349212418739470820e+02
1.595393643686301033e+01
-1.309646258981118478e+02
5.300100758007140200e+01
-3.985319394630005974e+01
-3.620601423559226362e+01
5.294968175546748768e+01
9.606290672178569423e+01
-7.119378791510189153e+00
-1.027633420744798229e+02
-1.034497677252518031e+02
-1.584077869454288034e+01
-1.262033698481437796e+02
1.053803145012230758e+01
-9.209240539061859465e+01
-4.980230906945831748e+01
-6.338459857100283301e+01
-6.290547741353900335e+01
-1.933494733241472119e+01
1.140733706468037667e+02
-7.721410171127786271e+01
6.009778197629596264e+01
-4.703255883730430753e+01
6.916837043496011006e+01
-5.244315527133608157e+01
-1.707541022904482020e+02
1.773366955671986389e+01
4.485438470038376835e+01
-1.308470932386701646e-01
2.998585180305049391e+01
5.270240938990916391e+00
4.582714495324126602e+01
-1.754591111529381635e+02
4.686811697308004199e+01
4.830158949942799751e+01
2.009459275709596398e+02
1.170286039972205145e+02
-4.088322249808427955e+01
9.491107234626738887e+00
-3.942994534030951570e+01
-8.715342273068051782e+01
5.427271977105209544e+01
8.998828454172297597e+01
7.336213904618573167e+01
-3.827698578518486983e+01
4.774268531496066714e+01
5.223660318518219725e+01
-1.823047201933300698e+02
1.077891821309650595e+02
-1.575558313135622335e+00
-2.705970529583226281e+01
-9.625215636736101033e+01
2.605563470353739319e+01
-4.872643934750555417e+01
3.023579155961357046e+01
-1.504805237217506431e+02
5.380277899601892067e+00
-2.383798757057541593e+02
-5.394027317453262782e+01
2.367246507642573405e+01
4.249401139794471050e+01
7.780661751247390612e+01
6.897902983406038402e+01
-6.036386227562272921e+01
-7.585231186769129330e+00
-9.163588925151529452e+01
-7.727469917784866027e+01
-2.326173208210488497e+02
-9.860709168644410738e+01
1.322975358099333789e+02
-1.720287372713864116e+01
1.052991995569932016e+02
-1.296877750974315688e+02
-1.381863277173664528e+02
2.506730377076726413e+01
-1.021868681146089699e+02
-3.118589140524703396e+01
1.210539463624719474e+02
-3.019645028279983734e+01
1.204695539296751150e+01
1.111494691481031083e+02
5.343779813150185909e+00
-1.969598700678184500e+01
-3.872866218169033914e+01
-3.378870906455141210e+01
1.286951862364231260e+02
-3.047051017162148767e+01
7.143001164894795352e+01
1.786181681486421535e+00
-1.866343198612889509e+01
-1.929291519682711709e+01
2.647636840663234921e+02
1.229055156165034646e+02
6.438405066451323044e+00
-1.382521151003302577e+02
9.432950149443139765e+01
-9.992617790980222736e+00
-1.687720553450897114e+02
-7.598213738910715165e+00
4.122229043576338370e+01
-7.474254542198603701e+01
-2.513422113142833041e+02
-1.913382624993337231e+02
-4.949242004550274743e+01
-7.864688934868452463e+01
4.779689901099659721e+01
9.340275243824001095e+00
-1.695578146454667490e+02
-7.102000380488946973e+01
4.977644811542002401e+01
-1.852593760869129014e+01
1.206417154986710898e+02
1.029019973854719154e+02
1.661458104815783088e+01
-1.729629648441140830e+02
-4.034654751419212459e+01
1.686139185776048350e+02
2.239762552020773683e+02
1.299952482028886891e+02
-7.149206480405710806e+01
-2.963739625757193608e+01
-8.391201397382729965e+01
-3.887980969826658395e+01
8.691417925612734052e+01
-1.788824259241156938e+02
1.293872826787653310e+02
-9.431520953164786647e+01
1.138588908532565398e+02
-2.243902446792805563e+02
-2.106468673013056758e+01
1.321942061912141924e+02
-3.858651510242392391e+01
-1.025492679821442294e+02
1.759463933724698279e+02
5.258569829803038687e+01
-1.988325060600922143e+02
-1.776383276312477477e+01
-1.174648304523716575e+02
-1.165038763733053173e+02
-2.764571404833781187e+01
-2.055709280758253499e+01
-2.008440572772961730e+01
1.179583455899042832e+02
1.728506084257807718e+00
-7.073126344609258354e+01
-1.218028693801610274e+02
-2.499960293547885897e+02
1.076458856611695438e+02
2.105075256184629495e+01
-1.088007433979456451e+01
-9.411670071235242574e+01
-1.048330483198323009e+02
-1.937219064943506908e+02
9.643524263618218129e+01
3.888166586527131585e+01
2.196374052654477183e+01
-2.899620722460663202e+01
6.912083700671435338e+01
1.255336551167481751e+01
5.271431306415173168e+01
-6.466643705074810100e+01
-6.661324206021510008e+01
9.659787779142028796e+01
6.251095783904274583e+01
-7.692690680299381256e+01
-6.537377324551289348e+01
1.616486248478779544e+02
1.712513744456450979e+02
-5.659112230913442687e+01
9.867906661713570315e+01
8.063607061098848305e+01
7.287774320418265006e+01
-8.016486226046127683e+01
-1.132948047490381072e+02
1.013638769595623046e+01
-8.471077185565698642e+01
5.850272450227674881e+01
-3.072473749557530809e+01
1.098776277368470886e+02
2.009877097428543493e+02
1.452274719827673835e+02
-9.075574998139069294e+01
-4.973446458524841063e+01
-3.214144364235955464e+01
-2.667564487458857059e+01
-8.835603586652831964e+00
-8.701662615598857542e+01
-1.342953272114281731e+02
9.669518489618658919e+01
1.109667108847394132e+02
7.682571881567783123e+01
2.086921888166941130e+02
-4.788812182459793121e+00
-5.343386046446412507e+01
2.012160100724777934e+01
9.564476234641497854e+01
-4.913879760317548318e+01
-1.088817396946793252e+02
-6.209493032443339899e+01
-1.771267119034668980e+01
-1.074201906266164883e+02
-6.344561497258153793e+01
-2.585114993297105102e+01
2.175169394721286409e+01
9.458625783173941670e+01
6.474434290704363271e+00
4.256650642134724905e+01
-1.751064016139774138e+00
-1.965586319814240923e+01
6.547587287161841019e+00
-1.261821926362367741e+01
1.821498200455403449e+00
-2.041709590224174633e+02
-7.885806350695214917e+01
-8.075096176668493797e+01
-1.225997426593237520e+02
3.858467328981495914e+00
-2.630831670692284163e+01
7.461371168518077468e+01
-6.533397280074545677e+01
-5.854722388452751147e+01
-9.750451641376814393e+01
-9.218725419030059243e+01
-1.470316355889260906e+00
1.197701466012542255e+02
-3.469496203960131453e+01
-1.483175253883419202e+02
-4.370121301120780544e+01
-1.092009625414498402e+02
2.535407831292182479e+01
-5.659570729980408110e+00
-8.974330660534057813e+01
-1.722206196901578039e+02
1.110793357998414592e+02
2.263548200432067858e+02
-1.237744246728094737e+02
9.783412965718916610e+00
-1.234551906850785059e+02
-7.768383774061491920e+01
-1.220633505334086237e+02
-1.410845452400788531e+02
-2.209822952653201167e+00
-8.701718867203670982e+01
3.653749549973849042e+00
-1.623462295674975309e+01
-9.851836156941089939e+01
-3.242141987236927747e+01
-1.477893727583563361e+02
3.352671286823087371e+01
1.336475379106768457e+01
-7.119712922600869831e+01
3.760345974000652802e+01
-6.299308197080667782e+01
1.469243926548880381e+02
2.356687118479863443e+02
7.921122887566883719e+01
-4.311030958588591488e+01
1.610253262574499900e+02
-1.804447808783573635e+02
-1.318089054106094409e+02
-3.493712782417659923e+01
-8.955112939751407453e+01
7.465432637221020684e+01
1.328102749286481412e+02
1.041867325296095856e+02
-8.324820054942071579e+01
3.826624678134459145e+01
-7.154215295543265540e+01
-1.025663405565599646e+02
-1.669998688118824903e+00
-1.225087209498606029e+02
1.433319872204472567e+01
-1.162974617606552528e+02
-1.676536445978650249e+02
-3.713361630766357280e+01
2.377611888771662052e+01
1.313141046760445185e+01
-5.585720441784601320e+01
1.552062048373605307e+01
6.074705017255249118e+01
9.660827063850656771e+01
3.597326096057280864e+01
4.492119670508198936e+01
9.520106712192331955e+00
-2.044445675507768101e+02
-1.483160203644368380e+02
-1.362416128778104110e+02
2.235637123015057171e+01
-3.969990488380794602e+01
5.649121704201859728e+01
-1.399007304842215262e+02
-1.151685946199218193e+02
-2.770800165620859801e+01
-1.625870374450380496e+01
1.557037422946778982e+01
3.891001985625754145e+01
-1.519165640331921807e+01
1.348085949215060850e+02
-6.302315869325810382e+01
-1.479369260641384187e+02
1.141336248146212107e+01
-7.186949567188153765e+01
-4.105585437942889371e+01
-2.036342074070533670e+01
2.028690132545582259e+01
-8.144979593142083729e+01
-3.979868031627661562e+00
5.826929358901567468e+01
9.776491239267630817e+01
-1.020226955464535052e+02
-4.046521363182250752e+01
3.924637855539595677e+01
-1.101319239581949816e+01
-3.809154283073679892e+01
-5.104368923417361703e-01
-3.608320198514084609e+01
7.257130823751166915e+00
-7.236234969558817909e+01
-1.173105518402505254e+02
1.038057313003222930e+02
1.836765234586680151e+02
-8.260662102861456901e+01
2.199638303423959229e+01
2.906896815471489504e+01
4.342998874941141452e+00
-7.348711635331345349e+01
-2.025307160556428983e+02
-8.603635451182697125e+01
2.531880246531638790e+01
-2.230406335781055702e+02
-8.797341805743853627e+01
-6.538735910973858267e+01
4.469555373912658069e+01
-3.839348123604332130e+01
-1.359601187262863107e+02
-1.375782043905003889e+02
6.239883439035399704e+01
-1.094226189420912050e+02
3.874437100376839282e+01
1.253880939512986004e+02
4.334384747637797020e+00
-4.696617109335345930e+01
7.120796913636370107e+01
-5.607038680679481502e+01
4.891621159058568935e+01
1.307052634707551064e+01
-7.749246924568311101e+00
-4.499056052191723154e+01
7.880562444501070729e+01
4.591248192343178403e+01
-1.139914581622555687e+02
-1.051571836869832595e+02
1.271791930123661416e+02
-9.785074497492925616e+01
8.958061879238962888e+01
4.063414129944696640e+01
-1.500082403858661451e+02
7.411476232697096123e+01
-3.247090328685821703e+01
1.000260262474167945e+02
2.028664493361399366e+02
8.414500168206356534e+01
5.586685709436902236e+00
3.151179954681121131e+01
-1.075948262092621803e+02
1.221396595804375380e+02
-1.423207489681123548e+02
1.026874155641674093e+02
4.624979170512281712e+01
-1.175495808285675565e+02
-2.491689424190081183e+02
-6.815853395439322071e+01
-4.831923547813522646e+01
-5.791231222693222236e+01
-6.408219096095515965e+01
-6.263044111949248105e+01
2.512420082159864343e+00
-9.937466950827867151e+01
-7.399834820280766223e+01
1.350629282580195252e+02
-8.485618299701268086e+01
-9.841834514289745073e+01
1.838489362893602959e+02
2.430875844163950106e+01
-7.710822198142604122e+01
5.122735755485754794e+01
9.487870789409309680e+01
2.366044293038613233e+01
1.289462661072650178e+02
-1.006609016760935589e+02
-1.365988633210924093e+02
3.417972280059403545e+01
-3.351944722513562880e+01
2.601141517676098047e+01
5.849317268463593011e-01
5.615951783787646434e+01
8.631167864243580823e+01
1.070102402418644942e+02
2.232138255107427227e+01
6.915265422150276287e+00
-5.320033724360855842e+01
-7.923923035573238849e+01
-6.637934360204981488e+01
1.917567860043710652e+02
-1.182418698288290670e+02
2.202180418256607908e+01
8.416920677882169244e+00
-9.582714396883237384e+01
-3.338332136982909049e+01
3.984555179346007492e+01
-6.278243623982985966e+00
-4.715475154300025906e+01
1.133804476059094810e+02
-7.514151507585798129e+01
3.044772320533714272e+00
1.799776084482130045e+02
-5.959524367261948186e+01
9.135639968065747496e+01
-1.561966316787255238e+01
1.153384868153635665e+02
7.944234166242090112e+01
1.732113673358196024e+02
-2.718161007507201177e+01
2.031809762971938582e+01
1.295155509788867505e+02
-1.243493537622007494e+01
-3.410708476548697377e+01
5.954099803988736284e+01
-3.217247784841209182e+02
-6.618822352826710187e+01
1.032791717886198057e+02
-6.271177093204327946e+01
1.181460685484219368e+02
8.643819363304153569e+01
9.790083496670552776e+00
8.371158050124755334e+00
1.512283842426026013e+02
1.072560662685304749e+02
5.647611259830270569e+00
-1.870405386710193056e+02
-9.859758231951227003e+01
9.360484945277804059e+00
3.002419019090312702e+01
1.157633634349177214e+02
2.114500523980736375e+02
-8.561381025683648716e+01
2.873611536900726549e+01
6.824641619103689827e+00
-2.612069936284263250e+01
1.114034507437857258e+02
6.958790186444952042e+01
6.138439020136898350e+00
7.717333100802271417e+01
-1.055575897721052456e+02
-1.327600620419254653e+02
5.047639359474811727e+01
6.330071609862947923e+00
1.334471951276374284e+02
1.138054883680568423e+02
-6.517589440396685418e+00
-3.414595899739198614e+01
-2.405981186761328274e+02
6.258291956450522520e+01
6.196377952880870765e+01
6.946373089202833739e+01
1.393115662204042415e+01
-3.107221080449460260e+01
5.497914388803416585e+01
1.367962929785937831e+02
5.701292594676044700e+01
-1.327291763273014524e+01
1.710684554215713149e+01
-1.261919317706296368e+02
-8.676150450337753739e+01
-5.771644147689937654e+01
-5.601584278600292777e+01
9.876975364276127323e+00
-3.414095662642926410e+00
1.914722684979907115e+02
6.677730439400004059e+01
1.015683248652515687e+02
2.786600488050253830e+02
1.087151111699136123e+02
5.484536326449386934e+01
2.902851386581338602e+02
9.494423496799289808e+01
1.923432157924826527e+02
-9.752183488405469802e+01
1.477340684392111143e+02
-1.867306407953508884e+00
-1.339191999231686658e+01
2.508702086168578482e+00
3.707261250683338716e+01
8.955346317110583598e+00
9.122759393654206406e+00
-2.554579813580985004e+01
8.144510258740055519e+01
5.973675453365864740e+01
-7.412406885564149661e+01
1.262628794700779622e+01
-4.743412671914170886e+01
-1.028269919459129937e+02
2.111086845466612871e+01
4.747320200079481367e+01
-7.780677921110921602e+01
1.683278415656029736e+01
7.647407462344762052e+01
1.281267282360754223e+02
3.029379491682536596e+01
-8.127888577058340047e+01
2.839505730165379660e+01
-4.949411275904524388e+01
2.134920737302785554e+01
2.970117852365642079e+02
-1.253883090858071228e+02
3.147700046952879660e+01
-1.138617658036236122e+02
-4.266297538985367765e+01
-2.599251502152828852e+00
-1.129042450820961960e+02
8.458399419783594908e+01
-5.582597029409462408e+01
-1.529105038785486101e+02
-1.364444909665320438e+02
-2.106990666832211332e+02
8.709970077118125431e+00
-4.568306040969514470e+01
-4.349677746371302334e+01
8.466352510442253276e+01
1.356677268663008817e+02
1.112441662051415481e+00
-1.066379339791628666e+02
-6.743285087597111982e+00
-1.046248038374654641e+02
-1.075154607595497254e+02
-4.052704842332373047e+00
8.015247659649560319e+00
-1.619051058429101531e+01
8.184309287682150114e+01
4.008141758920329067e+01
2.525642267096718854e+02
-1.223621571177527789e-01
3.604787953682318413e+00
-6.415933590027700006e+01
-1.117173601167493189e+02
-4.409137877879532397e+01
1.495342343584254365e+02
-1.503155245983094090e+01
1.200304557253736277e+02
-5.505099466231612126e+01
6.929508751711722425e+01
8.862638247507383937e+01
1.494365608110539654e+02
-5.327448205633969991e+01
2.650365794940176656e+01
-2.166085891481443184e+02
-2.527706602708296657e+01
-3.810321975938882844e+01
1.081359034269571424e+02
-9.193625167677743093e+01
1.836214616309645997e+00
3.524614651153390099e+01
8.221333671634624807e+01
-8.184372640386470721e+01
-1.927303200200680067e+02
-9.603667161520803575e-01
1.467184784960303645e+01
1.218357317569519260e+01
1.216851043004390398e+01
1.721222928653483848e+02
2.570832385549186938e+01
-9.817827654103631119e+01
-6.980944603833503237e+00
-3.037219548055947982e+01
-4.213460565347110531e+01
-5.687594678211853960e+01
-3.166626274698198173e+01
8.766177765392214383e+01
-5.531781290890668856e+01
1.670683876899493328e+02
-3.580237135640318513e+01
4.963507084559579141e+01
-2.629155844132834829e+01
-3.918464827244448401e+01
-7.862684014911795316e+01
-7.986715368552826533e+01
1.659919032511553780e+02
-5.341266495433296768e+01
-1.274469162034253245e+01
1.619789430653482611e+02
-8.843843569552124961e+01
-1.700046828992406631e+02
-5.714326302899099375e+01
9.036191162599227766e+01
-5.275808515307475943e+01
-8.724776843335789067e+01
-4.092145427688381076e+00
1.065749569263149539e+02
-7.038889411857608991e+01
-3.555116315621614831e+01
1.092359603607953602e+02
-2.748430330453023203e+02
-2.122037632130219009e+01
9.442115992462805707e+01
1.429184916771784799e+02
4.463941394701947729e+01
-5.697177851421142947e+01
1.002817822124507359e+02
-5.502698526492779507e+01
2.382774320306330296e+01
-1.250517725821598987e+02
-7.136385354571126527e+01
4.971434675003553139e+01
-1.490765252502543703e+01
-6.436466545275735029e+01
-3.882662689665927758e+01
-8.361870593307145327e+01
-5.373250232618590694e+00
1.141563250337196251e+02
5.907900834390181188e+01
4.328797501613298238e+01
-1.000888323116402745e+02
1.205269194508341712e+01
-3.633506736777963653e+01
-6.200828697326424788e+01
1.366108741330804399e+01
-1.746451844752319005e+01
9.512344435878306470e+00
-6.131121721518485224e+00
-9.077205483197279534e+01
5.071211873366543443e+01
5.117716212397670006e+01
1.577454992336652708e+02
3.321424486439288781e+00
-1.159797527033166773e+02
1.063981374241991205e+02
1.248891668261460097e+01
-3.484818146002732675e+01
-7.662375931102299376e+01
3.207425011300327355e+01
-5.628235907813038352e+01
7.562369025949189449e+01
7.909568883084897095e+01
1.140689674157167666e+01
2.559084117607165609e+01
4.999890561972484448e+01
-5.826049074860555521e+01
1.527836480655296043e+02
-3.595416384253536535e+01
1.815841122486099550e+02
2.631266236348028897e+01
-6.133762640942464373e+01
8.755921178651147052e-01
-7.245690192598486590e+01
-9.793113487923348259e+01
-1.909906372007992559e+01
1.116955516567742706e+02
-2.608604674125837519e+01
-4.646358338594423998e+01
6.669139471132154995e+01
5.518847118205958679e+01
-2.632600105752726094e+01
5.181959606562541509e+00
-2.933539107662027590e+01
1.036321410877074953e+02
-1.942747877540844215e+01
-1.864655061471615749e+00
-4.216915733676455602e+01
2.987281216686194796e+01
-1.009446064369548708e+02
-9.543452899923610744e+01
-1.396705869766364927e+01
-1.010704256775727430e+02
1.187375818700286771e+02
-1.087256232475583602e+02
-2.864306515803390241e+01
8.038381862554929569e+01
6.403588372182633748e+01
9.454686741313136622e+01
-1.187860631042891555e+02
-8.599920327789970287e+00
3.673032046850819299e+00
1.453608163338481631e+02
-1.979000601765641818e+02
1.957202668543922357e+02
-3.850488498818945970e+01
6.794519517894678984e+01
-1.280363281975936900e+02
-1.740020834231838478e+02
1.249886165262649627e+02
-8.793759954456898242e+01
1.474177507347650931e+02
-1.269714938638513928e+02
1.153926255704373887e+02
8.978340670423122560e+01
5.018949169604029237e+01
-3.117624540187416571e+01
1.348863189374563945e+02
1.253399956885286457e+02
-1.488929797203623480e+02
1.046568019617541552e+02
-1.078314695924091104e+01
3.964376690149416049e+01
1.394403486701439476e+02
5.674225639424985701e+01
-3.560607875744410844e+00
-1.088132834005207741e+02
1.261426305007947501e+00
4.060133190207273657e+01
5.503947341267411275e+01
1.625327969283044993e+01
-4.689652956827086427e+01
-3.804957781019965068e+01
-6.917593878823586806e+01
-1.233765257143251688e+02
-7.359127544389968989e+01
8.959214904861919138e+01
6.426582432983367710e+01
2.399966832357870672e+01
-8.581135233184764388e+01
-9.863927652442118443e+00
7.137415276805923803e+00
1.113910389121525100e+02
-4.518667047864190778e+01
8.841295309218524778e+01
-6.856239422483601409e+00
-4.860608821056749962e-01
-2.787858693174649360e+01
-3.425415451653633880e+01
-2.290439212991552154e+02
-8.238882606639307937e+01
1.000404927719548027e+02
-2.200892723605051060e+02
1.255334092833984272e+02
5.829688390404717779e+01
1.188031720871438068e+02
-1.526398979388949897e+02
8.384099208901153588e+01
-1.191133027621998934e+02
-1.302615118576132716e+02
3.035660188678280491e+01
8.825503374945030544e+01
-1.667818099533825205e+02
-3.241147131144735027e+01
7.575745692137472531e+01
-8.345855851496634159e+01
5.026200324089315785e+01
-1.446071961413785232e+02
-6.173814774390217863e+00
-8.310312721593093954e+01
1.367861659273648058e+02
-1.714191587521982854e+02
-5.366155468650642746e+01
1.587328472263459567e+01
-2.018705587988575445e+01
3.575599744352926024e+01
5.898907455024725266e+01
-8.239161487381270632e+00
4.086900942791132252e+01
-1.371491587125207161e+02
-4.819409208721513238e+01
3.063580866638658762e+01
-1.241425078543717717e+02
-7.637140748065850460e+01
-1.090694357201121818e+02
-1.194787179858457016e+01
-9.457832338186796051e+01
-4.634272023630217063e+01
9.799094969794917631e+01
7.862416598442601412e+01
-4.621584693012437128e+01
1.345523212634009553e+02
1.832281625334091757e+01
-3.154721722352711311e+01
