6.575990823188369916e+01
1.781725631179801326e+02
1.668865234528183095e+01
4.446737060690620069e+01
3.056784995671028682e+01
-1.361872080834084215e+02
-6.002951041384858399e+01
-1.369284924194778057e+02
-5.139034123537280152e+01
5.066886848334814886e+01
1.826164582678770354e-01
4.134077055300411274e+01
-5.577144085975694310e+01
-1.126257118301908378e+02
1.172263153138844842e+02
-2.278097452759961072e+01
1.709455139918035513e+02
1.123946786025771587e+02
1.231243335915086590e+01
9.286562444669586114e+01
-1.795018275453557166e+01
6.468910194125761848e+01
-2.688426749588602149e+01
-7.113729501491593510e+01
8.109227655942153490e+01
7.711243815919365474e+00
-8.207298560792557396e+01
3.501942554242351946e+01
5.368301842659530365e+01
2.361189304854112692e+01
9.075523668191979709e+01
-6.763052114422637828e+01
-7.185592008788427165e+01
2.931795881353341215e+01
-1.019472730514990815e+02
-7.570052565737884720e+01
-6.050048714381774317e+01
-2.776396949325296859e+01
-5.095575089035733640e+01
5.387555863678068846e+01
-5.066831267894396262e+01
2.055503426234827771e+02
-8.752325956001899954e+01
3.681312903095749789e+01
1.004942935702606945e+02
8.964539223099032483e+01
1.816499596982733920e+02
-6.397694747924169434e+01
1.063541315824835323e+02
9.736340436415368060e+01
1.167289355702475433e+02
-3.610967321484322312e+00
-1.252892105570328738e+02
2.140157676812882936e+00
1.913171036563900032e+02
8.804072702981483189e+01
-1.281718108501042934e+02
-1.438241383271588347e+02
3.443529814317043503e+01
-4.141799314459019854e+01
1.992385384620870923e+02
-8.447071523594939890e+01
-1.547660549266713588e+02
1.474420206351236118e+01
1.987248356523570347e+00
2.254549226939115272e+02
1.978031791391002230e+02
4.931991076323546253e+01
3.541133787971075009e+01
5.166303472231111193e+00
-6.145046817125370353e+01
-1.124739561714329170e+02
-9.386283741459547514e+01
5.738043955928936413e+01
-1.114089531654010301e+02
-5.127359860547576886e+01
1.900714245623356362e+02
4.828327418550829719e+01
4.093278041564698810e+01
-1.034973794600486627e+02
-1.395720023009779425e+02
-1.275912888230846498e+01
4.544424111454099346e+01
1.715099272493247895e+02
7.034028656856412454e+01
-2.598037242396100766e+01
3.833364813453781217e+00
-4.575860165202107055e+01
7.467970219433927070e+01
-8.516235758594049798e+01
9.938188840287918424e+01
-2.284236055445169278e+00
1.406919560500251691e+02
-1.269905897408969366e+02
-9.000897195266453821e+01
3.565482072042718720e+00
5.439017153259456450e+01
4.677495027322677146e+01
-9.603218989637530001e+01
3.049866029321384886e+01
-1.337476545971794906e+02
-4.385385830388197803e+01
-4.901328359341273533e+00
8.975324232503657740e+00
4.749246829071790188e+01
1.635730371653492625e+02
1.325598921983694538e+02
-7.705602867535695566e+01
4.462132937227957541e+01
-2.060414312681986004e+01
-6.493951486631647185e+01
4.702451613166176969e+01
-1.770261784038287267e+00
1.298140675719479020e+02
-7.798592306276924546e+01
1.549726419883006656e+02
4.510138932366118070e+00
6.297546221170833292e+00
-1.290811477792663986e+01
1.061238616185212607e+02
-7.428902985481370536e+01
-2.505847421461878355e+01
2.582005467144380759e+02
-3.760802129589083620e+01
-7.382404120242594558e+01
2.392904617521652355e+01
5.665203421783296944e-01
-1.683547046828458633e+02
7.652431958299993653e+01
8.886690694384736844e+01
-1.285614338469117968e+01
1.157377396353919785e+01
5.945830547823277357e+01
3.822471388099992851e+01
-3.415542147456942956e+01
-1.249271219027425062e+01
-1.487406494060981821e+01
4.114184251467548137e+01
2.506761398937956642e+01
-1.867513437713152200e+02
9.761919722299181501e+01
7.371729491665957035e+00
7.137313593397575318e+00
-8.179312329765275535e+01
-1.542352968203764192e+02
1.352672989619549071e+02
3.330275349951698871e+01
-9.265075159269450467e+01
-1.829545716538322324e+02
6.007676604442626456e+01
-3.523001487087004335e+01
-9.566851857994564057e+01
-5.593976655598729053e+01
-3.072171683617812121e+00
2.540453969934019085e+01
1.351015855792911964e+02
-5.069776192975216844e+01
-7.359696099860993002e+01
2.723300883963793595e+01
-6.098447946141630638e+01
-6.437281971603738384e+01
1.148720935391013720e+00
-2.239396291471769587e+02
-2.199732096541683291e+01
8.699439959742252881e+01
1.108434478159709755e+02
-1.374838030535844524e+01
-1.050758835901391386e+01
-1.555200039214167589e+02
-5.212265112356541863e+01
7.738983409041861705e+01
1.632046784992115818e+01
-1.995543602880844105e+02
7.274762660012873994e+01
1.482838064438525976e+02
7.691190856733277315e+01
6.973501987504937460e+01
7.491472081027627894e+01
9.204905792248166563e+01
3.175567642532665502e+01
-4.960666169234634992e+01
9.613442955130621215e+01
8.723976102666138388e+01
4.330691012034386489e+01
-1.540506857623267933e+02
-4.608121712956479143e+01
9.673679592917858372e+01
-4.471898052138422486e+01
7.480292440503644968e+01
-1.514359550297134263e+02
-1.654504102739768001e+01
-6.519077813128119203e+01
-1.075732440976681374e+02
-5.295078596328818321e+01
1.228825810832680077e+02
1.191632856911300422e+02
-9.089660361587343118e+01
6.995740074102505091e+00
8.473368916290907293e+01
-6.902283329558878222e+01
-9.448061993877719544e+01
4.481333147412187401e+01
9.448722163938022334e+01
-1.676662528996500043e+02
4.827413244237122036e-02
1.035966921405876633e+02
-1.205190970822539143e+01
-3.600045246174207136e+01
5.340515420683735748e+00
6.166577944460829031e+01
8.529258918721977523e+01
-2.986627554883832758e+01
-1.349446821826755922e+02
1.732267130168071105e+02
-1.132868866690602090e+02
-4.954430387459272112e+01
1.388398257213872000e+02
-9.580156747583752352e-01
-6.023699709862125928e+01
6.823273958409145301e+00
9.976628099117391457e+01
-1.943222345537360951e+01
-6.344764841633545416e+01
5.649961446678253907e+01
-6.078303390782946281e+01
-2.306263363557934554e+02
1.475200176809394081e+00
3.098312362804822584e+00
-6.229366060417047635e+01
-8.505073539877633948e+01
-3.964368076603231117e+01
4.471375122189954254e+01
1.308841193960201394e+02
1.214244803936010868e+02
-7.570986744918660349e+01
-1.348167274241245650e+01
7.174767930902912383e+01
-9.746536148462175220e+01
-3.623387337869325098e+00
-2.874605813453764824e+01
3.155069251958285292e+01
-3.647911783997236768e+01
1.183868444394115755e+02
-1.097012522908046073e+01
-2.065993105197964610e+02
-1.936320262177435225e+01
-1.129322953438247481e+02
8.295436416867596563e+01
1.810679194495291355e+01
-8.301477767479070735e+01
-3.694731591058615550e+01
-1.072175322615281488e+02
2.567694573184406082e+01
1.301950082320645663e+02
-1.317064620717959542e+02
1.602069627339699593e+02
-5.041790767076996360e+00
1.548949996618796945e+02
3.519889382634957542e+01
4.938062444206836687e+01
-4.054264783120567017e+01
-1.241634259322666480e+02
5.805428853864259509e+01
1.101096914877619248e+01
-9.974924833739864027e+01
4.650203439332553046e+01
-1.139557041121504533e+01
7.620332197401295105e+01
-6.597371156778160639e+01
2.837708375276837103e+01
7.775116930389033598e+01
-5.358632354586279689e+01
3.235157566042814636e+01
2.154845444618981176e+01
2.282433252621855146e+01
9.395840888607354202e+01
-1.998644676844966739e+01
-7.158441850153266728e+00
1.326171894181063067e+02
6.237486065301056470e+01
1.175650246494358839e+02
5.835446467572219831e+01
-9.712282967677825241e+01
5.536463225361200102e+01
-9.342438094397033410e+01
1.371646840585312930e+02
-1.214423451938698406e+02
-5.701187965539209301e+01
-6.949655009420990837e+01
1.491365321762380347e+02
1.780291444545447348e+02
-4.576454961625630347e+01
-1.119453441236711484e+02
3.600494598961004300e+01
-1.831261883474038825e+02
-2.399373330176362060e+02
7.872687414180121834e+01
-4.586208375525735192e+01
-3.512240641487098713e+01
-3.449687214747161335e+01
9.459643913432832107e+01
1.974955506246117523e+02
9.921146439393791638e+01
-2.890813203211224547e+01
1.262749752182268104e+01
1.030309291033336905e+02
6.846498040056319212e+01
-3.528518788810546880e+01
-9.595087147922033921e+01
-3.064543666768058472e+01
-1.936606598580629424e+01
-1.129850997615470334e+02
8.424685742796312127e+01
-3.150441074059648017e+00
7.368165396464495132e+01
2.565127310315702402e+01
-1.394137979542840640e+02
1.171180583111721205e+02
1.181995795672023775e+02
-1.197191983192501574e+01
9.591858115607745816e+00
-7.843584703619875143e+01
-4.987952766723257270e+01
-1.444081436538202468e+02
-5.309880165543513897e+01
1.505481031296099275e+02
1.641645461714960845e+02
1.533751785322036376e+01
-9.549188134557502039e+00
-1.285570151947738964e+02
3.793295447621886041e+01
2.038147241962634126e+01
-2.924255952543136416e+01
-4.292029617502559802e+01
1.027075882444898891e-01
-2.964708528516900543e+01
3.303828328819210469e+01
8.694773835467110246e+00
-1.417035994659176481e+02
1.281900965543999007e+02
1.120621663550236846e+01
-5.012183806884828385e+01
4.260787256595160954e+01
2.514315757622372587e+02
1.775963254178817579e+02
-1.315762945027196338e+02
7.473785482414743342e+01
1.676341642455044791e+02
1.399970678986830990e+02
-1.943770841218879752e+02
4.719253946848381531e+01
-9.800561217213001441e+01
-1.265616445010137454e+02
-7.989491335020623808e+00
-8.408391958129726618e+01
-5.334178712304170844e+00
-2.427290900519192718e+00
5.684897733484404370e+01
-3.635018414867003145e+01
1.169377959649773118e+02
9.529303436868582367e+01
-7.846318595040422395e+01
-2.936471145952960526e+01
-4.409309610857495443e+01
-6.085963984846850394e+01
-3.677118963758798031e+01
1.328824722799833467e+02
-5.186543907111111906e+01
1.392981022613798281e+01
-9.282832940140738742e+01
3.383406763255658234e+01
7.372654278410172424e+01
1.141152112808503176e+02
-1.393088451675187045e+01
2.197798911242042550e+02
1.053496288259821085e+02
1.566266526554303198e+02
-1.338215606350901794e+02
-1.122242252085441976e+02
-8.322487344378258456e+01
-8.246773902177743309e+01
-5.553953938634182208e+01
-8.173796157408563801e-01
-4.816594149642826395e+00
-1.332344021498271616e+02
5.305923288852492092e+00
6.526607074198868474e+01
5.364682718210754331e+01
1.623427486638519497e+02
3.316158059074744813e+01
1.272047565447070951e+02
1.275067288597454933e+02
-3.530466494840311498e+01
4.802583605975091530e+01
-9.107256418134188891e+01
-4.883491085472038407e+01
-4.808015813710407826e+01
1.536077800344922935e+02
-1.011011363263829281e+02
1.165431775462307940e+02
9.408368675340149423e+01
-1.080163239375814612e+02
1.169952299548453283e+02
3.825775618276569645e+01
-8.024186293724766017e+01
-1.225567744949173914e+02
-1.743381067421798392e+01
1.099348502659283753e+02
7.763714841859683702e+01
1.666776485829982732e+02
2.644401226533773297e+02
1.981853861148121609e+01
-5.571264108381110702e+01
-7.482234914227517208e+01
8.516596730165868223e+01
-9.377601572713903977e+01
6.875238019035735704e+01
1.792144818939069495e+01
-3.334254356960241239e+01
-3.163613929449537565e+01
7.350896003324298533e+01
6.797918320733496955e+01
-2.033410162046836547e+02
-1.322137823540285524e+02
3.535042150371442204e+01
5.350722402021866486e+01
-2.709385279951094461e+01
-1.118186065677410994e+02
-7.508765923202321346e+01
-9.766574727119709110e+01
9.834574122126712448e-01
1.015618804784755440e+02
8.793253672239606544e+01
4.548393598080713929e+01
2.126662843899449911e+02
3.153003029278172065e+01
7.722029659319726136e+01
3.683232148177412313e+01
2.085377330373501081e+01
-8.860974597422725196e+01
1.075470544968463926e+01
-1.173327796377134860e+02
-8.857051837206130429e+00
1.033966453710447411e+02
2.741419953137122434e+01
-8.443322422631800350e+01
-1.157803490204269252e+02
-1.622099985031905476e+02
-5.165804705337290414e+01
-1.653921333115922607e+02
1.490951788825259712e+02
-1.453621551704371200e+02
7.740182531417944745e+01
-7.359267100605364931e+01
1.690133120370658446e+02
-4.747266546511058039e+01
2.579554063436824052e+01
-1.333376350278331586e+02
1.740609079816443057e+02
2.225015196711788690e+02
4.529147929314298437e+01
-8.260116495858406438e+01
-9.893150146640242326e+01
5.982081848032689919e+01
8.130072238047249300e+01
8.354842347941023206e+01
2.264657615862525972e+02
-1.797388570365055500e+02
4.692541994980857112e+01
-7.966868021319525894e+01
1.170536335421958967e+02
-1.658519920661360914e+02
1.015906962573905759e+02
5.808358662344244294e+01
1.546054895519710897e+02
-6.354372795870158086e+01
3.097060626108716406e+02
9.141878165072104423e+01
-1.448374764160428754e+02
5.259963242204088374e+01
-6.879392321414641742e+01
-1.401248589860488494e+02
-7.997216410642805329e+01
-4.011865882061653821e+01
-5.925176082190716187e+01
9.563126804321879604e+01
-2.178891125837727927e+01
1.251054394660131948e+02
-7.737863487951830166e+01
1.808604473804419399e+02
-5.208636336813496825e+01
9.049660145844529779e+01
-8.563040040479155834e+01
-7.026267207963792316e+01
-8.432006406313841751e+01
-1.412780972158764143e+02
9.587258881044994041e+01
-2.980273350688515421e+01
8.568868595445152891e+00
7.813749292696162740e+01
-1.125142470162650454e+00
6.644195992723906841e+01
-3.254329517947931549e+01
-7.801550028742904885e+01
-2.268187519197789186e+02
1.321181995011724837e+02
-1.371744937890410085e+02
-9.614200141326841731e+01
-2.373308887811476975e+00
1.915516504958735027e+02
-2.595576764493248234e+01
4.877788817463199145e+00
-3.851426421629199126e+00
-9.010716460934145289e+01
2.276499028819064918e+01
6.213915189583230614e+01
1.097268803358343376e+02
8.759024951614647136e+01
-3.928186210799076861e+01
4.557233445898835100e+01
1.242836619163368823e+02
-1.812515490577398225e+02
4.788345735591281738e+01
2.323824624709481412e+01
-1.054190171520459671e+02
-9.015479446777834482e+01
-2.437987281476000856e+00
-5.279893922708948395e+01
-7.752486355968011367e+01
-4.986187460097860935e+01
2.810786523962083550e+01
5.777444125294899635e+01
-1.158781181991167131e+02
4.594598999397266681e+01
-6.476761309287860513e+01
-1.522091383731140866e+02
-1.311664156918578850e-01
-1.016503152867969959e+02
-3.397869677390751519e+01
-5.425678983296111646e+00
-1.118605944855980283e+02
-1.235084632363450083e+02
-6.847366077888663582e+00
-1.551202024321447936e+01
7.320335915547525474e+01
2.955184685632674046e+01
3.026319989636888508e+01
-3.924821868784432155e+01
1.133391513476329493e+01
-9.445287616878191272e+01
4.091249396144768724e+01
1.100555410277297170e+02
-4.195619149317784036e+01
1.444403499088082583e+02
4.396968296176802937e+01
-8.165599496686903080e+01
-1.183180716084349910e+02
4.140554856556672547e+01
1.113369565279737969e+02
5.422036373495684813e+01
4.643431759328361608e+01
8.522232115750828996e+01
2.209005766619135045e+02
-5.131059999351118250e+01
-3.487848062039213204e+01
3.493299852879362177e+00
7.234033475194445373e+01
9.426000703138645065e+01
-1.139561657894622897e+02
-5.106919713358873736e+00
3.170278293829177585e+01
6.007569464107347557e+01
1.920499915963711146e+02
1.370117888922148381e+02
4.813353116663072484e+01
-1.755097694996965529e+01
1.437475238592509470e+02
3.887027131922038414e+00
4.037157592411755758e+01
1.431504334516886274e+02
2.133766980452463002e+01
-3.659792819764166438e+01
-5.528609100916130359e+01
3.377207683508230929e+01
4.564517808820071743e+00
3.537199395466114282e+01
-1.081524094809210794e+02
8.617861641578653575e+01
4.758469343881331071e+01
4.278954189548464626e+01
8.693367091478671682e+01
1.286233632303004129e+02
-2.437611430922231364e+02
-8.728685953894601113e+00
1.094606738067196616e+01
4.042153041642504263e+01
5.930396673493783055e+01
-1.473662735391968965e+02
6.519159395143744007e+01
1.080053697073852987e+02
-6.823181226378778774e+00
-2.960432058116537135e+01
1.135757351429896005e+02
-1.017354762997088216e+02
1.301558984908235459e+02
-6.771872304654114316e+01
-1.088945288933586681e+02
-9.189425102111277965e+01
1.611371221725765963e+02
4.377460301549786692e+01
-9.857130698496727916e+01
-1.685294628837538653e+02
-2.100509126227875640e+02
-2.294056429452282941e+01
5.118469656630555420e+01
-1.272644330301443993e+01
-1.038244199369145662e+02
-4.874709357034434731e+01
5.723698259532639554e+00
1.333668386314770089e+02
1.013540148704377799e+02
-1.217341255117959662e+02
1.495674190334142679e+02
2.271479465564428040e+02
-4.044922364127705805e+01
6.614004502686172771e+01
-5.225415345738844053e+01
-1.732827112078447840e+02
5.325787386194422623e+01
-1.399088108834818058e+02
-7.061295309686479982e+01
-5.561866862993745286e+01
-8.828321273642596623e+01
-4.731548640890311930e+01
6.857126454974869034e+01
-3.775724767426040529e+01
6.248249522732868400e+01
-3.770474897780301404e+01
1.400217670942855079e+02
-3.866358031388925554e+01
1.024607063770987025e+02
9.932416269863927027e+01
-1.712683958529786707e+02
1.644256546460021013e+02
1.491780521224068536e+02
-9.980014800039880640e+01
4.986617168152144330e+01
5.304328506479613736e+01
5.973839884171885473e+01
8.953463055481741151e+01
7.554163557055773026e+00
1.020530675434354038e+02
-3.535284842800686533e+01
-6.241304114327253671e+01
6.425430065718981609e+01
1.096839893083372175e+02
-1.992028156004619746e+02
6.027849275362564185e+01
-6.703790743986694167e+00
8.140768237511496253e+00
1.777727612577261880e+02
1.089545322252841686e+01
5.752796301883849850e+01
8.404736035698640251e+01
3.044329229911943813e+01
3.589156254567325277e+01
1.336474580031116659e+02
-2.471746621230797558e+01
1.202627426986036312e+02
-9.999281799228351986e+01
-3.016783235311431710e+01
1.769367780542327040e+01
-2.201884909095624820e+01
8.350182805899888194e+01
-1.282020537959311923e+02
-1.161670720937787138e+02
-9.498948994736705842e+00
4.354294402426234711e+01
2.039254812366314695e+01
-3.687900864109262500e+01
-8.339119287355099175e+01
1.696799018590204255e+01
-1.366718286112626402e+01
7.737946602297915888e+01
2.448945343941758210e+02
6.120096926412747962e+01
2.430603562699959852e+01
-1.096312146309821998e+02
3.807607569166237482e+01
1.764364586345849162e+01
4.898966771455027924e+01
-2.062040897131097239e+01
1.978992938020917904e+02
-2.383820943154257321e+01
1.249770865898747552e+01
-1.554649047440871357e+02
1.444043068162689281e+02
9.452758817108760070e+01
-1.783963988174398807e+01
-1.098477376962402019e+02
-1.996384734479024559e+01
-3.042993553585784738e+01
-8.297904166153161398e+00
4.747486705792577766e+01
-1.352072739734690572e+02
-1.740370328138696721e+01
1.324077123093744888e+02
-5.656675331950236796e+01
5.696212237340944995e+01
-6.925388875451533011e+01
2.113128709694449547e+00
-5.882406373551585688e+01
1.083098338929402971e+01
-1.010560636740629832e+02
6.166006022615478344e+01
-1.785370320642119282e+02
1.119571374524386300e+02
7.909694126436743744e-01
1.467624940244136589e+01
4.929942899737843831e+00
4.094453170222128335e+01
-1.157106742712804106e+02
2.118968745596194765e+02
-7.979043365940083277e+01
-1.695679574584606542e+02
-1.636212317012140431e+02
-1.622485702465959889e+01
6.687420127934646796e-01
-1.934503040048281264e+01
-1.479336622252430971e+02
7.750647728047869123e+01
-3.023429746983821076e+01
1.319761438091956336e+02
-1.772699108574793740e+02
-1.976386667959101544e+02
1.262991212716085698e+02
5.164338249316795526e+01
-6.216774981115207765e+01
9.094104427663283730e+01
3.176857113785774445e+01
8.468430570568284566e+01
8.835966927274390059e+01
5.139160732447582092e+00
-1.069678286467680266e+02
9.747231520141016858e+01
-1.168527638234173338e+02
-1.142503042192929001e+02
-1.535719815559164658e+02
6.786177701698345111e+00
-8.121399789079305265e+01
-6.388389392459877314e+01
-3.093399897430042600e+01
5.401023932651622061e+01
1.664192531686228165e+02
1.486479045566023842e+02
5.585928612218258849e+01
-8.106769587980349456e+01
9.831861274091384928e+01
-2.026811509441157000e+02
-2.880197586007578892e+01
1.551325586792034130e+02
5.800364390117415070e+01
-9.090092648348790760e+01
2.873419910264358990e+01
5.012266839235459059e+01
-5.563320485173083796e+01
1.771095922147600561e+02
2.643802740174356458e+01
-9.041157613457455966e+01
1.377060758764804582e+01
5.087717807027424044e+01
7.477335614969715039e+01
3.817858020296990418e+01
-1.583926168770536265e+02
1.389637320976543577e+01
-3.414536058191951184e+01
-4.836957576225645283e+01
1.985651257892434671e+02
8.717318543369346173e+01
8.716852031064000528e+01
1.637306673482609654e+01
-9.422552209201114692e+01
-3.624256061254740047e+01
-6.228037435575732417e+01
-1.433847764463357066e+02
-8.602942248928574998e+01
-1.100390649416660267e+02
-7.065307329120556368e+00
1.849402821270075714e+00
-1.733103087430277744e+00
-3.079553767431971067e+01
-9.378657423123819115e+01
-2.181753204765306009e+01
-6.514427412829626007e+01
6.835546653132931283e+01
1.202364900981619300e+01
-1.066595246151087650e+02
6.080830455467211948e+01
4.206475892025953556e+01
-4.253895947540417666e+01
-1.172251409212034332e+02
-2.739647558099670022e+01
-2.157806066427434111e+00
-1.287067449764694800e+02
-5.181506423658228755e+01
1.107570015671407937e+01
3.017162780933598043e+01
-1.040205880947876835e+02
-3.964869771641031804e+01
-7.070906229032472368e+01
2.292694344964268183e+01
1.105425069775287170e+02
1.367791148815880149e+02
-2.427857253779033542e+01
1.140854832609875302e+02
-3.259638305803586888e+01
-1.297851732331779999e+02
7.545975193570738782e+01
-6.977208691072819136e+01
-1.072116036492360678e+02
-1.434817763010144063e+02
-4.200031886145560378e+01
4.822581243599687895e+01
2.184362146713865798e+02
1.391556816255664408e+01
-8.101450362400771610e+01
8.755764459502236718e+01
-1.227000828247122541e+02
-1.870817658077702950e+00
1.337753234385848202e+02
8.133438259149755822e+01
7.545520085482451123e+01
-3.204059632480447561e+01
5.129956822247656589e+01
-3.214572146091548888e+01
-2.574982035315929707e+01
7.210838701054358069e+01
-1.032065008144032703e+02
1.246272766253037503e+02
-4.185067719552294285e+00
1.583013114173126112e+01
-3.792693387194367549e+00
-5.938310102943088964e+01
-5.158989416715495935e+01
1.163138006064680141e+01
2.706284038199916040e+02
-1.946615781301833294e+02
2.777720684743712454e+01
-2.974049552578268774e+01
1.092341087449812278e+02
4.051497782539185266e+01
1.781388445857611771e+02
8.385044440238564789e+01
7.904231747452459445e+01
3.769100633849460991e+01
-1.098088921680426111e+01
-1.199335233780872159e+02
1.457957020479611572e+02
8.710256316310511693e+01
7.255569359178848288e+01
1.739736564320403431e+02
-1.596135203049683469e+02
-1.072300867940350422e+01
-1.549580564127985838e+01
6.001180865793593000e+01
-1.211124270248201640e+02
-9.502987447097869733e+01
3.002941564718534551e+01
1.216969497077525943e+02
-4.192788182534410879e+01
7.800795661765071998e+01
-1.047313125237120630e+02
-3.478059049634890698e+01
1.624350049031681920e+01
-2.508048608449955807e+01
-1.734862083460660287e+01
-1.896662172426567849e+01
-5.893128646728303011e+01
-1.165760547037587003e+01
-5.147210756260923148e+01
-3.411060900906363713e+01
-1.483212594210583575e+02
1.457250571339555911e+01
-8.962251905899086069e+01
8.342584937060365746e+01
1.084744117536531007e+02
-1.030180003598554208e+02
-1.245745444939806248e+02
-1.550396127867706042e+01
5.849641030576704992e+01
2.406262796015544154e+02
-3.951807404851665950e+01
2.277404699998075799e+01
4.053716960131772851e+01
-7.741737217450452135e+01
-5.257327131527763697e+01
-5.295928732069221212e+01
9.309628254086672428e+01
7.972557423775884899e+01
8.893113721231522106e+01
-9.708452325883885692e+01
-9.323690097509452812e+01
4.322883141041048205e+00
-3.660977680147686897e+01
1.016526148684762489e+02
-5.964358790648238795e+01
8.141572673623456069e+01
3.020077153858553842e+01
2.072426514139905294e+02
-8.665577789293347877e+00
-7.637694238545903147e+01
1.920467751744342166e+01
1.814699907153668619e+02
-3.473890283369276943e+01
4.715059882353227749e+01
-5.043617094961543756e+01
-1.665031350059157944e+02
-2.999298677887559705e+01
-4.491578734766370928e+01
-1.078761882532328116e+02
-2.286383749200259174e+01
-1.653175848040818892e+02
3.201941560156078737e+01
-3.471951391918065610e+01
1.317927493413554600e+02
7.175934317139262930e+01
2.409094795356997309e+01
2.922095891664495326e+01
4.780920828334358497e+00
6.544000238253119051e+01
1.128991246522760008e+02
-6.002245524985304570e+01
-1.713440728629668968e+02
-1.022918358456006693e+01
6.676676469339125219e+01
5.085117376341069928e+01
8.608898433633069658e+01
9.401382788331650886e+01
1.336403275409211133e+01
-4.560569063895595576e+00
7.953705315019497846e+01
1.039636058771926628e+02
-9.157515327655170267e+01
3.276475962669803010e+01
6.158040718627705701e+01
3.449395174342055270e+01
-2.505144275253104524e+01
-3.710138224371861781e+01
-4.714061874865749502e+01
-1.753442394374528135e+01
-1.574161994714824289e+02
9.076920231690510832e+01
-1.465590998477399580e+02
3.804280836681846267e+01
-2.224391997818776900e+01
-2.629065918864523042e+02
-6.352581100120671209e+01
1.361231136545729612e+02
1.506569585331954215e+02
-1.060065048267198584e+01
-9.974626114156782819e+01
5.043618415984153813e+01
2.237649563569295594e+02
1.642319903029506634e+01
-4.819602784144402818e+01
-4.894660418368343358e+01
9.008893721615302752e+01
-9.799067367071869228e+01
1.129527365655645639e+02
2.950544380689735036e+01
-1.015139811940094177e+02
-8.104872542102282296e+01
-4.102344175598002352e+01
-6.087637451615064066e+01
-4.663271480044878103e+01
7.099221347930308923e+01
-4.800859381109606261e+01
5.480333661501613385e+00
-1.347736493814403218e+02
2.326493098057618170e+01
-2.132883302900411309e+02
-1.171138303683001425e+02
2.604389560853418928e+01
2.414511327362045989e+01
-8.686816209878084294e+01
5.004770549765606802e+01
1.065023677627667951e+02
1.734023734655517845e+00
-8.885288448381218984e+01
-4.076369864469957527e+00
-1.367759075036335226e+01
-2.165256681882570788e+01
-6.917507790800135581e+01
-5.267869957566777828e+01
5.731265824376031048e+00
-1.297943368766780168e+02
6.491471622553368093e+01
-1.730091009731385157e+02
-7.054460023859279616e+00
-1.049257315009350009e+02
