1.652328002662523829e+02
-7.351515223258600074e+00
-1.377827999135452899e+02
-4.282289885903974636e+01
1.021651929282008666e+02
5.600155910326412823e+01
4.502897506251745341e+01
4.399990255441928610e+01
-3.273221516533483566e+01
-4.236659669997311539e+01
3.826911184139625988e+01
-3.973801342097573297e+01
-1.996578666023820503e+01
3.580612308983174952e+00
-2.587630952829679245e+02
3.972789982395234176e+01
8.409090388887481282e+00
-9.160770516357135307e+01
4.916342240356605942e+00
1.836656349890245110e+01
-7.215211548629747540e+01
-5.581733915824348458e+01
4.825126889939980401e+01
-2.267259370795308726e+01
4.548022108478740932e+01
1.220748047779505754e+02
6.321097880728937923e+01
-1.038724833778981917e+02
-9.916122225662354595e+01
5.276898702235708072e+01
5.645229792546466285e+01
-1.100923072215778831e+02
5.690137920658185067e+01
5.550597340755773956e+01
-6.001103493797469213e+01
-1.052802768311574599e+00
6.127718335838425645e+01
-1.433182047668922223e+02
-6.581621714832512282e+01
3.045004289477352089e+01
3.744336042490907346e+01
1.875008677369401511e+01
1.147665444940714821e+02
1.916838556450176156e+01
3.216531328710555693e-01
1.101954649520611582e+02
-5.892717967760409126e-01
-3.676111978486554932e+01
-6.084190877466864578e+01
1.283754659027984530e+02
-1.262563031490652463e+02
3.388604748329477445e+01
4.516705944534569284e+01
-2.620692261716478200e+01
4.745319066778471750e+01
-1.377778567765093101e+02
-5.954141922419545807e+01
1.128813691269797346e+02
1.368396296286982761e+02
-2.415409767272242902e+01
-4.228092381551253709e+01
-1.117236075017397212e+01
3.076813428738943301e+01
-3.067779996614014237e+01
-1.124338265622496724e+00
4.019353226702902049e+01
-8.716909396131100607e+01
-1.284020973428370951e+02
1.448554923743985228e+02
-5.043349483303747860e+01
-3.637922772709897856e+01
-1.035349924633802345e+02
3.425400724042791012e+01
-6.892147117791309086e+01
5.080754311168293569e+00
-6.545875175843990235e+01
-5.790794029108322860e+01
-1.627399825151497339e+02
1.824784289472317482e+02
1.413187485236247376e+01
1.525475186069820488e+01
-2.240016087636317099e+00
6.518982855200071924e+01
-2.294617417473784471e+01
-3.779020524860104047e+01
-5.277237075829277302e+01
-3.332874295308777590e+01
-2.215199684410748944e+02
-4.125879861545068650e+01
6.035873699596552910e+01
-1.050325388985686459e+02
-7.957511250499433686e+01
-6.092521348876993414e+01
1.508109300051092987e+02
-3.857147162057397338e+01
-1.208216757909804642e+02
7.085554631266316505e+01
-1.171207414884415954e+01
4.194735893905066604e+01
3.970640278568647830e+01
-1.868939703430104657e+02
6.965567482094967033e+01
2.171386957775672144e+01
2.621842027309689982e+01
-8.776673894672903486e+01
-1.602201071322779313e+01
9.345781810106856824e+00
1.853891368601758671e+01
2.743280914587617190e+02
-6.745115486019084017e+01
9.713849957268128321e+01
1.107497362597220700e+02
-2.119819105306888218e+02
1.366042489440705197e+02
-5.891504468410172990e+01
5.282649065362541307e+00
-7.717706009700435743e+01
-4.885987436052751320e+01
-1.193884270655851765e+01
8.295243962752027755e+01
-4.495701210763376565e+01
-1.787281606367724009e+02
2.743627172499208200e+01
1.590576257474642041e+00
-2.204363373105341566e+02
-9.553200411540049686e+01
8.278896373104031170e+01
1.284992864210839798e+02
-1.278881523974119432e+02
1.381963456065667231e+02
-1.864349922729758759e+02
6.021663200243339986e+01
-6.045493189377223331e+01
-1.594371091345983871e+02
-7.022974857557807127e+01
-1.520793967595828633e+02
2.167960497263350987e+02
9.437877137456476362e+01
-9.645275863461277410e+00
-1.132067280866413910e+02
7.884105667941499007e+01
3.922916390406025577e+00
-8.276275724763195285e+01
-1.851608371020322181e+02
-1.827179022076609094e+00
9.266499036863667982e+01
-2.687408415550999621e+02
-2.367721607228550909e+02
-5.535426116386629047e+01
7.442178401198459881e+01
-6.194137735120793309e+01
8.479365212026658583e+01
3.294378055301459085e+01
-5.707739004886175138e+00
-7.064760146596522361e+01
-4.687577784994155650e+01
-4.073649515785768926e+01
-7.594575135437050051e+01
1.327681718456867088e+02
3.237478481616531667e+01
1.761591590385556856e+02
4.258785586359353914e+01
-4.248542624471254925e+01
-9.804151900231141781e+01
5.789501347627280126e+01
-1.478354731990609707e+02
-1.505438100337008223e+01
4.015922084489128707e+01
-2.285133071955969513e+02
-5.687259816971099013e+01
3.430897670931797450e+01
4.635629612128916932e+01
3.188391177638811769e+01
-3.768511311065711311e+01
5.322545515760458557e+01
8.410900753996420676e+00
-6.356790601662642359e+01
-6.856820636616546061e+00
-4.494559971204325421e+01
-1.592933569331862884e+02
5.710166776624907925e+01
-5.829633997570778092e+01
-1.107789441122820477e+02
-9.892171015569302028e+01
-6.796701080604358935e+01
-2.051045293088500330e+02
4.793807141095421720e+00
-5.274186606712703451e+01
4.642323657642537427e+01
9.289195617638412728e+01
8.241681622892354397e+00
9.785943904773631630e+01
-1.481500733273248471e+01
3.116064835088092622e+01
-9.636056425884419241e+01
3.986417316197587013e+01
2.472208526050264865e+01
2.038688606678546478e+02
5.297073601561884715e+01
-1.226371760765737946e+02
1.536062266675207582e+02
9.195415641839689158e+01
2.930697576004725136e+01
1.244747465143269238e+02
-2.819302984963526626e+01
9.045241270511604625e+01
1.702556625871218898e+01
1.341117441508639274e+02
1.071935424496393949e+02
-1.851350365873447856e+02
-1.396778093126393117e+02
1.231078426603174449e+02
-1.004681043301561658e+02
-3.478782935974324886e+01
1.181969307302014585e+02
-1.376708438308046993e+02
2.381764892589614391e+01
-1.155078675756759878e+02
4.431483748623293906e+01
-1.905169256479812745e+01
-8.224420001542949876e+01
4.115621765047224301e+01
-1.590257910987882326e+02
1.017229431423068746e+02
3.567732788856534398e+01
-4.198622792980966523e+01
-1.469272990718878020e+02
-5.369717320108697578e+01
-1.075096500777709849e+02
2.852619202220134298e+01
-5.574821588235991499e+01
-1.034063211625052787e+02
-5.482025590643965529e+01
4.040294066604348444e+01
-3.217710053699410366e+01
-3.708749034129110811e+01
3.867921110591531431e+01
-6.092218108839826129e+01
-4.764837637001058113e+00
1.280573810619274866e+02
3.345454336755008740e+01
-3.861237058779471454e+01
4.014591822860795389e+01
-1.458721685398872410e+02
-1.637674307947001040e+01
3.527704700357602974e+01
-1.026313286679407071e+02
5.802004040451817701e+01
-9.352965869902665474e+01
-3.979279364930003027e+01
-6.603034487220557480e+01
5.249648754822057839e+00
1.598399822111526021e+02
-2.834138723672232274e+01
2.896004262291816644e+02
-5.919152077259241906e+01
-2.679679184026786132e+01
1.691398239289937919e+02
-7.772550690017473585e+01
6.935542487490651808e+01
-1.738283115544652162e+02
9.922488761739185748e+01
-4.745581378663456462e+01
8.168027962301415812e+01
-1.983992173539589885e+02
-7.300504328618484351e+01
-2.618025965504359931e+01
-1.468543278746464011e+02
9.031936405451325811e+01
-4.740708715204171142e+01
-6.186958631612883863e+01
5.003353842981954358e+01
1.967373920815608557e+01
-1.201425334665922122e+02
-2.772944246781534048e+02
-8.874082465907864048e+01
6.505813736140436276e+01
-1.488515476453816007e+02
1.932597173064996809e+01
-2.261424489118698844e+01
-8.483325746243733079e+01
-5.217542773356174735e+01
8.781622117271476213e+01
-2.243963414725268422e+02
-1.010026278065169514e+01
5.426552390050995456e+01
8.648065274113325529e+01
-5.667273510508341872e+01
5.678756862262844152e+00
-1.378369087318042716e+02
1.430089148098978740e+02
-4.903660025466426475e+01
1.077733016506888220e+01
-7.091868382615099620e+01
-6.353816420179651914e+01
-5.468853819043373932e+01
5.997388431689203969e+01
-2.653030567300802645e+01
-1.738251043118976042e+02
6.876699640243184319e+01
-1.733931537999336854e+02
-9.574954672891928453e+01
7.370125464254172698e+01
6.668206735338496571e+01
-8.012667629830193050e+01
-2.928189827393869393e+01
1.625654825365479894e+01
-1.718365633830645223e+01
1.625727532836726539e+02
-4.824137788033122121e+01
9.554352613778935677e+01
-6.082734223680471075e+01
4.324916826395725167e+01
5.181708132592769545e+01
-2.675703785489476516e+01
-5.919396588972599460e+01
8.137652634634804372e+01
-1.902973957290082581e+02
1.866692232655990722e+02
2.043939167198853468e+01
4.234286249346116193e+01
-1.406115184647606782e+02
1.175731342366832592e+02
3.176530630734874450e+01
7.889071304983765742e+01
1.156296868395461956e+02
1.346242133891997028e+01
1.670631108926544925e+02
-1.115140217588689211e+02
4.694599224778681190e+01
3.273717880494936594e+01
6.861804766503641417e+01
-3.168929743145155342e+01
1.066324135392442152e+01
3.116420323227718825e+01
3.791181879899679075e+01
3.587833192274658245e+01
1.285992139845901647e+02
4.555376588986702302e+01
6.840831142856637825e+01
4.837361053920929410e-01
9.908804013629622887e+01
1.068183689523052351e+02
-2.432495848464759192e+00
-2.297745689159454940e+01
5.907826589034281284e+01
1.021195524748764853e+02
-4.712933494528729739e+01
-1.937339700893912919e+01
3.762050861463848861e+01
5.270094665486845997e+01
-3.226793417826402077e+01
-4.795866349902811265e+01
2.144439286872053074e+01
-4.382777105613706681e+01
-1.053329721954439009e+02
-4.477845308629527210e+01
-2.824587240367641083e+00
-1.937366540513878688e+00
4.956881925600850280e+01
-8.429471987902599039e+01
4.925443605378949741e+01
3.854817905635138686e+01
4.036420587949019989e+01
1.383416786841154646e+02
-1.550995032901608113e+02
-1.294803168997667910e+02
6.265756675232670148e+01
-3.432854061687711322e+01
-6.609343497441825832e+01
7.895317808395711268e+01
-8.254053170848047216e+01
1.293930554615625006e+00
-1.448914092680667238e+02
-5.609364121062895059e+00
1.801480205190473214e+02
1.554306344480947359e+02
-3.018123988240206401e+01
5.003584819345302037e+01
-1.881305738833967922e+01
1.853448834729678474e-01
-6.245863357955216344e+01
-3.538023242440585392e+01
-6.085014197168675310e+01
1.715750497180972047e+02
-1.328342048409924132e+02
1.838307893459431739e+02
-2.165323038407058220e+02
-2.433503038627271664e+01
2.969021633741724742e+01
1.102839733610498030e+02
-6.582002995961531155e+01
-4.723073237450730488e+01
1.775759830011933218e+02
-1.300738010028824192e+02
-2.427852275658188930e+01
6.774045982551349709e+01
-5.505537617758798064e+01
-5.696150909084777680e+01
6.432147648130587925e+01
6.098307698576475389e+01
-1.067449978863179894e+02
-9.859917123555705132e+01
-7.026139623174058713e+00
7.082203611493311257e+01
-5.376012956425792311e+01
3.393572008076981916e+01
-2.457050114905841909e+01
4.478048644744500706e+00
-4.259337464520661598e+01
1.685233433990873380e+02
1.252176658454132649e+02
3.004465397931900839e+01
-1.106067268024673069e+02
2.145822540822270241e+02
-4.579324457571334506e+01
-1.326659641877102729e+02
5.575632053245361419e+01
1.148381059095359547e+02
-2.227343173542890753e+01
4.717940211282350305e+01
6.275294551123960396e+00
3.317746864355285652e+01
5.852195061394841957e+01
-1.160600053228157975e+02
-2.070852283419596773e+01
-3.126324642739261250e+01
8.975059330491583864e+01
-2.018962392077970662e+02
-3.726589435626780755e+01
1.355854066632058448e+02
2.280688517937139181e+02
1.878368072082355766e+01
1.979603666890593274e+02
-8.441944559655590297e+01
2.126914814486895580e+02
-5.520466599917691752e+01
-4.522988096726764695e+01
-8.473253220759656301e+01
8.051547191197238362e+01
2.105240761478530942e+01
-4.812065477836712546e+01
-2.367194687979015910e+01
-3.766526734585666958e+01
-7.347172897600003694e+01
9.564238049421921062e+01
6.414767792803746715e+01
1.790814169984908517e+02
-5.935586040401957320e+01
-1.405967010553980288e+02
-6.448726285571127903e+01
-1.089504634089469164e+02
-7.323515579503904860e+01
-3.803359483401873575e+01
1.707970922545080938e+01
-9.380920555781381154e+01
6.582165712433641147e+01
-1.061784877394603654e+01
-1.905208706362938642e+02
-1.150950474781912725e+01
-1.204967316873779168e+02
-6.095605868622594414e+01
3.081130640323073067e+01
-1.298948660609657679e+02
-1.364319813975762088e+02
-4.686809798037302244e+01
-1.380543841764836941e+02
-1.619693537635918972e+02
-1.241605517889397881e+01
-3.821339754985037018e+01
4.142375298081946511e+01
-1.079412208285824306e+02
-2.206651415364397550e+01
5.844649293266618173e+01
1.008385108725327513e+02
-4.545592400401237398e+01
1.850392741709857205e+02
-3.702804795707541530e+01
-1.172807209501901156e+02
2.696437818801571140e+01
-1.152633711484389210e+02
-5.494174749707821270e+00
1.889881758896241237e+01
-7.769455861121777218e+01
-2.743526342224754089e+01
-4.739795766883336370e+01
-4.597441033994942927e+01
-2.563609964182748868e+01
5.835491548159975395e+01
1.213641898377759389e+02
-8.081181736419131312e+01
4.100604290699080678e+01
7.005558459278556427e+01
-1.981569009051818853e+01
-1.153827388418785915e+02
-8.852849057181479964e+00
9.625312788405741671e+00
1.403680510181094121e+02
-1.473517566534299306e+02
1.398104929896450130e+02
-5.269501240887036175e+01
-1.423658801439745787e+02
3.035325687232472447e+01
-8.321675977688767034e+01
-1.471533973495585315e+02
-1.115805678049496947e+02
-2.135353189641641620e+02
8.375821836442753909e-01
1.208734243447335217e+02
1.282808230537463032e+02
-9.831790512284923622e+00
7.731113498207334089e+01
-6.559689051781703029e+01
-1.204990510663513561e+02
-1.438233591049571558e+01
7.439653249807477664e+01
5.397997792451942445e+01
-1.871444356151113766e+02
1.073371603542070147e+02
-1.080717046549297464e+02
6.221020695058861349e+00
-3.007429914202971588e+01
8.438872585120172687e+01
6.611847564942532074e+01
-6.897061583290593489e+01
-4.597795116058044584e+00
-4.819256178866173457e+01
1.293295883955899228e+02
-6.967939085887081774e+01
1.119151594697244967e+01
-1.356134281602419200e+01
-1.132172553884535517e+02
-5.748411366465341388e+01
-3.005001937801441869e+00
1.149024567300285682e+01
1.400859587502315833e+02
4.632987386337396174e+01
-7.955631154865625376e+01
-1.766173150570192831e+02
6.110751611299289721e+01
-1.665467499163399268e+01
5.011904509731153468e+01
1.103647113250108447e+01
4.464099780967606534e+01
1.704828717893778105e+02
7.796827701310348857e+01
-5.463676209134246875e+01
1.298932892608075349e+02
4.828501580347151823e+00
-1.201997250238212729e+02
3.004487643666714902e+01
1.098186797069090943e+02
-1.033974188483104086e+02
3.714058687610692289e+01
8.160411748492575157e+01
1.573364556076520842e+02
-3.666798384013402767e+01
1.536898925865686039e+01
-3.051853502093019088e+01
-1.581062935784422585e+01
8.905626590510916429e+00
-8.648747214683990592e+01
5.778609115058671364e+01
1.108087150151453137e+01
-5.630550391183413694e+01
-2.782196283225642475e+01
6.263931327091515300e+01
2.559000530242135483e+02
-1.179465378595906486e+02
1.181813464524127966e+01
1.408957562767432421e+02
4.737582187224134600e+01
7.293524365410146970e+01
-5.261016327495944012e+01
6.537615883415166707e+01
-7.504384906153909185e+00
9.503793753449645010e+01
-6.171426825109692516e+01
8.166738424729655321e+01
6.059949910527842576e+01
-5.688310350263392934e+01
-9.384328663365957368e+01
-1.803490426925700874e+01
4.251224163317797888e+01
3.685513124403166785e+01
-2.957189227510070850e+01
-1.027576849184879109e+02
-1.756297514232799415e+02
3.650968556732558934e-01
8.788083580941304263e+01
-5.084424430586916799e+01
-4.984487027832212647e+00
1.478653142586436786e+02
-8.556408899721809291e+01
-2.670029581425713872e+01
-4.327910010821867814e+01
-1.021082635764581710e+02
4.992997176288765360e+01
1.764965087354918012e+02
-1.910503255984395423e+02
1.187950497825451777e+02
1.807624856405621472e+02
-1.633182146481362622e+02
5.839953832747325180e+01
-8.812483194904523032e+00
-1.187714760571075061e+02
9.599075353539463507e+00
-9.734686660671155778e+01
-1.743295577947694497e+01
1.305250695349625119e+02
-5.113253407716876353e+01
1.449022827277935619e+02
-9.971893299259966170e+01
-3.802667996716855470e+01
-3.862885121178075565e+01
1.229465425926158417e+02
1.022323514635048980e+02
-2.713537366729599043e+01
-3.998280863246627348e+01
2.639392118032968071e+01
1.027923164181345754e+02
-1.103763284063885948e+02
3.861695823561188234e+01
-4.324323084413138396e+00
-2.437750255599558358e+01
9.834902924231238330e+01
-7.678236478907665230e+01
1.714497264266048093e+00
-1.121476919478845247e+02
-1.348120831136221796e+02
1.594371753260618050e+02
-9.824429150876578376e+01
-7.187569053934130636e+01
-3.772413573275105847e+01
1.718821767636682978e+02
4.657765153098191035e+01
4.999604635704066879e-01
-9.904587911307048387e+01
5.058859940125690713e+01
3.824397018558089911e+01
9.997422652376189944e+01
-9.567747410688133414e+01
4.149285561413104340e+00
6.218059498449535738e+01
6.438038824630639034e+00
-6.606801453721035955e+01
-1.031821918203002610e+02
8.911433103158022107e+01
1.159701270125423633e+02
6.462820234118136398e+01
-1.921698033422314467e+01
-2.728447179143259049e+01
-2.523142553630535190e+02
-1.701444865702326013e+02
1.042344004176225667e+02
-3.454448042237697081e+01
-8.478891412426767715e+01
-3.812547594961230857e+01
-4.109548085309103271e+01
4.647333225911655319e+00
-6.670266647884766087e+01
4.966629495718807519e+00
3.518553674996782377e+01
1.753783037503703568e+00
-1.161760567799536581e+01
7.599164939556987974e+01
-2.293306379310173782e+01
-9.223421905927123632e+00
2.881975403716529982e+01
1.039237549664031519e+02
-5.019429281059039738e+00
-6.773648243451511064e+01
4.922936408378854622e+01
5.474920755860841481e+00
-4.469857245837439486e+00
-1.337222574517240332e+02
-1.039001497100753113e+02
-9.290310391363709641e+01
-4.420675986785224154e+01
-1.459869979226930425e+01
1.244466358762715430e+02
-4.844742871660778860e+01
-1.889868749482630284e+00
6.613043196710972893e+01
1.269294861559015999e+02
1.048095446550814245e+02
-3.415673822185333819e+01
-5.125570519189840013e+01
-2.040270529095994334e+01
1.400293266419580505e+02
-1.433661846572078105e+02
1.439100955543023872e+02
-1.456942840164641773e+01
2.591250452126152481e+02
-5.281422019081392705e+01
8.980343048626932045e+01
2.660601544752036034e+02
-8.384570944298469897e+01
6.412110680335442225e+01
-7.504792614355417868e+01
1.024183522865243532e+02
9.888951312020162732e+01
-1.692621847489185427e+02
2.895145691454087356e+01
5.765977500831625946e+01
1.246736770044739728e+02
-3.979901709133138343e+00
9.091167294793636700e+01
9.460407481664834251e-02
4.830544106593701592e+00
-1.731329117017153294e+02
-8.756332700475516617e+01
7.250934135683641557e+01
1.001782961720885510e+02
-2.649364756915232277e+01
2.733880389099789454e+01
6.037050292973316346e+01
1.990125258580209504e+02
5.413080558465536818e+00
-1.877979460232699083e+01
3.065851104204898903e+01
-6.147798738628792847e+01
-5.965023308971920102e+01
3.342489957538418821e+01
-1.318692938316140584e+01
4.039364964192431273e+01
1.159922228591809272e+02
-1.639873923307109465e+02
1.774677053855616009e+02
9.888133227352618349e+01
4.373978492398644846e+01
1.975560019967293783e+02
-1.724309120672849360e+01
5.178880427239671569e+00
6.545462008578978441e+01
-1.177643231092702933e+02
1.116856343176566213e+02
1.405932248005274801e+02
-1.866489829770975462e+02
9.443137626815023111e+01
4.335970950289939907e+01
6.897030121122310398e+00
7.508435552314968220e+01
6.201403494661369820e+01
-5.943315499991025064e+01
-1.188977286750741484e+02
1.381967594007096238e+02
-6.947746445232874635e+01
2.322556226938745993e+01
4.696964563423000527e+01
6.484462656231166022e+01
-6.205195231548927381e+01
-8.568584209611898928e+01
-2.518067799346566460e+02
7.904082743125938748e+01
1.424947925182775919e+02
-9.573642944200194904e+01
-1.632565182028811535e+01
-3.876790607358427820e+01
-3.649266893706711312e-01
1.802743163785169500e+01
-5.757822211508629096e+01
1.479941361308705723e+02
-3.542365045761080466e+01
5.571742856569761670e+01
-1.269711553871937326e+02
-7.095289446247248577e+01
2.616444127445433665e+01
-1.720944112319225283e+01
-4.898625107132200895e+01
6.468814431630050876e+01
1.388922413087587699e+02
3.297708309815641314e+01
8.631518292149399940e+01
9.852874472246216442e+01
3.340617264322501967e+01
-5.424174455338173573e+01
7.752476398836199678e+01
-1.969729208931590492e+01
-1.175322326169198703e+02
-2.563392875048619501e+01
4.957336371144620557e+01
9.392770206624742002e+01
3.784401962314717593e+00
4.606043189332916654e+01
-6.043366676280131600e+01
9.533708537528637450e+00
-7.312178601701927505e+01
-2.728559307918105148e+01
-6.767187607320185982e+00
-1.196209329470921716e+02
8.575393464237760099e+01
-5.727965268253700515e+01
-1.029083756730774155e+02
6.824409969179939139e+01
4.403507927250783638e+01
-6.482216308717336517e+01
-1.465414109565816148e+01
6.234681106061286116e+00
4.035634001223877476e+01
-1.750443480567245160e+02
-8.701651164243600078e+01
-3.337035288700409552e+01
-2.372652739845791103e+01
-7.605441748240507138e+01
1.691076531537096272e+01
-1.880561947021771374e+01
2.464458987820628977e+01
-6.083165094287349461e+01
-3.275617744898270445e+01
1.608845021764735961e+01
-7.065575725749995684e+01
1.617894174146970272e+02
-2.380188381992530466e+01
9.205551459171437045e+01
-5.107110457389697444e+01
1.801785575403553707e+02
-3.967775377061461484e+01
1.980169159333370601e+02
6.860285475554033674e+00
-1.305206514634287274e+01
1.013524920476404532e+02
1.857351217769904963e+02
1.369937916297064362e+02
2.604248538913290290e+01
-1.331346739403195443e+02
-1.208250124272063744e+02
-9.565073933598009148e+01
-5.517896981683902879e+01
5.980731209379862179e+01
-1.362243758290738640e+02
-9.136696067997714721e+00
-2.054292764619798106e+02
4.904191154908688333e+01
3.180528381187190945e+01
1.116418015259536247e+02
-1.897474811780488224e+01
1.254460824868816893e+01
3.793823432026906062e+01
-2.541498582418056458e+02
-3.889566712590824693e+01
-4.092236248120538278e+01
-3.229630235403457306e+01
-4.767974860025986317e+01
-1.440034105665878528e+01
-1.141882126325539915e+01
-6.916319016606674097e+01
3.317455299829430970e+01
-4.178267840866126903e+01
2.215995646970242205e+02
7.616965760966201060e+01
-1.396335313198007952e+02
-2.809778020948107269e+01
7.056199845144182348e+01
-1.270245018337729022e+02
2.104309277225866026e+01
-3.952131009164267539e+01
-1.846302282992343180e+02
-8.733285514773309899e+01
6.098667774975656641e+01
1.763442389706416122e+02
-8.822278454345595833e+01
-2.104313718211351443e+02
8.593625182270065110e+00
-9.248990029097561205e+01
-5.997683424896813165e+01
-4.684921451428327721e+00
-3.837004606934077344e+01
-6.030239474447141390e+01
4.963393170605109539e+00
-1.644301957432013950e+01
-1.036765879610184413e+02
1.150744148363981338e+02
1.339347444676206145e+01
6.578280115693529240e+01
8.989755696308981214e+01
-5.383470920563141249e+01
-1.542661427661394491e+01
-1.353977958138726194e+02
-1.927730232322928146e+02
2.162084248715086421e+00
-9.153118394496219423e+01
-2.389846175504758605e+02
3.140383168942216940e+01
1.962732028817983405e+02
-1.009424021753674907e+02
-1.370637012257424914e+01
-5.414444229931782360e+01
-7.877725137400706679e+00
-1.186381849274954625e+01
8.362208645056375644e+01
-1.229939177527632097e+02
-1.031413667378154742e+02
4.774492764345306028e+01
4.026145936135817749e+01
1.865340308876840103e+00
-5.820613676041147500e+01
-1.748944882284555717e+02
-8.732735403229044380e+01
5.815009038583703926e+01
-3.798471175956537138e+01
1.053423978184258516e+02
-3.184082892049978497e+01
-1.302767770032957984e+01
7.237550936238534405e+01
5.556165297489402377e+01
-5.954407806367938605e+01
-9.321257215339278446e+01
5.607459998084355846e+01
-6.329149330733554990e+01
-1.593848218282425933e+02
-3.418159805604778256e+01
1.724090367842494800e+02
2.486648473680751792e+01
-4.223180263181529170e+01
3.084730946289150211e+01
-1.284399098120112512e+02
-5.034927698706042065e+01
-6.510309630676054837e+01
4.892728722989601664e+01
3.969706160887950830e+01
-1.501250736659954157e+02
1.115647819837731305e+02
-1.177516268650757212e+02
-4.365193603649056797e+01
-1.336533773839462071e+02
2.241329239250710970e+01
4.926320949269889837e+01
1.767118440912794597e+02
4.390007806020254577e+01
-7.458911562404223616e+01
1.271554608617834248e+02
5.603823322405786200e+01
4.880402348812736335e+01
-1.410737966188010546e+02
3.809869017693335280e+01
1.302673342835895642e+00
-5.166303128785345677e+01
5.933984584416273123e+01
-8.266283869016019992e+01
9.838321768680422963e+01
1.012933065752979900e+01
1.021271578615509839e+02
-1.828524471097588844e+02
5.593330451770420098e+01
2.193904054360822045e+02
-3.901001715609661602e+01
-1.087153813660447632e+01
-6.424942576748495071e+01
-7.214345008407849491e+01
-1.000629099432410385e+02
5.986502371674090028e+01
1.240404691970655726e+00
-5.834443122387737901e+01
-1.361695953704512760e+02
-7.614825884849696536e+01
1.497200912674213100e+02
3.465830966018634385e+00
-1.791497440650978490e+01
-2.587550301472586867e+01
5.361084968013282825e+00
1.509917904545080525e+01
-9.954777650176198733e+01
-9.432422481959751792e+01
1.731630947639451961e+02
-2.331456888102600544e+02
-2.106991493349246412e+02
-2.400434164570465256e+01
1.160528091518334719e+02
2.230674615663481575e+01
-3.822164656036591879e+01
9.226262704892552335e+01
-1.154759370229116833e+01
2.796458098729785888e+02
3.798065010054338586e+01
5.294943118692282980e+01
-3.747837945245603208e+01
6.000556957451495066e+01
1.439003509978516320e+02
-6.106070248263139177e+01
-6.993053321280993373e+01
9.042665474570398487e+01
1.335638363981086627e+02
3.610214203609628925e+01
-4.147372439139871858e+01
-8.353986247182128011e+01
1.844480761327454275e+02
-9.954179630090383313e+00
-1.453880446273029037e+01
1.038456607449543441e+02
-7.909725100352908100e+00
-5.898266711101317128e+01
-1.060286194821764667e+02
-2.554492959554362130e+01
4.744844589927214429e+01
7.691155574622484892e+01
-4.771600259337546390e+01
-3.717420645111359079e+01
-2.276343469998069224e+01
1.928294543311151017e+02
