2.144321036466720045e+02
-1.159617678646064753e+01
-1.994084255601677214e+01
9.569977094057991351e+00
-1.245022626622908035e+02
3.775515029389767108e+01
6.967925644351556969e+01
1.661044323429413794e+01
-1.154189746171669384e+01
-4.031192015840080956e+01
8.050086292903284857e+01
-4.311710602601105791e+01
5.640879622232451851e+01
9.450625382162029098e+01
8.032214882009901658e+01
2.229217471159656228e+01
-3.342025400741745500e+01
1.192510797490186150e+02
-1.256541843995152874e+01
5.215357317124669834e+01
-6.863713126661350827e+01
2.099343710238229122e+01
1.888755333949219448e+02
1.384485199250427740e+02
-6.703336609613590014e+00
4.712711187359374065e+01
-1.528775331233485133e+02
4.779904000292527400e+01
5.987968828011614875e+01
-1.023602376328234556e+02
9.645428464766499133e+01
7.011455699828995591e+01
-4.609239565756852386e+01
1.106366981798925053e+02
-5.521051427527108757e+01
5.833496023861496838e+01
4.734466040281292010e+01
-1.229376618790382167e+02
4.231030140541754037e+01
6.511083993762007083e+01
1.981766393962898576e+01
-1.378130748317330188e+02
-1.216325328713271148e+02
-3.100104916094613117e+01
-1.492021906750336484e+02
4.240353607642482814e+01
-1.443858279716390136e+00
-1.619298508451827701e+01
-7.569765185591202794e+01
-5.426598073653347853e+01
3.174533391910919544e+00
3.153404247160032980e+01
4.432214790152234940e+01
-1.070675452239967740e+02
3.754391686848473597e+01
1.748465502592628980e+02
-1.138926613122737450e+02
-9.189861279052179555e+01
9.714721928239302429e+01
-1.182235134161102366e+02
-1.761153517546996028e+01
6.852404612626153835e+01
-8.043095568384794092e+01
-4.119896265829216730e+01
-4.254365721980872195e+01
-7.994380502990836135e+01
1.167459097484726094e+00
-4.281500687010522910e+01
1.093143419245677279e+02
-1.121556678597787027e+02
-3.421088639452402447e+01
-3.206999652119215227e+01
6.086323286414720002e+01
3.115960206321300419e+01
-5.601651154354924955e+01
7.739130013168316680e+01
7.423451825327268239e+01
8.174585302647203378e+01
6.591596189152249963e+01
4.636399270016583785e+01
3.951274591872922315e+01
-1.234480501544954336e+02
-3.552298897816135081e+01
4.863119079737003148e+01
-2.030990340386147253e+01
-1.372869855889498183e+02
-1.522433189808454657e+01
-9.149960178969773494e+01
-1.395858010982805695e+02
-3.107655093864246254e+01
4.376195198448779422e+01
-4.650269091314591208e+01
-1.903993607046228576e+01
-5.028830327953391333e+01
-1.588163305562840719e+02
1.822940442069734246e+01
1.305245149655949888e+02
-6.016803878212918733e+01
-5.647326411457600415e+01
-4.175462344642810564e+01
-1.908533458080836098e+01
2.150387070529111000e+01
1.611746060578910544e+01
-9.438309251464750105e+01
-3.978358453162813646e+01
2.691591315317602096e+00
1.789800764089068963e+01
4.114610715200556967e+01
-5.464065403059267245e-01
-4.487550934343190789e+01
-1.487103300632128899e+01
-8.053202806949236958e+01
-6.653198920601293764e+01
-9.528442799817420905e+01
-3.554684777965535503e+00
4.449160649805211420e+01
4.544024791304627797e+01
4.978459473809756730e+01
-1.377093593433293108e+02
1.092472657323853298e+02
1.742582787035492409e+00
1.158497235588284013e+01
-1.614079147253227120e+01
-1.280468151983414771e+01
1.497997749468235611e+02
4.164576461020972431e+01
-7.579492128008516261e+01
-2.449188898996398578e+01
1.540391723727293822e+02
6.853360256629899538e+01
9.997107072216567758e+01
2.710306835910974144e+01
1.641999339192931302e+02
-1.917575969486064480e+01
-2.188763788803770538e+00
-1.100473827692180748e+02
1.447364342631317058e+01
1.358584491290679637e+02
-1.053569770072966065e+02
5.069787460845336113e+01
-1.269803770732084871e+02
9.378374549994785525e+01
1.329715886462769561e+02
-2.073538489322207923e+01
7.707700942658331655e+01
2.105748389209046678e+01
-8.954117749817176275e+01
-1.050156802615375256e+02
6.144169291484683981e+01
-1.477994585917744814e+02
1.249396115056975418e+02
1.126267488972806774e+02
-1.292627646003657560e+02
-1.633244033807791311e+02
9.381438395796434904e+00
-2.463508541670290128e+02
-7.285355933619938185e+01
-1.370641197427264046e+02
9.086989236567278283e+01
5.395789173820067397e+00
2.345598093098979930e+01
-1.272662975097940716e+02
-8.932435615254610184e+01
1.758374235240671046e+00
-1.108536482842894344e+01
7.241007197893908653e+01
-1.320821421294734819e+02
1.907943380666851851e+01
4.468358408951437610e+01
6.732326849751126474e+01
4.071637808675384917e+01
2.260198166709933787e+02
2.115265036778132810e+02
-4.458756148101821992e+01
-2.456725657282721542e+01
3.889744738664575152e+00
-9.855285236148354500e+01
-9.376638104101371596e+01
9.431075367164632439e+01
7.970187711790183016e+01
-2.033649097435284858e+01
5.512710169965260310e-01
2.435100773917011807e+01
2.137081480224139511e+02
5.719914843658588666e+01
1.700844610957160441e+01
-2.695642869087270554e+01
2.535382176724094094e+01
1.168491129201069789e+00
-8.067303255775330229e+01
4.955624797384047042e+01
-1.430973531925107345e+01
8.444292129934734703e+01
-9.828127241490021149e+00
-2.240933259740745598e+01
3.121293510637659097e+01
-1.166854284895595981e+02
-6.800524429666265291e+01
7.252884049600879734e+00
9.470617218263033976e+01
3.866552128526657128e+01
2.023691378883477796e+02
1.610116115419497262e+01
5.707288249943368896e+01
1.412014554559288904e+01
2.761296888620974954e+01
6.632167199044226358e+00
1.134083961006186456e+02
-7.684551687810717624e+01
-1.197116320915816630e+02
2.822069769923036731e+01
5.593940100299432672e+00
-9.061254946916347919e+00
2.455960981624647044e+00
-4.560417620742221345e+01
1.388640974241249069e+02
-1.437814177224236687e+02
1.256874699291801178e+01
-1.395779226279124430e+02
6.375555314464151735e+01
9.475384408524774926e+00
-1.622382258467903000e+02
-7.620713148763543110e+00
1.051433171866853939e+02
2.287340771499202319e+01
6.764776207882624703e+01
-1.703744458962619603e+02
-5.475627419526756512e+01
8.351142639360337228e+01
-1.001446548004631012e+02
1.391513509424991923e+02
-1.881752020370655742e+01
-5.664022685960753734e+01
-1.549432511359485432e+02
-1.490278064586660989e+01
3.664940201840806111e+01
-1.116298057652719251e+02
4.953611234206545255e+00
9.528459221112284183e+01
-9.807954615258141473e+01
-1.731022877809769511e+01
-1.298994405645427719e+02
3.311771687246125850e+01
1.052574641973176028e+02
-2.217140351836042456e+01
-4.378402320152332550e+00
1.844483354601620606e+00
1.542143134311769188e+02
-8.097898745298581957e+01
-1.177501941565178534e+01
1.677646956482235225e+02
1.768842559165916555e+02
-5.007722006113080937e+01
-9.767288523661206057e+01
-1.345639405723755431e+02
-5.172532537213703208e-02
-1.749996423767957197e+02
-7.240990610398793592e+01
-1.345081779393718868e+01
-2.700981008373568102e+02
-1.766928046800464003e+01
-1.172383343388860055e+01
3.531057747635563970e+01
1.161341593979805609e+01
-1.438914817117920819e+01
1.275954753833715039e+01
-1.358358626670700176e+02
4.824129445056328791e+00
-7.733611081393423348e+00
-4.423428339891925276e+01
-6.266626918494857534e+01
1.455678503581675614e+02
-1.244687612264914378e+01
1.362213200212387232e+00
-2.000602509706766625e+02
-1.192601725985948491e+02
6.138779245140523422e+00
-1.352868482260861605e+01
-1.654882150356702653e+02
-6.124429468816027367e+01
-6.489887111417513665e+01
-1.121804303925681623e+01
-1.684896488344423915e+02
1.042168342649420651e+02
1.023359263396515217e+01
-1.114832693379209729e+02
6.451814932564404614e+01
-1.784845623254748830e+02
-4.890549384927329868e+01
-3.720690858362682008e+01
-4.689391294642300068e+01
-1.784751588446890480e+02
-8.773883769084896755e+00
1.199098886603065353e+02
-1.640008696112488735e+02
1.327067316549175473e+02
1.209744951189333477e+02
1.730912290854851676e+02
4.684651277389382074e+01
7.122745132339255214e+00
8.815131020084938029e+01
-7.084242516643453769e+01
-4.988798751188321035e+01
1.359891329157553059e+02
1.021307638898245500e+02
-1.398103858330120204e+02
-1.101028707881211659e+02
2.949136950524612644e+01
-5.876361683220348198e+01
5.747693524845977464e+01
-8.654178668340053093e+01
1.111782406917493375e+02
4.357115712185196799e+01
4.863088459196022484e+01
3.107295368525707957e+01
5.617958837149662088e+01
9.589786242879118561e+01
-1.562125407611141839e+02
3.200770126548064809e+01
5.163778187083026694e+01
1.561719708588392166e+02
6.826665080524045948e+01
-5.713206295632118348e+00
-8.957028147959756836e+01
-2.810711506620580380e+01
1.566864460472560268e+02
-2.247256974596270993e+02
-1.468459631613779663e+02
-2.435181797042773155e+01
1.132117829684499952e+02
1.134463505344248375e+02
1.618653287251070765e+02
9.631081121054531025e+01
-1.657677608253148449e+01
-2.939098088322059610e+01
-1.488222650000225826e+02
-1.145296784852923366e+02
-4.649807975364140589e+00
-5.539113289431747944e+01
-1.137932857026422511e+02
2.068768834628971831e+01
1.973595878004055137e+01
3.412610988251299915e+01
-8.955021301203032635e+01
7.088819595719121480e+01
1.842272892601844774e+02
-6.840464144389851064e+00
-2.691061402050486961e+01
4.225498881909330606e+01
1.232752500012860253e+02
-7.615314798070789948e+01
-1.655871272818556292e+02
-6.072501383743577286e+00
-3.476201421149355042e+01
-1.225383905842720225e+02
-1.201551696243005125e+02
-1.265773446321000222e+02
-1.075251626806063712e+02
-5.271179563061296847e+01
-7.625751829723823505e+01
-3.244515928333874655e+01
-6.955855028299041010e+01
-1.071417156278402274e+02
-1.660709231488214357e+02
-1.018128766117504966e+02
5.677831115032637399e+01
2.591226158205216379e+01
3.162061049446780903e+00
-1.010222440002738198e-01
-1.318274980803704182e+02
-3.420910588766056293e+01
7.416702545568448102e+01
-3.276615272767352760e+00
-4.738718885146104753e+01
-1.268679348952644403e+02
1.180015226390641061e+02
-4.579750401190767484e+00
9.318338935852123583e+00
-1.178788226518799860e+02
1.977428776390913754e+02
7.168161741132406561e+00
-6.457333420963190740e+00
-3.069834235474138850e+01
6.391100959521609326e+01
-3.094253352236323806e+01
-1.613252669675321727e+02
-1.006464150569131704e+02
-1.874525425938079195e+02
-3.594254441252135024e+01
-1.806485421449467879e+02
1.784781566040902590e+01
5.757413107951300191e+01
1.020883058064275595e+01
8.228002897118003034e+01
-1.988042951835765493e+01
4.240445188788115161e+01
7.197429111473083196e+01
6.498095290769197163e+01
4.410864147612413433e+01
-6.894422108254019577e+01
6.928778513114932025e+01
1.654864959021892901e+01
2.789384329115128835e+01
-4.663406686859975991e+01
5.154482875254679897e+01
7.047465888824658009e+01
4.253452141950823773e+01
-6.506506720224381013e+01
6.898543367143615512e+01
-6.986238869799133511e+01
-1.281768596974750274e+01
7.517292918246204181e+01
6.215219829832600595e+01
-9.457398128405601767e+01
-2.753892948286960873e+01
1.844930208268755507e+02
-3.559379652303936936e+00
3.326671636742311478e+01
-1.234641017811154917e+01
-1.718296203475709092e+02
5.781920026392720047e+01
-6.936915085576879392e+01
-7.594900718402199402e+01
6.352940921352440284e+01
-2.303827209864491863e+02
-4.461944464772012964e+01
-1.124790249123692298e+01
-3.647651437738335289e+01
-9.489316187450383211e+01
1.417421314539207913e+02
-4.050767567629923604e+01
-8.118874042027330518e+01
-8.961353663825043725e+01
3.917389515751706597e+01
-9.108217235726540073e-01
-7.044447552568989579e+01
1.085439777218311264e+01
-8.281268697174155591e+01
8.650393134037859966e+01
-9.415754005497255719e+01
1.209707184506054176e+02
1.672307033798450391e+02
-5.258195445338193963e+01
1.092645208064887754e+02
-1.260810531705965047e+02
-9.236880585829763390e+01
6.086013773762792312e+01
2.014544911777112191e+01
-9.133792849461860541e+00
-1.811187828899735734e+02
6.664978843330851532e+01
3.339862481931350047e+00
-8.376271775784832130e+01
5.538506734005066079e+01
-8.573152399241877220e+01
-2.950949368384812743e+01
1.165741543965366489e+01
7.592666351732967200e+01
6.962225974837696008e+00
2.981647851137328331e+01
5.263333919463815391e+01
9.582956126050949308e+01
2.701149044024386470e+01
-2.674952092474104148e+01
-1.679539804849190432e+01
-4.910326727841381000e+01
-3.747713449014099751e+01
7.209194246833165209e+01
-2.153454847137889772e+02
4.576151551052029021e+01
-4.255358064686461006e+01
-2.524558314575049067e+01
-2.621353403358306622e+01
-2.527955576784975023e+01
-2.177790294142020500e+01
-8.634516605942118872e+01
4.846277355281473120e+01
-4.284000170001276331e+01
-9.231012500334749404e+01
-7.116742054289784392e+01
-4.002502834255260211e+01
1.791690024968939952e+02
1.457842631226025709e+01
-1.630980945144676184e+02
3.193137519619356368e+01
4.694249951607760352e+01
-5.935204342611027784e+01
-8.652260742873698973e+01
1.055311042876704448e+02
9.940048397705599825e+01
-1.428927054152443077e+01
-5.404645441730473010e+01
-1.164780393925452984e+01
-1.334824789132480873e+02
-4.649845999852070122e+01
7.976167919585066102e+01
-1.034880686672427146e+02
3.167683092581594906e+01
2.156808134127207666e+01
4.786567923239665134e+01
5.056168635344786111e+01
-3.106334314871187274e+01
1.373627716429987515e+02
7.685987040065150211e+01
-7.288148239651059157e+01
-2.840005498617787083e+01
3.392974609270100217e+01
1.568501569297107778e+02
6.761897837240326226e+01
-3.862707301941266991e+01
1.354031798801284765e+02
1.081355778460255550e+02
-1.174783542967878986e+02
-5.335886300398805737e+00
-5.962464119011526975e+01
3.648360980159221612e+01
-6.827812666480771497e+01
-1.302338562633120773e+02
5.189608000882962813e+01
-1.711982366450120594e+02
2.556829107713666005e+01
1.907564255892387450e+01
1.543487686112770518e+01
-6.240420025061833087e+01
6.184890639567790949e+00
1.512726289586856581e+02
-1.475795812582882327e+01
1.276961578820845133e+01
6.342887496194504138e+01
7.657903893337976342e+01
6.388774407024150293e+01
-3.316831055029187070e+01
1.409651849949493574e+01
3.917336166854472168e+01
1.162084527391097026e+02
-1.559312511217293036e+02
-2.908854462564783461e+01
-2.218287367195779041e+02
-8.102426165883123588e+01
1.049897789763543727e+02
1.859557326066163512e+02
-8.513366873856078598e+01
-7.097777435274622349e+01
5.089899559561732012e+00
2.152610945482084759e+01
-1.044130208187070963e+02
-1.258637003681854694e+01
6.065715210237677013e+01
-3.918426614748894110e+01
7.256003166906374702e+01
-1.194608714755189993e+01
-3.340186069772270372e+01
-4.037489585181192098e+01
1.235269763709416679e+02
-1.000159993421606259e+02
-2.515288259726467146e+01
-3.979151161075369458e+01
-1.571390838359568818e+02
3.205048810368946022e+01
-1.444351191854366778e+00
8.254726727798289687e+01
-6.824528112563207571e+00
1.136953944993580308e+02
-1.333128626313688585e+02
-6.930890336316974754e+01
7.368274427928814596e+00
-5.666700719795936436e+01
-8.067689890940984654e+00
-9.626784654163273558e+01
-9.562855399266710776e+01
1.288525792799345311e+02
-3.732670775052786105e+00
-1.452047271899818881e+01
9.155897928061297364e+01
4.508389247091801622e+01
1.401872418416859034e+01
-5.086076731627862557e+01
-4.334115897824678143e+01
1.502835110784315589e+02
-4.396549220827461824e+01
-1.412998183847702194e+02
-6.464238452190488715e+01
3.501975574628355758e+01
2.112221789845690978e+02
6.974416913002760054e+01
9.800361226410801407e+01
5.086541573832911212e+01
1.368852669961540016e+02
5.104927945985173743e-01
-4.742840514948240127e+01
5.881704280928560991e+01
-6.669117193944251198e+01
-7.502564388555559560e+01
-1.090605064501461214e+02
-7.240164195738681485e+01
6.751397860851004395e+01
1.405906235751144777e+02
-8.458117634039129484e+01
-7.764759479494028938e+01
1.972189789061203840e+02
-5.782210379109319121e+00
-2.161168508741838323e+01
-1.264719533580934474e+01
1.337986677029066414e+02
-3.273141942959362183e+01
-2.169329619558909883e+01
-1.170000486691355661e+02
1.663845315111612422e+02
-8.352067071583805102e+01
-1.923763695323659135e+02
-4.638051763691947826e+00
1.070219126045388265e+02
1.104666995174850967e+02
2.609685027260838197e+01
-4.956756985283028172e+01
-5.938067401028887815e+01
3.677441844996370435e+01
-6.794503152898688825e+01
1.200335656766870329e+02
1.696686279540657267e+02
-6.996166669650428993e+00
-2.813443008134966838e+00
1.605403116683927545e+00
7.294640410849029877e+01
3.044277328601052091e+01
2.721353486283889112e+01
-8.772099888755965935e+01
6.683219002102585193e+01
5.847688356044871938e+01
-5.867213633005905393e+01
6.132616982794628768e+01
-1.795372408006055309e+02
-2.770435999471529342e+01
-3.561706738235000103e+01
9.960726610137763259e+01
-2.069623168174080661e+02
6.470736050736007883e+01
-5.323414286283330199e+01
1.191436911318833047e+01
1.316965720989503552e+02
7.271962052969151102e+01
1.141212409962347962e+01
1.943200599671381497e+02
8.523543884953443239e+01
-1.233435952756584157e+02
5.623084326557788160e+01
-5.419030382316896599e+00
1.319379707903225096e+02
1.281673336386843118e+02
-1.264702694384975779e+01
-9.841606745348168772e+01
1.480554424323469220e+02
-5.378417511707616505e+00
1.275565956395418254e+02
-2.257551395884364638e+02
-9.883924016187228290e+01
-5.552751687830735960e+01
-1.480597957877797910e+02
-2.757596440092432744e+01
-4.564907119731002716e+00
9.729390832499359476e+01
-2.880541931690498991e+00
1.053894358308481145e+02
4.079701038518298617e+01
1.374382823656629000e+02
4.784879927916966125e+01
-1.817104800041390433e+02
-5.255878059606029495e+01
1.065134240346947507e+02
-6.684309671247535789e+01
9.823427538569424655e+01
-2.304983529011642531e+02
-9.889464544111663713e+01
7.018552223242038224e+01
-4.827874202999559117e+01
-1.662966298000253573e+01
-1.767987545766349911e+02
-3.493755444444586544e+01
-1.355577112162131748e+01
1.367832206370857229e+01
-1.910474563760747913e+01
-6.426275218496122932e+01
3.045463647864364987e+01
4.869977418105922773e+00
3.585531742212373985e+01
5.813290326252166551e+01
-4.825735121652900972e+01
5.063516356994529133e+01
-6.526546963111682942e+01
-3.439238253207471008e+00
4.193755721592782493e+01
-7.085407077422601674e+01
1.944863905505617296e+01
-8.771596524397450878e+01
-2.122307502382867739e+01
1.663116378374278881e+01
-5.093614750514804257e+01
-1.212268710974943673e+02
-1.654717176137682202e+02
-4.620955767699454952e+01
5.157219034180407391e+01
-4.994763859361485459e+01
-1.365699095841559654e+02
9.127490074808621046e+01
8.286310003812248581e+00
8.079957452918311844e+01
1.002817556943561499e+02
1.309264117563895979e+02
1.426276986266665858e+02
-7.588265559774004032e+01
8.317923383192673725e+01
-5.852521279383402941e+01
-2.644905683671373708e+01
2.082805019772488819e+01
-1.240568856325081555e+02
-8.210441390961408104e+01
-1.231877386017065277e+02
2.017856838592175350e+01
-7.680218583143830813e+01
1.594573953390751910e+02
3.087597037263259736e+01
5.547803371885858326e+01
-8.677619978640684906e+00
-1.443769195006151129e+01
3.078679090757382752e+01
2.421956545079193859e+02
1.028848080072028210e+02
-9.896879452550560075e+01
-8.584366789954475507e+01
3.886391808631438494e+01
-2.142237000506728251e+01
1.031087341931757528e+01
-1.092908278546831546e+01
1.413935096331488284e+00
6.076143107546222666e+01
1.312778895872108897e+01
-6.789262076013808667e+01
1.207484914383449279e+02
8.480059294536108894e+01
6.199843843484804040e+01
-3.096034702416981332e+01
2.204911465851894263e+02
-9.332961264545151892e+01
-7.900010384131503827e+01
-2.111524745272487849e+02
-2.365475534488483689e+01
3.754310904853349484e+01
-6.517980369651185413e+01
-7.792327853482375133e+01
-4.428927469226911739e+01
4.561276477530317841e+00
1.143152217656092375e+02
1.802599426795178772e+01
3.930403095533219471e+01
-1.323532562763416536e+02
-6.720193291002320102e+00
-7.216338645138959862e+01
9.653963872972373395e+01
3.030861985784228807e+01
7.762844342750697990e+01
1.332003216422809828e+02
-1.084596002622084825e+02
-1.499951508022361679e+02
3.568137605273095758e+00
-2.419376605002798897e+01
3.661968396059751552e+00
-1.278330367730908108e+02
-3.531138234205729276e+01
9.403218884180580517e+01
-5.753204680012911609e+01
-5.337845699167171887e+01
6.106254762597392727e+01
-2.550691350063529939e+01
-4.749502200321394696e+01
-4.990997539041831033e+01
9.115580903046247840e+01
-4.960770864345718678e+01
3.878769101605478831e+00
3.681999656182079406e+01
-7.990982733968823482e+01
6.505211975988727247e+00
-1.608584458487328561e+02
-1.244894045532741877e+01
-9.160832335655830150e+01
6.026804484720209132e+01
1.777358120001162547e+02
-7.092914420736447312e+01
-1.422371849878075523e+01
-2.360703214607840383e+00
-5.551489583044688203e+01
2.574679544060607128e+01
-5.097987423624123693e+01
-7.137798619795687216e+01
9.476781041366849934e+01
-3.177260880841269497e+01
4.236919069993882658e+01
-1.518589714158165407e+02
-2.328220655014040119e+01
1.029324396425231214e+02
-5.202843279784722341e+01
1.368561165775761026e+02
-8.189938760197481571e+00
-5.626340220910078216e+01
-3.565668865201369897e+01
-4.212266660092611659e+01
-4.861419112736614778e+01
1.002831845994632687e+02
-7.828228471515629394e+01
-6.117110338984308271e+01
-9.032178662263473257e+01
-3.471598765180977608e+01
-9.421529058912991417e+00
-4.494035294781281209e+01
1.065201717387664644e+02
1.405008321196137899e+02
-8.896070297824326190e+01
-1.592220168593714789e+02
-5.334211730508548044e+01
-3.254412200781436582e+01
-4.179998859900168640e+01
-3.878733685939933196e+01
1.025899392847521696e+01
-5.568086737408632025e+00
5.564072199524995455e+01
1.224071999878761687e+02
1.188483439096907404e+02
6.859373083757955669e+01
1.206338906363315644e+01
3.512198612802427533e+01
3.892218289809661513e+01
-5.717810470295636094e+01
-5.979075337835830339e+01
-2.377622383574865772e+00
-2.692003851992502916e+01
1.925191112094903545e+01
6.042112731080430343e+00
3.617995021769306874e+01
-1.677145041164522183e+02
4.935135887214121198e+01
1.338115243420741933e+02
-1.198436488675275626e+02
2.582991061803632604e+01
-8.569807258277718276e+00
6.204193688067027068e+01
-1.036174712906351232e+02
-7.835644106226575900e+01
-3.701628795664894511e+01
-6.116663924000194896e+01
7.388360824152364614e+01
3.779842508262973411e+01
9.273188946131702082e+00
-1.777605348037297972e+02
-5.018711435729252202e+01
-2.711459303663548681e+01
3.551786591277769389e+01
-9.925136212371286959e+00
-1.240038293944522252e+02
-5.203827187473057592e+01
-1.122157385474282734e+02
-9.864139415866723937e+00
3.175182394168418796e+02
-5.556489754263911607e+01
2.952303546172628579e+00
2.567950163601125979e+01
-6.187826594933525826e+01
1.535264037473656344e+02
5.945321071328721985e+01
-6.788669480174554849e+01
2.800916760985548137e+01
8.519681713118384891e+01
1.011755257529286638e+02
1.424043728197661096e+02
-8.026656663832223160e+01
3.960087420896352484e+01
2.278123487332040753e+01
4.190190589374643793e+01
1.093734038119753649e+01
-8.219637272603947054e+01
-4.387406157267464835e+01
1.072577715979151520e+02
1.220443697827484613e+02
7.325291712597723404e+01
-5.588705377832469168e+01
-1.526916947431508333e+02
-3.283543387777268663e+01
-2.757723266719055033e+01
-9.000084547447239913e+01
1.337419558644253925e+02
-5.144397118175845662e+01
2.856307422563665099e+01
8.638789922154323619e+01
-1.955244579845101782e+02
3.307779196830212953e+01
9.079836592503684756e+01
4.399559934937613548e+01
-4.880935264342922864e+01
-4.646391423465959036e+01
8.426975796003448238e+01
-1.981569065061297295e+02
-6.299777671465309936e+01
-1.502762674486978938e+02
4.284543519771661124e+01
-2.210770455547636359e+01
-1.289722834689626438e+02
-5.032290684116812685e+01
4.293770673096101831e+01
-9.883356784569184583e+01
-4.744868556043044805e+01
-6.332631057763890681e+01
8.090752307060891724e+01
2.592116985324071265e+01
-6.407090635283807956e+01
7.579455446352463355e+01
-4.476946260858440496e+01
-9.383268409016061185e+01
-1.224869589056470858e+02
9.380465069475695827e+01
4.598527147507000734e+01
-9.556455573143664139e+01
-3.708021825182575526e+01
8.234319350405638716e+01
2.101773556326366688e+01
5.532672756964787908e+01
1.396169198010124823e+01
9.864271737083886649e+01
4.363341157829793815e+01
-5.380835446215383655e+01
-2.017833665181932545e+01
-2.500251143491900407e+01
1.225060439591819090e+02
-1.716131186249284468e+01
6.935131624069387435e+00
1.222514589367495397e+01
3.107149264705860503e+00
-8.648212335016174279e+01
1.218421533470245919e+02
-1.485974637372325731e+02
-2.868974911385429749e+01
1.229420161888731542e+02
-3.018408457308996873e+01
5.639449622505236448e+01
2.724566785898102950e+01
7.694513228817217509e+01
8.623997885041912070e+01
4.056310098618956062e+01
-3.011910644794048508e+01
3.673525883357034338e+00
-7.002358552868108177e+01
-9.808685196154745256e+01
-1.288790682284184470e+02
-4.939622128663285849e+01
1.214586095868627922e+02
-2.439533260654137337e+02
1.035297222363981859e+02
-1.160841186670358294e+00
-1.494905946076985259e+01
-1.835454686809855573e+00
2.524074526581454592e+01
1.032066936385142526e+02
-1.539748587585703206e+02
-1.401569539971756626e+02
3.433017847853838589e+01
-7.595462009815307169e+01
-9.615411687228478854e+01
-4.232292064031508261e+01
-9.660965723628892832e+00
1.131535113450755681e+01
-1.528540786240964451e+02
1.023392425255903238e+00
-1.399251352274741009e+02
9.146655663051504348e+01
1.008254016903758128e+02
-9.093673025438124569e+01
1.487840410130143312e+02
6.720667910547385304e+01
3.349572560703226287e+01
-6.755909728867041508e+01
7.387178119751631300e+01
-3.472383575429666691e-01
1.582409874073661058e+02
2.738796768051874864e+01
-4.988742936968698416e+01
8.316487238338021726e+00
-2.633148837999148384e+01
2.766791715593282674e+01
9.772551052326217302e+01
-7.067948886910585315e+01
1.049680271883259230e+01
4.276666245079408846e+00
-9.642961175002493945e+00
-7.906414348783368951e+01
4.046474889726004420e+01
-8.751778441021663468e+01
1.960322071873323324e+01
-5.276114750433169576e+00
-9.544483436770875073e+00
5.311971236430132848e+01
1.291199963134166921e+02
1.065643485435421383e+02
1.113908996560686546e+02
