9.582519512313069754e+01
1.020075688013826891e+02
-1.129631455671745641e+02
6.765153658030978079e+01
5.891637781028681786e+01
-1.156233410542619744e+01
9.987550571385584419e+01
7.618247207651695874e+01
-2.075692581845960838e+00
-5.106055702426147924e+00
1.406585706974694006e+02
-8.439985664974602741e+01
3.454118737248436588e+01
-1.251821098037412696e+02
-6.360742621536597419e+00
-1.994114700254870911e+02
1.541995122218492327e+02
1.421933452536736979e+02
3.852864537400080280e+01
-2.699302864555214398e+01
-3.681598930134489223e+01
-1.636071386634865377e+01
1.994416077791474322e+02
1.068648753914868621e+01
-6.144144517160699870e+00
-5.653091113720122252e+01
-9.885857518034758584e+01
8.798140831263846451e+01
-4.152223246548437885e+00
-1.027883925068550610e+02
-6.445186588079646128e+01
-4.356478728048679727e+01
-2.399647837265920813e+01
-1.036026380713806105e+01
-1.510387920692215857e+02
9.214021931248761632e+01
6.464599216597925135e+01
-2.110847554713317606e+02
-8.064696780060526038e+00
-3.435257419681141045e+01
1.455720380120158097e+02
1.977787060824761056e+01
-5.700312036269609450e+01
-5.168647020348409171e+01
-1.845252477220173759e+01
-5.570036819414558238e+01
-4.359387909162182240e+01
1.098276683162605138e+02
6.053950022966981237e+01
-1.863245089773690921e+01
1.133495898097129384e+02
4.809645479216400332e+01
-1.789433242884095421e+01
1.440647256297046965e+02
1.104052622077919779e+02
-1.986803396617917983e+01
7.154410741840763421e+01
6.671478088109157056e+01
-3.430853178843204887e+01
-1.277307063947261678e+00
-1.355426111980033284e+02
-1.635891153331356662e+01
2.441897193893613505e+01
-8.168434885723497985e+01
-2.367383817605400154e+01
1.246042887230613161e+02
6.283062919264018120e+01
-6.926365804424673911e+01
-2.728985880192183444e+01
-6.985271475690464626e+01
-1.032866150607089537e+02
1.250572644897170704e+01
2.533742609297448922e+01
1.714240382200434851e+02
-1.077688314320607255e+01
1.215975356951923487e+02
5.646464927400601397e+01
-4.187039805888752397e+01
-1.360190491554655434e+00
1.462405813175700509e+01
2.779870282566402011e+02
5.062551229165406141e+01
4.280601788878567504e+01
-8.741640496169885921e+01
1.248086507725067307e+01
-9.538177572750997513e+01
-2.010228530416668207e+02
-4.661112222838796271e+01
-7.142796726755099712e+01
5.648833429503918779e+01
9.919974108495523524e+00
-7.678678845974818046e+01
-2.354593935738419574e+01
2.425052734672546251e+01
-3.925541020041409013e+01
3.511637241042857127e+00
8.959573602252491753e+01
-6.724230685156431520e-01
-1.164059996579179312e+02
8.204615487332203827e+01
-1.240330376399388399e+02
9.411925273641006839e+00
-9.250330534826343865e+01
-2.754631392032955262e+01
-5.782982980738074019e+01
5.104138461424958706e+01
-1.607899565199641501e+01
-1.766748009259433445e+02
-1.107153735175039202e+02
-2.512343912264753385e+02
-2.224351767005114766e+01
8.317432272841774932e+01
-7.029784804401708698e+01
-6.686305122952170166e+01
-2.704330209917108974e+01
3.427735303761286900e+01
8.164636705264237548e+01
-2.854215865754817827e+01
2.296562250703332353e+01
2.528661984597913204e+01
4.557869246832497367e+01
-1.042453988995601009e+02
-1.524397373136486351e+02
-3.973968297979500619e+01
-9.921429872639107828e+01
4.141332467694282826e+01
2.294341723573509739e+01
-5.647785034870358345e+01
5.194684383154281448e+01
-9.328982783881020424e+00
5.166862414491652089e+01
-4.277803559658067911e+01
7.908862772895420790e+01
-8.857874214232326437e+01
2.697620868902529168e+01
2.207350819737479952e+01
-3.298137275588231176e+01
4.778261071912660185e+01
1.198993912633971917e+02
-3.980700944329616853e+00
-6.515233045261314260e+01
-1.120322668280635980e+02
-1.477755132816745061e+02
1.228379870294671434e+02
-1.000147736131753007e+01
1.127527421592418193e+02
-9.993858124192983894e+01
-6.306116393954236088e+01
1.847320846288788232e+01
-3.937053727738228304e+01
1.655410909701599280e+02
-2.091488050729062564e+01
1.111073535839316690e+02
1.073962210654347693e+01
1.373268211133072043e+02
7.801352006558823859e+01
9.110844325572544733e+01
-7.363201883003301873e+01
1.449891240885803967e+01
1.979995320679820452e+02
-7.202522775906545860e+01
2.177769128004185006e+01
-1.370247718919378315e+02
3.762219918853394063e+01
2.279700486106063551e+01
6.430266006127636658e+00
1.115973436786622273e+02
-1.015799011028759651e+02
-1.097763367159404879e+02
-7.895615522556481380e+01
-3.135005189372230383e+00
-1.956267093516386879e+01
-5.684673856726990948e+01
4.711866141868545554e+01
-5.316971622089408811e+01
2.214167237607484040e+01
-5.287326138927668495e+01
2.267330635790021631e+02
-1.161426671554567349e+02
-1.683612327943832270e+02
-7.349000559435665991e+01
-2.154119649369701506e+01
-2.859182920328250077e+01
1.104540821067007812e+02
-7.630665761889451915e+01
-1.974940400134761944e+02
-7.817323430996435718e+01
1.132661582308480916e+02
5.153628669958748354e+00
-2.296303407171702418e+02
-1.231182839265231621e+02
3.476038334068250180e+01
-5.586032035691855668e+01
5.062545640235488520e+01
7.322610332165783120e+01
1.409153149790637940e+02
-6.702791726213764889e+01
-1.484709263095728318e+02
4.459067004652641231e+01
8.143008286226933734e+00
-4.731109161162996912e+01
2.811768406720182867e+01
3.297061689402002571e+01
6.499214561273818447e+01
6.748743158168767309e+01
-7.756035931225593316e+00
-5.494712878730052097e+01
-3.815689079330581279e+01
-1.040182277549507432e+02
-2.719945735110033525e+01
-2.526588814531327642e+01
2.631119298056062306e+01
-1.048982320095290817e+02
-9.881799326873083089e+01
1.695578462742965939e+02
-9.180903970456041918e+01
-7.740193133355471389e+01
2.826484668054399663e+01
2.030770533325794247e+01
5.271479768457312076e+01
-7.115626233449620486e+01
-1.648137187294082651e+02
6.431981724803927136e+01
-4.689057190916000906e+01
-1.340383709890567054e+01
3.092264144931580816e+01
1.885602757262086300e+02
7.974778577206291175e+01
4.432015505230483932e+00
-1.419684177736006880e+01
-6.443702732440864622e+01
2.569761936491604501e+02
4.543747256918579502e+00
-5.668074987008678534e+01
1.053451441752692972e+02
-3.072486330376163810e+00
2.958011113353945731e+01
-1.003608672364394465e+02
1.389647411549987908e+02
-3.045459580285595269e+00
9.615144704488930927e+01
1.114905952711261428e+01
-5.718486886117128165e+01
-1.200737474162969720e+00
1.013803172909622319e+01
5.849025162634634789e+00
-1.416654695017252834e+02
4.471778906203343951e+01
5.845912062511921192e+00
1.542238439027976824e+02
-8.916320783972577146e+01
3.102493215038316876e+00
4.301082930726286691e+01
5.693268697480120721e+01
1.796875270547079140e+02
-6.293731931542142632e+01
-3.620895429703313084e+01
2.303014470267002523e+01
-6.563291955858940696e+01
-2.188354262576009290e+01
-1.144713281194670742e+02
1.581696695078595667e+02
2.707911198035372635e+01
4.536899085508984797e+01
-6.148805519109149031e+01
-2.416114764995453186e+02
-1.059943643559928290e+02
-1.028742525274770969e+02
-1.609453344112151854e+02
1.786155182120507590e+01
-1.627899852065883408e+02
-5.213675078202750512e+01
-9.154989939595245119e+01
1.595499241289014662e+02
1.299044962053538939e+02
3.055806403007566630e+01
1.501800525865366467e+02
-3.005849736624918123e+01
1.171719410386760885e+01
-1.488693248134825531e+01
2.041202936876703689e+01
5.277221767197420377e+01
-1.120826157263559963e+02
2.277804351540297745e+01
2.558431401441254849e+01
3.913677396000414177e+01
-6.505988873833096875e+00
-2.544059317051780766e+01
-3.981572655731174848e+01
-1.029767490512832211e+02
-1.200235117284930020e+01
-1.616269374748380869e+02
8.626923582245031241e+01
-1.376059086276362962e+02
5.882131175766639331e+01
-8.967525230401597014e+01
-2.570128940082448210e+01
3.029647863122271900e+01
-5.210056077246607487e+01
-9.905749496237422846e+00
9.037674353646548298e+01
-6.964402912093891018e+01
-5.280865307656873142e+01
-9.666101523829173647e-01
-1.527198897563558688e+01
6.889009898115212138e+01
-1.312010644182070607e+01
-6.933803866115167125e+01
-6.066421374706811420e+00
8.864593312875898334e+01
-4.488676497979517954e+00
-1.409900188562294261e+02
7.747979459531305224e+01
6.824934706418562769e+01
-1.590962742868691748e+01
-1.362706909644680593e+02
7.089563191752478133e+01
1.756957524082309305e+02
1.170127930058650918e+02
2.556139133688235745e+02
3.634249451233519324e+01
-7.983466475150091668e+00
6.420644241664786023e+01
3.715508800588286675e+01
1.197862056606215901e+02
1.683497107260605219e+02
-1.522676811072876113e+01
-8.798925738142034447e+01
-4.219725528936027104e+01
1.174833703971133758e+02
1.327719273673304379e+01
-1.118707558646251385e+02
-4.948870886166419325e+01
3.064338561822717821e+01
8.094163042752535375e+01
-1.565589873592489027e+02
5.017186612222933917e+01
8.743579917355219777e+01
-1.219007618537358724e+02
-1.215287627213350419e+02
1.349338642009688094e+01
-5.780133911354428022e+01
1.471682107652777631e+02
9.532617891893653450e+01
-7.398427021148609128e+01
-4.424939179706900205e+01
4.831936022115198881e+01
-1.407264007342434979e+02
-2.347864286604118789e+01
-7.571036573957157145e+01
3.234417002789614060e+01
2.967478440343742196e+00
-2.901071700717981727e+01
-5.273652365826332300e+01
3.644899941477550698e+01
9.551504814332608362e+01
2.655816846836585654e+01
2.942885301642996332e+00
-3.676433848988341424e+01
2.358817167197951790e+02
3.496034918880484810e+01
4.627816490932065108e+01
-9.196021724365094485e+01
5.369592387992793903e+01
1.205422613128018483e+01
3.696123166463095799e+01
1.064802369320210573e+01
4.608056447945198641e+01
1.640789625140226633e+02
-7.153663297368200347e+01
3.082484213663757799e+01
-1.942135505290130126e+01
8.529063006283509196e+01
1.856977460009794925e+02
2.027147694804665434e+02
8.729856825436005607e+00
2.358503616392995283e+01
8.792912029781145122e+01
-1.213218166013804904e+02
9.024939385367510170e+01
-6.988478497939399858e+01
-5.944757274927319912e+01
-1.125779682366043772e+02
1.167018390815525777e+02
5.775727333025416499e+01
7.041416790695794248e+01
5.924810430068092870e+01
3.577204128526236815e+01
4.213387037812183422e+01
1.368344808713366092e+02
-8.909363564113098732e+01
8.395559539222510637e+01
-1.326510448548915555e+01
-2.893571549808642374e+01
-4.772449629446586528e+01
-8.061569127844212801e+01
-1.100125383572175508e+01
7.803288996298024927e+01
1.207823952474600731e+02
-8.782883228316750035e+01
-1.332299742133901077e+02
2.042569351757962437e+01
-9.506948189236000246e+01
2.433684143764930852e+01
-1.399380966858255704e+02
-2.804620311464265470e+01
1.661443632194828695e+02
1.458389401836726229e+01
-1.641583151411580488e+01
-1.581308185781525921e+01
-1.436469034934440288e+02
-7.093879274485995268e+01
1.381214497782850970e+02
8.824185476420873897e+01
7.298856716364566921e+01
-1.569865865535513763e+02
1.025300969829398241e+02
8.561565188018177253e+01
6.077886955715236894e+01
4.550115803751852894e+01
-7.113690660930768672e+01
1.310423419332758215e+02
-2.049870418521187787e+02
1.160900086447019532e+02
-1.154032426724490712e+01
-9.743311069995845841e+00
2.508302092293961607e+02
1.615201571216495680e+01
-2.832722007858918545e+01
-3.309737457127039306e+01
1.879966216310567688e+02
-1.594240361344117751e+01
-7.043449729810754434e+01
-4.737258261455516362e+01
-7.856984246009062645e+01
-5.229117879075305808e+01
3.596873143629646385e+00
3.555504289859548805e+01
2.340294750691240466e+01
2.268781701612479651e+01
4.849950884857366162e+01
-8.802119641159846708e+01
4.261934346567049658e+01
1.063604757904455909e+02
9.515873684169359592e+01
-1.054831084314001686e+02
-4.827681996284028543e+01
6.943204633185195007e+01
1.543337286803989343e+02
-6.134220043000164679e+01
-5.981820903253705524e+01
1.816530834591726418e+01
3.880494970916191022e+01
-7.362090102582848772e+01
-9.014967380656520390e+01
-2.984827984923264808e+02
2.325221273293946638e+02
1.927155990277197617e+01
4.668018352302725305e+01
1.031242366870666132e+02
-1.197002321756497309e+02
-7.478081537547352831e+00
-7.414887569054411642e+01
4.100415759075901434e+01
-1.958950347273626846e+01
-6.669649984170891344e+01
1.481924890298305684e+02
1.084324277847648403e+02
-3.045067007982768814e+01
-1.250015456487543872e+02
9.209760806849989478e+01
2.024876275926532401e+02
1.193963327191033983e+02
1.646350431253382283e+02
-3.519699962978289420e+01
1.068481625200919325e+02
1.483501834012004394e+02
4.051714460930868711e+01
-1.275351302688061672e+01
1.180785681530346665e+02
6.452672246190643079e+01
2.697780798923519541e+01
1.110070939689220779e+02
1.706829482872340975e+02
7.828609881315126984e+01
2.770546844591724955e+00
9.016637418055896092e+01
1.487886555217716875e+02
-2.132308640913672662e+02
2.056630297368738169e+01
-1.367774107711764771e+02
-5.731492158660437752e+01
1.835685929103244121e+02
-1.006782981654394007e+02
1.104905831820672404e+02
1.410947647005197609e+02
3.177227484603859153e+01
1.793592749064207936e+01
4.596763579671845434e+01
-1.485805311562785676e+02
-1.826735479846502415e+02
-2.617382891296472280e+01
1.210972588177478713e+02
-3.268315845990606050e+01
6.177005798885251409e+01
-1.065858855810784149e+02
8.310480876592123423e+00
1.385914540042222320e+01
2.143127623835722062e+01
-3.346877669339795247e+00
-5.321001130033153714e+01
-5.648046402340565919e+01
-2.945832904454398715e+01
3.584990695878088474e+01
-8.370375736094183594e+01
-1.130171868305305196e+02
5.534134185038035980e+01
1.265360105297036597e+02
1.755151920659830864e+02
1.398992144162864122e+02
6.459839586298723191e+01
-1.349837654566434821e+02
-1.106083974517505375e+01
-1.514286495237793702e+02
-7.266531941304660336e+01
4.441157475227106488e+01
-4.711993578202625343e+01
-1.072828235395287919e+02
1.562983372438431218e+01
-4.744178043715024273e+00
-5.470973968631523832e+01
-4.112612847393359772e+01
-4.313490034430106590e+01
-7.714624973526663609e+01
4.743080956889315303e+01
8.130991590334589603e+01
-8.492592351062494771e+00
8.883282311010144383e+01
4.276399632202953427e+01
-7.870884551907867888e+01
1.546671750325471919e+02
-7.746334986930862954e+01
-1.859478080651885818e+02
1.104534183747652349e+02
4.043852963599402983e+01
6.217627053367117895e+01
-1.132761382514604342e+00
-6.903993727807186076e+01
-7.851986470492801118e+01
-1.075358660001315343e+02
3.168888389154546914e+01
1.093518859297078478e+02
1.131857620081181892e+02
-1.562911876673478417e+01
-7.210315441048628315e+01
-1.128760452366357754e+02
3.958444841132014780e+00
-3.391129324308983684e+01
-1.572737631159903060e+02
-1.342066079741538545e+02
-3.324190250986311668e+01
1.612599020399697167e+02
1.124985231194072384e+02
4.229739223890101130e+01
-5.829338931673880353e+01
-7.166363070875631536e+01
-1.517971130602024630e+02
9.408900116323752627e+01
7.554262347860548843e+00
6.183662774772746218e+01
4.406658116752874577e+01
-5.313810712225902222e+01
2.641944195629848835e+01
-6.433651204718637473e+01
-3.865303245064195181e+01
-2.802348889843654689e+01
1.571918926261367915e+02
8.247174262292209335e+01
1.772699037123553580e+02
-1.963566204460666142e+01
-1.132903914932397953e+02
7.257294132153947430e+01
2.335836590617051556e+01
-7.136967562256739939e+01
-2.918714482707229863e+01
4.551850685880508962e+01
-1.483519854232351953e+01
4.590579021247750546e+01
2.684613589929455202e+01
-1.356068351438155162e+02
2.047839525942337957e+01
1.761903101689264872e+01
-5.070849189774169474e+01
-4.891726487244434196e+01
2.448718840575172635e+02
3.727525856428349016e+01
-1.787428965636511293e+02
-6.323291759231938158e+01
-7.433691515928852311e+01
-1.689933749823766362e+01
1.257658727403612176e+01
-5.366386438764104128e+01
4.865681269206600490e+01
4.837207539137212464e+00
1.538824865279327696e+02
-8.388335632363109085e+01
-3.364761874153218457e+01
9.408550854850007283e+01
-2.352213629932017511e+02
-3.843540456040443587e+01
3.023516236355880338e+01
-2.839275071494980196e+01
-5.445769876833256085e+00
2.948470528925296819e+01
4.829656480150508635e+00
7.166242270444567453e+01
1.100863399252607522e+01
-7.711319862696674932e+01
-5.675511766665110258e+01
-8.632522684049840223e+01
3.322931849653328840e+01
-4.441112005506460747e+01
-2.329368399578396875e+01
4.273843797550716062e+01
5.822899936157703848e+01
7.442844172411359693e+01
-4.008197132750122904e+00
1.178770295237062555e+02
8.064959844083915641e+01
-1.687140980714231944e+02
-6.652172349609517710e+01
-1.710328887991374245e+02
7.958306143016405265e+00
-8.466408988147581738e+01
2.660116375185899784e+01
7.869217441880711306e+01
5.342024357744737273e+01
-1.960769845857846860e+01
-1.646210955341432509e+02
-2.287680082214561992e+02
-1.011785994094235086e+01
1.115274683437885415e+02
6.203984978563429564e+00
-1.120541279146331881e+01
2.403819873173908661e+01
8.954427804234920529e+01
5.235779367587046806e+01
-2.272766024174448773e+01
-7.077858886490371315e-01
-4.217471678487327580e+01
9.283326165293732402e+01
1.521673343910262020e+02
-9.492067778111722420e-01
1.519247846091922725e+02
-4.695727107036031356e+01
-3.043574807797117998e+01
4.834217211722624086e+01
8.888440284562150850e+01
-4.103828041678400496e+01
3.713764065321232977e+01
6.728698854032579391e+01
1.128145199422888156e+00
3.140539157336127829e+01
1.426181124101844659e+02
1.665897455263806251e+02
-1.635360571147844269e+02
2.071861807886342177e+01
3.455810634440207707e+01
1.539602525779189364e+02
-3.416715416213165213e+01
2.073272155330760427e+02
1.791087938097992094e+02
1.674819298863994845e+02
-1.501425461022898560e+02
5.615071725165380201e+01
1.300892079531047614e+02
7.834785686658757697e+01
2.369415422334539016e+02
1.170345091884083075e+02
-7.006404228295893155e+00
-1.172125167516619797e+02
1.215593226545691863e+02
4.575269707113793771e+01
4.615755414625066066e+01
1.521267459948357725e+02
-2.315919806384713198e+01
-1.343270071762228390e+01
6.147614296375471810e+01
-7.249344975286801684e+01
-8.739886863233907377e+01
2.693899268883782838e+01
-1.643543919965132147e+02
-2.533428405199829925e+01
-6.546677971412087516e+01
-3.792793704548920886e+01
-4.398203024095540314e+01
-3.120541836133416069e+01
-1.381966295576292225e+02
3.921159305509880966e+01
1.335507174572872486e+02
8.887222713870163204e+01
9.344273640612766485e+01
1.385888979738933457e+01
-1.362395953118869159e+02
-1.146700532964778034e+02
7.011029060786047751e+01
2.486864994758795433e+02
-1.853566161777801824e+02
5.396049772285500978e+01
2.165238560753520147e+01
1.547772530043172878e+02
-1.242534232213501326e+02
6.641476123259226938e+01
1.490781168774497587e+02
2.106198366589814341e+01
-5.200219485145760245e+01
1.183244268223080553e+02
-5.434348283776007804e+01
2.839753537458141075e+00
3.205791454992626655e+01
-9.078690077240625556e+01
1.252576733759739938e+02
-4.415420516613738044e+01
-4.179235711224482941e+01
1.095536558061660060e+02
6.773024499426627187e+01
7.514240661753454731e+01
-1.602256829726320575e+02
-2.531655928016771639e+01
-1.031032014250529727e+02
3.610110971754877607e+00
1.106262396432131254e+02
2.487928867288601609e+01
6.671908504113051208e+01
5.643691007438445695e+01
2.398030557949309127e+01
-8.165828740232626615e+01
-6.987746838824187989e+01
8.330234046243706558e+00
9.226583535239876710e+01
-3.942555390999253007e+01
1.277352220808940615e+02
3.960056180561875294e+01
7.477175235057923430e+01
-2.964377117009477658e+01
1.474974124487667382e+02
6.862049625732660729e+01
-1.932261998826065152e+01
-1.933855870052360046e+02
-2.828765771458055411e+01
1.607714170695938805e+01
8.493069803238167026e+01
4.706781401659505804e+01
-6.238525483356730739e+00
6.231562890446584291e+00
-7.265599127563619675e+01
6.410677999034203367e+01
3.768637044492828991e+00
-1.640931474400086074e+02
-1.268813287991799399e+02
-5.578362997150644986e+01
-7.269576795472038100e+01
1.806260109174326658e+02
2.273534658353632665e+01
-9.377213889506206712e+00
3.306277956528401774e+01
-1.185883474586981805e+02
4.206493098968685018e+01
-3.525663296764759735e+01
-4.491704242520461321e+01
5.483206847364685643e+01
6.047289613260982577e+01
-4.229819314037800382e+01
-1.635695099882923387e+01
5.353920443501629478e+01
-3.313725961763793038e+01
2.228868226173899103e+01
1.042640725918906419e+01
1.347739227068434218e+02
-1.074170774071862979e+02
1.657094508197626581e+01
2.777552421951389405e+01
-1.659080134633835968e+01
-9.379264632897732668e+01
2.890245865120064295e+01
1.463450383666705790e+01
2.236995768586474043e+01
1.335411158278739308e+01
1.324307307120875237e+02
-1.865645338725722979e+01
2.375621238474963945e+02
2.932916116234486026e+01
-8.572324418071467278e+01
7.746891864929676785e+01
1.063596539104095626e+02
1.269650114683542199e+02
-6.228634350040108458e+00
-6.034704897927529288e+01
-7.011520351733813072e+01
1.823039786345201492e+02
-4.866417035005415670e+01
-7.298624894087464554e+01
1.639474447654556855e+01
5.597238008918299812e+01
1.352805739042448749e+02
-1.197356863275984722e+02
-5.035870746489996463e+01
-8.887804700133749236e+00
3.963546887246621964e+01
5.130910807484739422e+01
-1.328519007967174126e+01
-4.037760465724059600e+01
1.889750777632492529e+01
1.288966294066320017e+02
7.690901357837114460e+01
-6.875828006671086712e+01
-3.874742165855932541e+01
1.170459899380080060e+02
-3.977537405946463167e+01
3.766112293759375262e+01
9.280945925419652909e+00
-4.396483210918847639e+00
-4.400775975002765250e+01
-6.426731161520704916e+01
1.229155434624573360e+02
-3.069080407431871436e+02
-9.538069835016349884e+01
-3.559553836420631967e+01
-1.370967663979738234e+02
2.053897415079534028e+02
2.724200624662556436e+01
6.624822571511049318e+01
7.437010573054773488e+01
1.341560579083066784e+02
-3.041350027020603086e+00
2.776578727509322420e+01
-1.239360849242376617e+02
2.509791125788696320e+02
2.069248004472485150e+02
-5.133276816123266251e+00
-7.146366746540276438e+01
-3.406531776976544990e+01
-1.108328001126202906e+02
1.022860238171078429e+01
-5.422744723878025042e+01
-2.040832130091866503e+01
3.393703276399540414e+01
-4.106277874278694640e+01
-6.068248712380695764e+01
1.172581558286596106e+02
-4.061594106364913159e+01
-3.799690468472082472e+01
-1.393063403947424206e+01
1.235203815289152942e+02
1.605786389198402109e+00
2.354801087218710265e+01
-1.896430917752615528e+02
-1.023642041248337762e+02
-1.456434140997391751e+02
-6.029626808985472053e+01
-3.922765049938725213e+01
4.279806294268233557e+01
-4.479601387103996046e+01
1.262771578710953122e+02
8.728329353384005174e+01
8.880779871287963090e+01
-2.397061115209536908e+01
8.133799410848684630e+00
-6.684024166020668645e+01
4.286341456227727065e+01
-9.592450535841533110e+01
-2.033323765878193967e+02
-7.062666819218335945e+01
3.007629506237475159e+00
2.344903722376353628e+01
-4.500683205243731777e+01
-5.407704361223667178e+01
6.112459483992784470e+01
-2.491090953342514780e+01
-7.645657868315197447e+01
-1.542434371769374479e+01
-8.531465354778073884e-01
-2.667356583590202490e+01
7.008082994425197398e+01
-3.854150969842014263e+01
8.750749712206927100e+00
9.665978814052252233e+01
9.542032578922358255e+01
-4.948278336009434497e+01
2.547582883006684185e+01
-8.732708843799230181e+01
-2.239837266402601301e+02
-5.859552395940054481e+01
-8.374555403042820956e+01
1.964091442594773866e+02
-4.423715969129546721e+01
-9.398063518633246360e+01
-9.176601486537077790e+01
-1.996343079559467881e+01
9.105439637047516044e+01
1.401328610232690437e+02
-4.169229434462158679e+01
-3.135889754317388523e+01
5.515147358331598326e+01
-6.910250636579857542e+01
2.427426315241425812e+02
1.387608412913953373e+02
7.012653521342171814e+01
-5.801769752520785639e-02
-1.613074754223735567e+02
-1.309222589861454082e+02
-8.018124369103688309e+00
6.426380714013107820e+01
1.403990186094391390e+02
-5.736988580807858007e+00
7.993625536211335536e+00
1.046831035503632137e+02
-1.553418508212131499e+01
9.693831180806489556e+01
8.756629789932857477e+01
1.075095874670354732e+02
-9.473132750044577222e+01
-7.919678884124095930e+01
-6.258261087883320783e+01
1.322207210339267078e+02
2.631820536458773176e+02
-1.435231650596811903e+02
7.896403202482856898e+01
-3.086271848617363478e-01
-2.858537802401217931e+01
-4.422405260096569179e+01
-1.141857276670187460e+01
4.854949503738748007e+01
-6.900899180580255532e-01
8.326307833250645274e+01
-6.422762713484378594e+01
4.161720570175951650e+01
3.375891247493685654e+01
-3.416031630660572915e+01
7.751199110881427146e+01
3.082402117381875328e+01
4.397013859803306701e+01
4.348898266690353864e+01
1.061576526180735982e+02
5.403675122084337801e+01
-1.211192018482981858e+01
1.930910799151574819e+00
-1.120529135762016892e+02
9.439754470003251186e+01
4.193157567698278854e+01
1.478244613975851074e+01
-5.036340678647533764e+00
-1.381998177378505090e+02
-1.109877700684000779e+01
7.257811403007343642e+01
1.574851948085936613e+02
5.975117601985630245e+01
1.054063967932181640e+02
5.620153520486184107e+01
-1.722810792256306911e+02
-1.471649492684058025e+01
-9.742051113928791040e+01
-2.013885041560617140e+02
1.090912457642722444e+02
9.696701692470561795e+00
1.582656077955901708e+01
-9.358618471939635697e+01
-3.357043296338728311e+01
-4.207618196015811662e+01
2.766643906691394861e+01
-2.683022517877843782e+01
-1.240208451650656230e+02
3.514511957401632714e+01
1.077692596670226521e+02
9.452392597114472039e+01
-6.335037748529616408e+01
-7.257715014052855906e+01
-1.959944768396874792e+01
-3.294184417897899664e+01
-9.456622592050672793e+00
6.434246603228241668e+01
-1.573041720208132332e+01
-3.190858760476170630e+01
-7.019098949040115087e+01
2.250772210594483909e+02
-2.453546584794344554e+01
-1.781231539408118181e+01
1.543309052830872758e+02
-2.715198046185361491e+01
-5.391400729727427432e+01
-6.911837790449573049e+01
-1.824953290003096242e+02
1.580877997100592403e+01
1.184663907969730623e+01
-7.303672377073547750e+01
8.343635803834629883e+01
3.843774949897674986e+01
-5.789352896621113587e+01
3.811000352946831526e+01
1.601417925112097009e+02
