-1.755666014521890261e+01
-6.987663062754772625e+01
-6.583591906153829143e+01
-2.382647656089139332e+02
1.756375979699545198e+01
3.557574264542043352e+01
1.725790667997323737e+02
1.040709397094801858e+02
-3.225259547685030981e+01
3.183699163508404695e+01
2.407909483991745603e+01
-2.679879216961399635e+01
3.667354902749904255e+01
1.249301559560127117e+02
1.376992495272437544e+01
4.674769964709345516e+01
-9.016415487518185046e+01
-6.955655451059534755e+01
-1.895967846305075000e+02
7.168833182315296426e+01
4.155879517317181637e+00
-1.817724622843364912e+01
-3.214440456764633325e+01
-1.382717833107182592e+01
1.148764751273570965e+02
4.574015346959951955e+01
5.807477596968335831e+01
-2.029710058323219002e+01
-1.028893200089375455e+02
4.603423939383523589e+01
1.371235596780575747e+02
5.786360258333466078e+01
2.869191685275784920e+01
-1.260678644129948651e+02
-9.370313642870615922e+01
-2.919303385333230239e+01
5.898967113785615624e+01
-6.523102756193489427e+01
-1.643549880060103305e+02
5.068573524143472397e+00
-9.884239790252691193e+01
3.166458495440314991e+01
-3.033240226847001608e+01
1.962749078569186878e+01
7.686773976629268645e+01
2.774820501143807627e-01
9.119951627065137956e+00
2.750095594678170841e+01
1.345643378141204161e-01
3.656372186544136582e+01
5.814249917443283522e+01
-4.790936499258462788e+01
-3.654340629873769331e+01
9.959190529673614378e+01
1.057299362452987879e+02
-4.826382801720606608e+01
-2.976207069300198427e+01
-1.791125900003768479e+01
6.337000258978189748e+00
-1.553046825538999975e+01
-4.711451199673556545e+01
-1.085324426849887089e+02
2.839349413470515771e+01
7.591875245095613423e+01
8.287672671234142285e+01
-6.981053824852077483e+00
1.690524403382939624e+02
3.162220842102489726e+01
7.192712947122647904e+01
-1.695763115211927996e+01
-3.119913964034171272e+01
-1.752124900414971762e+02
3.248594837679760161e+01
-2.206704746508157200e+01
3.619629969551986903e+01
3.105352943684054878e+01
4.185857731672698634e+01
-8.874754208069181516e+01
1.474858739197796069e+02
-1.301027242193153199e+02
-6.777545286769883148e+01
-1.799851655123379146e+02
8.580615870655945443e-01
-3.898486794538483480e+01
2.837203883119979864e+01
-1.068860362206907695e+02
-5.354707371515600300e+01
-9.844069066788516409e+01
-2.353320597112466661e+00
-1.349714103069820226e+02
6.661710295407473836e+00
-1.996095392431494986e+01
-5.164086939035081514e+01
-2.533747061945089740e+02
1.511147352172102671e+02
-2.178658350381676030e+02
3.096948571264745098e+01
1.389526892185912743e+02
-1.290350642240545369e+02
-2.407975543022742784e+02
8.910605200105801771e+01
9.731247442397508962e+01
-1.686974536346673688e+02
-5.070899681260782721e+00
6.974745850198466712e+01
6.373576255128265444e+01
4.664126343776482031e+01
-4.278829974489157451e+01
2.182704750046614208e+02
-1.106087376352050740e+02
-4.180466900310218392e+01
1.693783297747669678e+02
3.398157446284159988e+01
1.045050735602499685e+02
-2.147921712016490119e+02
-1.321465216743088149e+02
-4.532059356296237951e+01
4.184472878525633632e+01
-1.426309371116641689e+00
7.064676167870655377e+01
1.083180004205540214e+01
-1.528687019346432123e+02
7.592315571848288869e+01
-5.315314308176932911e+01
-4.515450945959040041e+01
-2.463283307031086622e+01
1.172582271943754506e+02
-4.202652068294626275e+01
-1.226564633367431725e+02
6.601807964517082894e+01
9.848453719408837514e+00
-9.408288763854075398e+01
-9.087260627162977755e+01
-1.237524667173498472e+01
-4.535756885758883072e+01
-5.726769399819193751e+01
8.523349687865274404e+01
7.152333686613501129e+01
-4.697587625148289447e+01
2.232658923403154745e+02
-3.589629085051778645e+01
-1.622364128284580715e+02
5.354133912398234685e+01
6.499143699489916060e+01
-1.792540525655406469e+01
-9.211286599423463883e+01
3.453573787281264629e+01
-5.366906156109490844e+00
-3.010107255584584607e+01
-3.095881167170409043e+01
-9.853514666780016285e+01
-1.139109124841465981e+00
-1.003007951080609956e+02
-1.108836493884768259e+02
8.129205442469262266e+01
1.293243820954440935e+02
-3.334056390950494375e+01
4.253996318683736888e+01
-3.546665710657673287e+01
7.684929344240529758e+00
6.611344259957036229e+01
1.374765645722289165e+01
-1.070793955808152162e+02
1.816308274621651435e+02
-1.698581985591262011e+01
-7.547435999623505154e+01
7.212729799940366604e+01
-8.360068626685072957e+01
1.043305260073470748e+02
5.916156035091236731e+01
1.330874447792612258e+01
1.113533074870742041e+02
-3.550523082061624791e+01
7.802966582946868357e+01
1.361052293058987743e+02
8.133881534122181733e+01
1.438671152757401046e+02
1.430800435558169283e+02
-2.595666973352945206e+02
-1.605701922833885362e+02
-1.258438256615633435e+02
-1.132764153819003639e+02
-1.246627562018798159e+02
-7.702170578421039693e+01
8.115779064269993626e+01
-1.498767656209231802e+01
-8.356189486302297098e+01
-3.947116511632140146e+01
-4.498000711665189755e+01
2.256225862151746639e+02
2.442518495781397547e+01
1.060374506787505311e+01
-2.206748956445279219e+01
-3.160935963199522547e+01
-1.342686270791980121e+02
6.560794491609923895e+00
-1.128671268986729004e+01
8.259930619473978552e+00
-7.562445721413801891e+01
-1.089658545634476461e+01
7.031265920304342387e+01
-4.067265414700183612e+01
-7.402587005952166521e+01
-1.855861842518131084e+02
6.846505552608877565e+01
4.140213726616243761e+00
6.564067608889445182e+01
8.617612897605215494e+01
1.115970897094799597e+02
2.326150100952852640e+01
-8.963084214017285944e+01
-3.278071891248824699e+01
1.428963191866890270e+02
-2.308898010884666618e+01
-1.822711517597032866e+02
-1.035973220794995058e+02
1.425752494119653306e+02
-2.963989795780605263e+01
4.241611745823685453e+01
5.628880889350231342e+01
1.011790427534202337e+02
4.195022794616979667e+01
6.870539952170777553e+01
-9.900650780519636385e+01
-5.605948236715023114e+01
-3.134080604002350157e+01
-7.418494064955848444e+01
-8.910664175744582849e+01
2.353809213462627170e+01
8.367633308300841577e+01
4.997367858852080502e+01
-1.108125466617540837e+02
1.084908017887431271e+02
2.514347643961858836e+01
-2.926717003009466467e+01
2.878615068841648750e+01
-1.317138668053341348e+02
2.548856016474026376e+01
-3.330161251623584917e+01
-4.972267926666428650e+01
4.302849101772600449e+01
-6.576890301600590760e+01
-9.533103214434436268e+01
-5.335488891239493547e+00
3.468205444885927591e+01
3.220876974383890001e+01
2.017623923122624419e+01
6.595643918707256148e+01
9.793648810604901200e+01
-6.653068298793209934e+00
-4.515492520180615799e+01
-2.355115230781402147e+01
1.711750748408753111e+02
2.346793398132828941e+02
5.900412792005573337e+00
8.286756075420031209e+01
-5.269566340449610209e+01
1.319658047616658436e+01
-1.234826140516340303e+02
-2.212663208036630635e+02
7.561132950520766371e+01
8.279860563044668709e+01
-3.396149289720489151e+01
3.958231737540749151e+01
1.082902922859650374e+02
5.660836185700006240e+01
8.323688824325270730e+01
-2.395440247917507648e+01
-3.562895917854745420e+01
5.083204738632218778e+01
-1.408879208771692326e+01
-2.756438853534512035e+01
2.509838293507436546e+01
-3.721275947188566136e+01
8.493523565054631774e+01
8.062601248312235214e+01
8.533604613489006852e+01
1.328445561509880974e+02
1.466397691940890695e+02
-1.355384161759497204e+02
5.472698484013510978e+01
6.456108130138302670e+01
-3.096709717865953237e+01
8.073184494239787057e+01
-4.087371976337974644e+01
3.624349957890743923e+01
-5.385824950236922604e+01
5.501513967665047034e+01
1.648364224322445182e+01
8.660891076113793474e+01
4.193587176427750052e+01
9.608517159662173412e+01
-3.127655975651498466e+01
-1.063636496699755725e+02
6.048679230231838488e+01
-2.521617270717989712e+01
5.923236608875056675e+01
-1.357364587497025639e+02
1.591615301049589881e+01
-6.981981058976532317e+00
1.839560375264867957e+02
-2.032536309931877128e+01
8.464703793594951264e+01
-5.491369197943702041e+00
-5.831387110039375443e+01
6.667763558575943250e+01
3.773685622643199622e+01
8.174658087292538955e-01
8.412750139463163634e+01
-8.961691270451842328e+00
-9.518508617892310397e+00
-2.863599854436600012e+01
-1.238886053338871420e+02
-9.283379505088065287e+01
3.637450771442841813e+01
8.433808320014765059e+01
-3.774004007935749172e+01
-1.147594903148173273e+02
-9.494374467831377729e+01
8.617050827581778094e+00
2.583959060328303181e+01
5.381705563599095399e+01
6.821005920278618362e+01
-3.412546930146810098e+01
3.690488482572753526e+01
-1.639626639285509668e+01
-8.686926507645952711e+01
-1.647224995168779174e+02
-1.724622097947212040e+01
-4.661309934795417576e+01
3.766092168180848798e+00
-4.240523189643307234e+01
-1.634752604775201235e+02
2.039574922651396705e+01
2.405078656805178525e+02
5.971149051793141638e+01
7.142700897432604279e+01
1.519207272555008181e+01
-5.046572254428670412e+00
4.715871038960756323e+01
-1.232279869770664931e+02
6.935766148944649956e+01
3.611596107610388628e+01
1.616402611260099889e+02
1.088521242458508169e+02
5.027577933962613344e+01
-9.433323519387411693e+01
-4.058564800420096930e+01
-1.089100648893037118e+02
-1.240021259449222129e+02
2.958696090700464865e+01
-3.929668951846749536e+01
-5.030913360666531275e+01
1.265383041273708216e+02
1.873220795137187977e+01
8.640726198196662722e+01
-6.315673537931838410e+01
-4.331835359196660562e+01
-1.308163029344387951e+02
1.258032578741104146e+02
-4.775309151611437097e-01
-6.745351556810855698e+01
-5.775559899716760981e+01
-2.891667988467421324e+01
-9.677337744434494482e+01
-3.287918700990328347e+01
6.750616401178244530e+01
7.808850682534068710e+01
-1.914968810069225924e+01
2.930103901954551304e+01
-1.374608093734337615e+02
-1.746739199396496076e+02
-6.073889384141725856e+01
3.954943576961144203e+01
-3.138775088190649143e+01
-1.921528913296743823e+01
7.874049530206879410e+01
4.829951507215864126e+01
-1.125363130472296120e+02
5.841630193355617173e+00
4.567139110548048819e+01
7.255209236235862136e+01
-1.282570940566996285e+02
4.232869621658659298e+01
7.702375012821990197e+01
1.773301582327519554e+02
-1.464806739674930043e+02
2.150366560189175935e+00
4.783846976866428946e+01
5.187947303610341976e+01
3.820965175395704705e+01
-9.147821984076817614e+01
2.160371318241033123e+01
-1.267064456405064874e+02
4.111244294182606041e+01
5.138423221647350658e+01
-1.494589725583400366e+02
-2.665237724413032083e+01
-2.178557489132837475e+02
3.431733886661802302e+01
4.319976140576029522e-01
5.011252545749157861e+01
2.243351759332756501e+02
1.241483323252124791e+02
2.815593735919126317e+01
-3.054952636388161125e+01
2.672706505747546757e+01
3.067925017227336326e+01
-6.644703544339240864e+01
-2.710556032037300866e+01
-2.972128833319444396e+01
-2.462142893021172085e+01
5.345967730506684035e+01
6.204246392282379219e+01
-8.182987464283870338e+01
1.183219249057915334e+02
8.028243838497184015e+01
-2.769846403152025971e+01
-5.071621912046015268e+01
5.296969943489832389e+01
1.805351069207278769e+01
-9.359263452890465373e+01
1.918930676390801580e+02
7.177539545262260390e+01
-1.356552321019573526e+02
1.064933852918140218e+02
2.313594619844482736e+02
5.021721546558512728e+01
-1.678974379464394246e+02
-3.772992298438647651e+01
-5.058513224670125652e+01
1.361595584769162670e+01
3.297883946176229841e+01
-2.319570077124017473e+02
-7.314669233532862336e+01
7.526399527941025269e+01
6.209041898816122540e+01
3.266800871363554393e+01
-1.970548836157455952e+01
4.104711954706292687e+01
1.302492581101787721e+02
-1.587925683568292534e+01
-5.466947335228771720e+01
2.281288761868294213e+00
-1.298977025972398565e+02
1.529293840990214015e+01
5.298898592770690641e+01
3.160571781834763883e+01
4.295484536093156436e+01
-1.376263754137637534e+02
3.545269659550348962e+01
-1.912151664849490285e+00
9.822523228382223692e+01
-1.042050970448485003e+02
-1.207003849137069125e+02
1.308700476708959570e+02
-1.031670238464679841e+02
-1.649978152278352184e+02
-1.753257502522900069e+01
1.747527902211366779e+01
-6.950575698062715357e-01
1.111278987234942548e+02
-1.758768987159841046e+01
-3.585525250095635386e+01
1.294312960532946555e+01
5.160138731588333627e+01
6.281733229987384703e+01
-9.121716346666310926e+01
-2.384239742110008820e+02
-1.427945531018031033e+02
-2.222720063476727148e+02
2.184958246877612353e+01
8.303716202929778945e+01
-9.287202508902402087e+01
6.692179501919049756e+01
1.997804025335869653e+02
1.338097742799133414e+02
-1.705517448095322095e+02
-6.878994991812884052e+01
4.165197662601335793e+01
-4.194803382557750382e+01
1.202393349192164465e+02
1.110264700790816619e+02
1.575362564683875348e+02
-5.734653277654917503e+01
-1.247652888299207490e+02
2.036377056023353393e+00
2.021534166138559030e+01
-3.345957465934392161e+01
5.776002966041075837e+01
-2.993141166845981260e+01
8.783287617439050621e+01
-5.466926167674015602e+01
4.882395847644342268e+01
6.241440875663162302e+00
-1.857459609555699274e+02
8.412577694377109339e+00
1.324603673447972199e+02
-1.573406231988471404e+02
7.476276853664444388e+01
-1.314022503703626512e+02
6.585343799280929034e+01
2.502230421430809315e+01
1.135666013387889279e+02
-9.492672554297297838e-01
-2.300150498440385860e+01
5.831939317543972123e+01
-5.384958776053302643e+01
1.914610133504795897e+02
8.475027882883342301e+00
5.139281467145332982e+01
-1.059206560963153265e+02
-3.056551113656010443e+01
-3.345534041052999896e+01
1.134627945850562583e+02
-3.633257571993928536e+01
4.782786772181417234e+01
2.461135241986806221e+01
4.508028748004620212e+01
5.294485074218386700e+01
-9.393272105518856563e+01
-7.592522744111145983e+01
8.100098293749172740e+01
-8.151197800767636181e+01
1.252331592189358300e+00
1.229342992542565938e+01
1.771239907360989818e+01
2.853709663337905322e+00
-1.037773621167670335e+01
4.044292415045385525e+01
4.442607869992616543e+01
5.633424952129112029e+01
1.626348607135931559e+02
-1.634229852590533199e+02
1.315747990498037439e+02
1.250641599385748179e+02
4.995503262686174395e+01
-2.758234699202490603e+01
-8.430433422743682570e+01
9.682319000354971195e+01
-2.221072576047765068e+01
2.027534296286551907e+01
6.533510437870695853e+01
-1.010773662366653269e+02
-5.304652913907088418e+01
-3.478214324797804125e+01
-1.052919237538845323e+02
3.624379965534041048e+01
1.160315890248959789e+02
-5.675605268187936048e+01
8.599305431090525076e+01
-6.316600446853455253e+01
9.347544686826147142e+01
-7.340491119109930196e+01
7.955473979427424069e+01
7.877691122896737852e+01
1.400006045058100312e+02
-1.833448952317011447e+02
5.882523544257347581e+00
-1.216477343449329709e+02
8.098312635269874704e+01
1.648386908854016397e+00
-1.504380641046840310e+02
1.093133830509018338e+02
-4.260642899335265099e+01
-2.961705170504517071e+01
8.896423389490057332e+01
-9.979597826119680803e+01
2.500084854522305378e+01
1.458185164278516766e+02
-5.723430092743208064e+01
1.782560463963868358e+01
4.976234768908231842e+01
6.348379748434602021e+01
-2.725779176810414928e+00
1.556120921542309361e+02
2.028120136183946158e+02
2.191919796290205511e+02
-2.080355485615903532e+01
1.300689748784157871e+02
1.293459522773355985e+01
-1.384470420122418091e+02
-6.339497221237641611e+01
6.231084517717345506e+01
-1.473846345442662766e+02
2.376240734997887785e+02
4.484595156603477051e+01
-1.360028215684398667e+01
2.116718118646608104e+01
2.382274617224265256e+00
7.951017366894579652e+01
-2.834772281872641742e+01
1.774465279878126296e+02
-6.390950534111873083e+01
-8.135083107392441093e+01
8.515839222991574786e+01
6.538251575273442029e+01
2.623979558255891220e+01
-6.046464984151393907e+01
-4.473737801307484574e+01
-5.761730261364383487e+00
1.025403556582768232e+02
5.067287232933524166e+01
-1.171887875126916327e+02
1.904616803961521665e+00
6.748479687165543339e+01
3.866730034607667221e+01
-3.269636800817526989e+01
-4.601865005532460629e+01
4.334484296722996532e+01
-8.775676684303063269e+01
-1.054262319893821029e+02
1.755429324582368977e+01
-1.385831641254233944e+02
-1.302447604231024911e+02
-8.246349537306889488e+01
-9.624079413835806918e+01
-1.117665436006512891e+02
-3.022543419690996203e+01
8.255612149930334454e+01
-7.649177564632852011e+01
-2.297744798072891470e+01
-1.288042434303941661e+02
-3.636972556652944633e+01
2.000500029824409296e+02
6.134912896709889196e+01
-6.613930866211733317e+00
-9.472182619178938978e+01
-4.458341856927278712e+01
-2.029567024974417961e+02
1.070041533917876677e+02
6.759822444335294733e+01
1.924031360493374754e+00
1.235512173342357656e+01
-1.569619448457876274e+02
-4.926797693698904368e+01
-2.336761172889981424e+02
9.600663045993096034e+01
2.632213704816336630e+01
1.179569809060327685e+02
-1.296862289058391582e+02
6.993529872169688133e+01
-5.054668280894959054e+01
-2.135317241922215104e+01
-1.586115335496386933e+02
-4.173225946610208581e+01
3.056733408973802568e+01
-1.803505292759967631e+02
-6.450267800716950717e+01
-9.226187610125811034e+01
2.461329058773522505e+01
2.676059075637649443e+01
3.447040993944411014e+01
-1.235399747019459937e+02
-9.600097027617931644e+01
1.995057150079058417e+01
2.708957694668549721e+01
2.871570296368700070e+01
-1.580053406635690862e+02
1.474948304701202346e+02
-1.662108552543710616e+01
-1.211377032552018385e+01
-1.583885682851168326e+02
1.163576330179737397e+02
-1.236707792202823981e+02
-1.418700984682215278e+02
-6.439669005886452169e+01
9.926167537014935149e+00
-2.848773290063741470e+01
8.792556361424117028e+01
-3.953445047037775595e+01
1.456504157153502490e+02
-1.797651561041869428e+01
-1.601812045301865908e+02
1.671133243769516774e+00
1.562312265161004348e+02
-2.044187299037314176e+01
1.505096048714867152e+02
-5.628841140384010089e+01
-8.470291115478602251e+01
1.264676648397898440e+01
5.723836178327152879e+01
1.362124552153792401e+01
1.098846343916483903e+01
-8.415981079356190264e+01
-2.880652268850278475e+01
1.622303496408192558e+01
5.142959522182000853e+01
-5.023683772208980969e+01
-1.246889771766582555e+01
-2.145407024734956565e+02
1.336382727879868924e+02
3.593084083968643938e+01
-1.519689532617498173e+02
-4.345111643459613759e+00
-1.711587387844389951e+01
-9.677005655159598518e+01
-1.727348483030243642e+01
-7.087504675851609193e+01
-8.209078770463018770e+01
-2.068641426870584965e+01
-1.126042897097999429e+00
1.094918455191841105e+02
-2.177710212737336448e+01
-3.671714860970863015e+01
1.805557102114733254e+02
-1.918509715926184640e+02
2.489312269101225894e+01
4.697495609987654319e+01
-8.788297503638658270e+01
-6.204500525426782787e+01
7.763856135443008455e+00
1.186727500767737808e+02
1.047966304387925476e+02
1.011794848835530836e+01
-1.931342359657400038e+02
1.219502079930092577e+02
-9.780463184683944178e+01
1.267904147714937864e+02
6.565391603068546544e+01
2.058841092496054515e+01
8.992696070214462623e+01
-1.280927063439960101e+01
1.119279086354345765e+02
2.026863811344769033e+02
-9.532430012297719202e+01
-1.142256947148977702e+02
-3.569269974770388387e+01
-2.091084838082480957e+01
7.085180817590914337e+00
-2.144041106280611473e+02
-9.401419072528139509e+01
-8.097767594023463289e+01
8.005602263695909926e+01
5.228458482128253593e+00
2.167898225414337787e+02
-2.181010517008462557e+01
1.438734234146954449e+01
1.742565957414435118e+01
4.087006123987535489e+01
1.331098792422660182e+01
-1.497519879921629524e+02
5.484822667873002189e+01
-8.479211623852208390e+01
-1.715037850943666697e+01
-2.726374295415391913e+01
-1.072349627835418318e+01
-1.500858318887963883e+01
3.082381511162242660e+01
-1.671444742694641832e+02
-9.876831057091480659e+01
-6.833590425521950351e+01
-5.990486681398364510e+01
-2.085112007632493558e+01
2.901633434420795155e+01
-1.238772026644204942e+02
-8.219861974790302384e+01
2.146427372040519188e+01
1.889172105794855838e+02
-1.629462367467373554e+02
4.562951065270307538e+01
-9.663650589198008456e-01
-9.663120268416476222e+01
-1.157790841930853247e+02
1.815022082667655638e+02
8.039957632677550237e+01
3.172767210220165524e+01
1.887649940040274998e+02
-7.271751244956060134e+01
-5.249963628579093466e+01
7.396724549087286960e+01
1.391450799792357174e+01
-5.634264396535439090e+01
4.302700464565129579e+01
-2.573272611713104752e+01
1.096357003778818751e+02
-6.104903160878446045e+01
-1.452771939240705379e+01
-1.309739806574562806e+02
2.927317790646800688e+01
5.165356216935727929e+01
1.531653579277700885e+02
4.280519770412855962e+01
1.231214477309270023e+02
1.812202120455914383e+02
-4.145830657921023743e+01
-2.682952108833458738e+01
4.969204339716347363e+01
7.479693988627521151e+01
-7.837668696002269542e+01
8.358700557116447882e+00
1.547367193890378871e+02
-7.821604929076615065e+01
1.726273792871878143e+01
1.160403125722365871e+02
-6.971557826119018841e+01
2.821323169128197250e+01
-3.973309562934417727e+01
-2.415885022456675912e+01
3.848192639157325345e+01
3.811798095598435054e+01
-6.761762686226808228e+01
1.162793866331502102e+02
-1.570455590262943417e+02
-8.304936121628935553e+01
-1.937843316408150329e+01
-6.052724294091078860e+01
-1.233785729871157315e+02
4.556302409019416899e+01
7.931837186656951033e+00
-1.067449314325499055e+00
9.133728436579721688e+01
4.457140499902438791e+01
-1.036895708711592334e+02
3.489821314136385411e+01
1.270179099399147731e+02
5.841987481316039776e+01
1.725830327062004983e+02
-1.181540637116729471e+02
8.973841242813287877e+00
4.034292451303052474e+01
2.598512897765268903e+01
-1.162217884740781813e+02
-8.881042550681225123e+01
8.776673127988880196e+01
3.860716776312006715e+01
1.209435347779481020e+02
-8.503392909992726345e+00
4.258218248118568283e+01
-1.364986221443825798e+02
5.487188416025465898e+01
1.010690615744128991e+02
7.821630277452611324e+01
-3.156726423195188502e+01
2.431336194869114919e+01
-8.002660269522433367e+00
-5.884199959429209770e+01
5.274595636629167927e+01
-4.603592673253120893e+01
7.901288887715879561e+00
7.812395096367539793e+01
9.610203868032658647e+01
-1.558199407563654688e+02
7.008932478977986591e+01
-3.518590575469370663e+01
8.364210977200221464e+01
1.217499278943861611e+02
2.664049146330667028e+01
-6.998436747516615242e+01
2.705966581462998022e+01
6.623279425678892274e+00
-2.911937649718739252e+01
9.073249913335833128e+01
-1.833737373346398059e+01
1.271263744124238855e+02
-4.561582623701863781e+01
6.376459393154809163e+01
1.402408492341954904e+01
-6.415443175251142804e+01
-2.723280003891412449e+01
2.785674560588571325e+01
1.049910582249349460e+02
-3.437575516646532492e+01
-6.406349135894153335e+01
6.338688774399199310e+00
-7.793871403601296777e+01
3.888225487374307221e+01
-1.653691978570646484e+02
-3.731150888494744322e+01
-4.350489164442525691e+01
1.176274973570587008e+02
1.836519710630506452e+01
1.638945160143817645e+02
-2.885945215776743566e+00
8.584932686295590543e+01
4.834854060683665011e+01
-9.394639110252911962e+01
-2.012154788949288431e+01
2.779470639434765289e+01
-2.712033687911044666e+01
4.157354190726891829e+00
1.858988647911097658e+01
-2.641175333969724548e+01
-5.415343578455947693e+01
-5.212793633628865564e+01
1.080194006278744467e+02
-5.456767829849580309e+00
-8.946332988543079523e+01
-5.731144614391571679e+01
9.376404253941362299e+01
8.603879743018309512e+01
-3.192080021780672894e+01
-3.154829882663200991e+01
-1.311601718673870920e+01
5.605807029469558245e+01
2.756701072182128698e+01
-7.826213970405345322e+01
3.300369235487991659e+01
1.638201175638835139e+02
1.695889781849968614e+01
-2.054807728913301617e+02
-8.506818391165450066e+01
-7.183995019784948965e+01
-1.039588775187802183e-01
1.707188683037183239e+02
1.007078881667683277e+02
-4.286220639914451169e+01
-8.888001614179562182e+01
5.122758334164778660e+00
-4.103468352163610611e+00
1.148849118931021138e+02
1.201635705304305191e+02
-1.187395079615996281e+02
-5.673021903293866686e+00
-1.040749363536483258e+02
-2.573361109005662328e+01
-4.351442949471923072e+01
1.983663149680085382e+02
1.086766649988578166e+02
1.042684217435178695e+01
7.413907993297408439e+01
-1.868689377955433599e+02
3.105039629706035953e+01
-1.275371932854556292e+02
3.769119100257298527e+01
-2.879482099557023389e+01
3.604359509138219675e+00
4.078944945635038266e+01
2.056808956718725767e+02
3.351377611246249444e+01
1.459561921325096705e+02
9.296876388464654895e+01
1.780039814177997641e+02
4.718906168259753287e+01
-2.226701290347179096e+01
-5.621673644972558748e+01
-8.795407822367883455e+01
-1.411110863374911162e+02
-2.117171141794753098e+01
-8.265487245574030339e+01
-2.827204632855329081e+01
1.197229594874822425e+02
-8.636607022165131298e+01
-4.617756099061284658e+01
2.500445821559757142e+00
-6.248002687570005520e+01
-6.322095831720000803e+01
-1.973787472386603383e+02
-1.876147300987164357e+01
-8.261153001885234914e+01
-6.925016693290105252e+01
-1.436745125704137749e+01
1.522227908080174927e+02
6.939051749336860553e+01
-3.037818361363454045e+01
-1.663484001187824788e+02
-3.234287433820176716e+01
1.318882166571223138e+02
-3.784447615357606054e+01
1.174495312440585906e+02
-8.012775538207979764e+01
8.082080570962172317e+01
1.364535859406280167e+02
1.130403627749089139e+02
1.011431082212431392e+02
-9.888495944288223649e-01
4.674989150898785795e+01
1.684785123492440562e+02
1.416630165111565987e+02
1.075085176387612194e+02
-5.749942411981914248e+00
-6.616854539422327264e+01
1.083187068273527132e+02
-2.685236145519666451e+01
-1.061057413375135461e+01
-9.394148560129546865e+01
-8.616293482713507501e+01
6.513325090910977622e+01
-2.107220325791009685e+01
1.988980461729441345e+02
-2.622006943324726436e+01
6.954058152912199375e+01
9.006203394706153631e+01
6.103952343029716587e+01
-7.453825754524646641e+01
-3.912617158941692708e+01
-4.143861617719680623e+01
-1.330683545914213255e+02
-8.501598928910767938e+01
-1.837567785547615529e+01
-3.205476235579144628e+00
-1.952234032505338917e+02
-5.615791041089875790e+01
-4.534640544837151310e+01
-2.250696946950223420e+01
-1.210808556676189340e+02
-1.026276797120912931e+02
-2.255214674008949416e+01
5.857121667973284218e+01
-1.320085585073239258e+02
