-5.361860039836332703e+01
-1.499682247360059648e+02
1.199283135788234915e+02
4.934198516715439098e+01
-2.053449185896662499e+01
-8.429383942973309729e+01
-3.576680458612730007e+01
-1.087197562455317126e+02
-4.960805685124081066e+01
3.187616376755034864e+01
1.108836104408704557e+02
1.029659829835140812e+02
-7.428521239348702920e+01
-9.723333309825751769e+01
-3.612812675140540364e+01
6.831156772384547082e+01
-2.432656050981683293e+01
-6.073709120745440515e+01
-1.693843655959603041e+02
-4.831913933599795996e+01
-8.029374416296444394e+01
-5.192719970667299378e+01
-4.343194780706224378e+01
-1.409780996693728241e+02
1.231577877924920585e+02
-8.029898108553472014e+01
-1.462305594020283905e+01
7.457310962037892921e+01
-1.384272593010162495e+02
3.796530711595441687e+01
-2.442249601975176887e+01
2.501788808778314603e+02
-1.501870426549977822e+02
-1.917239300763869778e+02
-2.100501173840700631e+01
-7.146029712774282672e+00
1.679398863986273227e+01
1.691021621884472950e+02
-2.644984352434421027e+01
1.573157929809691495e+02
4.439205393407141997e+01
2.370717452297002481e+01
-9.009867720501675592e+01
7.878459344423259836e+01
-5.297859099582643694e+01
-1.954180275748818119e+01
1.060734474082097876e+02
1.882485706606329501e+01
-1.213388621252259192e+01
1.867658857786899773e+01
3.082286203777857736e+01
-1.185018714631596168e+02
3.330690641311925759e+01
-2.392361813817872829e+01
-5.381754492070449913e+01
1.822978649519025396e+01
1.806708899954793424e+01
-1.447123822458979703e+02
2.405642366756201156e+01
2.460316173785261906e-01
1.072961446765597948e+01
2.903184307074289094e+01
1.933090130722200328e+01
3.570076126488100243e+00
8.677612738598188002e+01
6.420553418148035973e+01
1.204400257432388912e+02
5.660186787856318347e+00
6.658401726111777919e+01
-1.462459782010424476e+02
-3.272055654585796702e+01
-5.803015946486652155e+01
-3.093039796496747762e+00
-1.679955659858682893e+01
-1.865855620576030915e+01
7.553926969259384805e+01
-7.631046191562376180e+01
-1.899985496922875550e+00
1.279860642693292050e+02
-7.102306872954346773e+01
-1.327391543047781113e+02
1.030267311209850760e+02
9.704953477111294546e+01
4.371449791044514477e+00
-1.335024655930235937e+01
-1.533640614680068381e+02
-7.307874059422948676e+01
-1.095304096678989509e+02
2.949679385006845678e+01
-3.698749406497788073e+01
8.077801143662706806e+01
9.719514474940102389e+01
5.687213030721646589e+01
1.958726745950808663e+02
7.958660051565816218e+01
2.483453102916190591e+00
-1.387640260437817403e+02
-8.453250001230821908e+01
-5.548740567438972704e+01
-9.088459131065908991e+01
1.478237779013889508e+02
1.241270551901971828e+02
-2.902889433305016453e+01
-1.028614941084970091e+01
2.770995493497074946e+01
-9.005009432057617857e+01
3.853227472532839926e+01
1.508699889276166459e+02
2.469992472249860498e+02
-6.747628186262672045e+01
-1.037628864387017131e+02
-8.743485275926308020e+01
-1.277824825650454699e+02
-1.061791246089248943e+02
-5.773903061492170963e+01
-1.274204991055641187e+02
-1.057907868524746391e+02
-3.762883087925849424e+01
3.306788387344385427e+01
-2.376577347161753551e+01
6.319337965083688857e+01
-1.657653714445718052e+01
4.627167061445938856e+01
-1.504176619819372149e+02
4.972848908155341974e+01
1.241176527435230241e+02
-1.595793766266089264e+01
1.037523521699274056e+02
6.634974999081087788e+01
-1.200209824188047065e+02
1.123028761538774489e+02
-1.879142927753547383e+02
-4.707937909467155180e+01
6.031997525411094330e+01
-2.706164298654277545e+01
-1.837884139940578621e+02
-9.255944848748977449e+01
-8.727112180617760373e+01
4.052005493355665067e+01
-8.866357219432090631e+01
4.727234149092826243e+01
-4.629449534293659951e+01
1.144432204682182856e+02
-3.232505410512584376e+01
-2.577606322328977839e+01
3.596093598746355013e+01
4.904002529313224557e+01
3.059833922718598487e+01
-8.201128321440403113e+01
-1.217308259150865410e+02
1.410129551872016123e+02
4.761898871183124982e+01
1.616989048847754589e+02
-2.697142032881987816e+01
7.816598124218510080e-01
8.748383412707008233e+01
4.300839174561288303e+01
-1.244662142630307926e+02
7.274362044056493914e+01
-3.589312630327107456e+01
-1.959611219986264885e+01
4.318631620801323834e+01
1.271246435588242889e+02
1.293127824905918999e+02
-1.625133754115900331e+01
3.537289331756439026e+01
-4.395792981102887609e+01
-3.174312978044581968e+01
2.688565924788097306e+01
3.282771427378535556e+00
-7.329205452776322716e+01
-1.327022250384064428e+01
-9.328258044451062858e+01
-1.749062204541446022e+02
1.547321377293520754e+02
-1.122410216792572442e+02
2.545742503046537042e+00
-4.009341598418238561e+01
8.543674730876839263e+00
1.934785494276560103e+00
1.442795434986297209e+02
-2.046808522918330766e+02
1.217952534485804250e+02
5.872767560904134854e+01
2.453337312737755482e+01
1.216739404428828806e+02
-4.836743669157242920e+01
-7.459635112959914771e+00
-8.363738557272579044e+01
1.054492434368004581e+02
-4.144489977323538454e+01
-1.818708338254019736e+02
-7.156991400562051808e+01
-3.951332866799834420e+01
1.137946783857033068e+02
-6.175839442999387074e+01
-8.708893970382838745e+00
-2.279646088973395024e+01
9.243588347237550806e+01
6.653465627840168395e+01
7.924929693554499011e+01
1.402616423646790906e+02
8.807953888179234525e+01
-5.980364589198142511e+01
8.801258202875601455e+00
-1.990586826765346018e+02
-7.264791040661239485e+00
-1.378341913567804333e+01
1.389888393526262611e+01
-1.373883437367093485e+01
1.332847316028997682e+02
1.669686503836099973e+02
1.640916934747500591e+02
2.997790860384067813e+01
-3.340683351974840676e+00
-9.548880195027503248e+01
-8.025184740233676450e+00
-7.317201675171935449e+01
-7.621269973253315300e+01
-1.866977640430704923e+02
-1.430615373673060446e+02
-1.458725561880290513e+02
1.348041345166105032e+01
2.955043771270310771e+01
-8.471431791945035172e+01
-2.253429496156874023e+01
1.280455320755171122e+01
1.903963207004598601e+01
-1.472888642155829757e+02
1.091918333162357300e+02
-4.624811041444697679e+01
2.450170241138048652e+02
4.279071553869052735e+01
-1.131982183720266022e+02
-7.409089901993826288e+01
-3.103713769476788897e+01
2.328093938363481641e+01
5.509335738538997873e+01
7.376957120035174853e+01
-4.272817276389243091e+01
-1.853780087000758101e+02
-5.167441747855063028e+01
-2.913503803374245393e+01
-5.169032243515604819e+01
-1.251367316365746660e+02
-1.209390213222881272e+01
-4.804356645809201609e+01
3.382828257978336239e+01
-3.946052482754592194e+00
1.844345981126779748e+02
-1.122381757933127489e+02
-1.312192193195799632e+02
-5.152888561733455219e+01
-4.241593957058233144e+01
-1.748876961911955448e+02
5.479645310036283234e+01
9.716700080117261962e+01
1.253346156223951482e+02
5.433138439624930527e+01
-1.034784309879807154e+02
3.933102286432894168e+00
-1.636918044388671589e+01
-1.222923722431107620e+02
1.109136272892527302e+02
7.526962162040038606e+01
5.317671118936350183e+01
5.045131428874042712e+01
1.337789895133232960e+02
6.649739936523945971e+01
8.530088210147720673e+00
-1.339697226017618448e+02
8.188819714319032528e+01
1.913328864677238528e+02
-4.077021460449841328e+01
-8.282857266174158895e+01
-9.817310631361344520e+00
-2.255991813376323485e+00
-3.534834334415021573e+01
1.070992282871052055e+02
-8.572290006438741727e+01
3.646747445038644031e+01
-1.180795390351206748e+02
-9.194150466297273283e+01
-8.371510141277157402e+01
4.018101552177634517e+01
4.926011154566259620e+01
3.436750468080277443e+01
-1.319296376660944929e+02
1.873506551776347706e+01
4.445718489504476345e+00
1.023698213088716358e+02
-1.714065606149160104e+01
-2.828685303187171485e+01
-1.019381608108399035e+02
-7.765157615335182584e+01
2.421082250368067434e+01
9.607960134433808719e+01
-9.750280603643788879e+01
-1.130136059763164837e+02
-5.273428329701543049e+01
-3.706641898195645979e+01
-7.400132145859868160e+01
-2.635819479185039427e+01
-3.128960628177425107e+01
-2.400191953594326932e+01
-1.105596490131498939e+02
-7.905263476544544865e+00
1.322269081348833026e+02
-2.504497199465800072e+00
4.286301493522019967e+01
1.804866589621640003e+02
9.264119037953966540e+01
3.043841662147408300e+01
-2.044582565860661560e+01
-4.563303615270457669e+01
-1.874229852966309906e+01
-3.957991546288686635e+01
-2.097889700613373876e+01
2.794957714698304230e+01
8.282991079887528940e+01
1.586830811628176718e+02
7.926516662449782302e+01
3.635757499240778401e+01
-3.830853781404936598e+01
-1.973862253554615620e+01
6.780125147752143278e+01
-7.646826446524399046e+01
-6.552943568202363167e+01
1.868781304529980503e+01
3.743487632263795462e+01
-9.481708553317427857e+01
-3.373924013448874604e+01
1.490703191840410398e+02
5.530745196087161730e+01
9.886876396497332564e+01
-6.729486803287515784e+01
-6.403124886271106675e+01
6.990934927012652622e+01
-6.437724585230228058e+01
-7.764571631479617508e+01
-1.634770999006327230e+01
-4.327659846361050455e+01
-5.922978193335497821e+01
-5.893419121358243729e+01
-6.594289302180433765e+01
1.552248185896483506e+02
1.438122852498109872e+01
-3.618554097007590231e-01
-9.419003355474030670e+00
-5.202933707783139994e+01
7.365359830810818664e+01
1.617378869644727502e+01
1.987803967217013579e+01
7.888042449507318565e+01
-5.697918262217229568e+01
1.381641969517588109e+01
1.747732306001252667e+01
5.067108537201848861e+01
-2.237593309519462181e+01
6.747861454179586715e+00
-1.335702627131960583e+02
5.084711590814823268e+01
-8.475229996731994220e+01
-6.007202185641688175e+01
-5.694112015927986903e+01
-6.293121826417948483e+01
3.440893049029878625e+01
4.150662596287635608e+01
4.747551698748775095e+01
1.058439860106927597e+02
3.895048405436168792e+01
1.607934190704975492e+02
-3.255561654603036459e+01
8.728466919610492880e+01
-1.151995526500771660e+02
4.616642505568042054e+01
-6.429831108686715879e+01
-1.548975669888558855e+02
-2.418895784653090431e+01
1.499508200552185997e+02
-9.040522367925944991e+00
-1.164026627185862282e+02
5.704059084209895758e+01
9.641146294338035716e+01
8.017715672595475951e+01
5.980506524395598689e+01
3.480026125150966010e+01
-1.487239646072599157e+02
1.154358648452378304e+02
2.343272037060346591e+01
-3.132321974870006898e+01
9.388365085928167986e+00
1.778497460976241769e+02
-3.920302986022962699e+01
8.620343945408204434e+01
3.092184705472495310e+01
-9.967188162184831413e+01
1.045317880617839279e+01
1.182412206757659874e+02
3.128793838487266044e+01
-2.559700351916942509e+02
6.254409272610345738e+01
3.207068672652899011e+01
6.304819591421228608e+01
1.077191147520874814e+01
1.459594006581073131e+02
-6.464162253507473110e+01
-2.736487565573340319e+01
-4.842098872405337318e+00
-6.803329038394328165e+01
1.105306817149054694e+02
5.265337184993038022e+01
2.677359303080397268e+01
-1.271387003129567006e+01
-2.332502400271123975e+02
1.838946519623112295e+02
-9.498248071446707286e+01
-7.726275021696689294e+01
-1.123606796981052298e+02
-2.015163091411425000e+01
7.084593183392975391e+01
-1.063376644607621984e+02
-7.156473737514301092e+01
5.682862268951411977e+01
1.417037614791291844e+01
8.330562146998147455e+01
-5.739098325622034480e+01
3.347770998640606166e+01
2.422004359375548432e+01
-3.689820975259276992e+00
1.642255062732894828e+02
1.581785421636399747e+01
-8.364001859343399303e+01
5.797564169945478341e+01
4.231149209116576770e+01
3.258228917932939339e+01
-2.972753317634432335e+01
-6.240047842133348510e+00
-1.688813304560479764e+02
-8.320030787362763647e+01
-6.149046997525200453e+01
-9.850740471042637125e+01
3.891361647410308677e+01
-7.896283975044120496e+01
-1.313338147740169575e+02
-2.048631928047136341e+01
5.766169661524555679e+00
9.176735803049417939e+00
9.658127685097126047e+00
9.380131541263337169e+01
-1.712512140490257480e+02
-5.707215570347505462e+01
5.905886356480420574e+01
3.467021493812707433e+01
2.211097536768336624e+01
-9.795091144090409330e+01
-1.374484546790255592e+02
-1.597181547236218648e+02
9.944292363474815488e+01
-8.674702543919198661e+01
2.258209146766608555e+00
-5.457887911875582176e+01
3.639709431498196324e+01
2.683489863081965865e+01
8.964571865063931000e+01
7.548071092436042306e+01
-1.529470620219702255e+02
-3.480536642689651217e+01
7.297159518546625367e-01
-3.455125730745467649e+01
2.216705110434810777e+01
-3.854939132123376311e+01
-7.041121869697104785e+01
-8.305765531840508231e+01
-6.320440337053313584e+01
3.839995095919185086e+00
1.896058485842586947e+02
7.851587099826622307e+01
9.214017527164999422e+01
-1.024868452361649958e+02
-7.039843618503411449e+01
-1.797421004773540290e+02
-9.156175202961465587e+00
5.634607005407461600e+01
1.010088898709909877e+01
6.094100951079810358e+01
1.826181315256272697e+01
-8.147489628504375503e+01
6.535784475442730468e+01
6.402278783207316337e+01
1.814905773741398054e+00
5.539912630912754210e+00
7.702789675583959195e+01
2.363050615828579382e+01
8.552826368873388674e+01
-2.165531053486598267e+01
7.152838650360834549e+01
7.140736773797912917e+01
-2.111538724631528297e+01
1.442019966776299000e+01
-4.273368807635674926e+01
-1.355018846732653515e+02
1.147775835761898975e+02
-1.448886049523531767e+02
-7.256043530213966619e+01
-1.570826931997268900e+02
-9.675578715401013596e+01
2.231965464048681014e+01
2.513320301411633295e+01
-6.118651655195655081e+01
9.076941475505560675e+01
-5.070580329114406481e+01
-1.679050069018475710e+01
1.633439212167046719e+02
5.064879733265617467e+00
-1.189923934585453225e+01
-2.304127362166504511e+01
-5.576161405800382198e+01
-4.529130870690325139e+01
-2.844014070315489917e+01
-4.621357197342711487e+01
-7.872085430134944772e+01
2.248872533368827931e+01
9.129303656408173140e+01
1.776147622074598331e+01
1.478147033367529506e+00
3.968086126926575474e+01
5.445731671574029065e+01
2.468391732992830612e+01
1.517157640808043606e+00
8.141795812747525929e+01
1.448199328906263794e+01
-3.834733604108527061e+01
-4.383584176929516474e+01
-1.047420712112532470e+01
1.411956405073305021e+01
4.254381183287860324e+01
-8.785049913663367249e+01
-2.480029935363684501e+01
-3.584542330033900726e+01
-1.208661443809010620e+02
-1.259141914129706237e+02
-2.702270398924221340e+01
5.682169625710936600e+01
-1.435464353376135591e+02
2.785434679817337056e+01
-1.309434474818711749e+02
4.029948768971954820e+01
1.422280552578778554e+02
-8.569677339300952212e+01
9.822773439883393465e+00
1.307695336351087008e+02
1.646737513940501003e+02
-8.690918148292006151e+01
1.520035920037119759e+01
7.678149755372678520e+00
-1.424700724720608047e+00
1.049012484407404457e+02
1.338542713692473569e+02
7.078553342632785927e+01
-2.747493938962015818e+02
-6.443696736080352139e+01
-5.405158975212151162e+00
-1.187848185565776049e+02
4.696918492558027936e+01
3.481402821965566385e+00
1.209600169261956779e+02
-1.161900537805474301e+02
-3.057538870789955965e+01
9.927095693830315781e+01
-9.629307098484459004e+01
9.561830954593678200e+01
1.328574261310991877e-01
1.217427074312636393e+01
-1.444107789784015239e+01
3.602381434717989439e+00
-1.507684731538944334e+02
-4.183785718462961967e+01
1.812261601610111583e+01
1.329422086836837309e+02
1.906566317755703466e+01
-4.298060132522753207e+01
3.213590595630789437e+01
-7.170886022259996651e+01
-8.425450823132321432e+01
1.866558556028780913e+01
-1.121767603663638191e+01
-9.828647001818636397e+01
-1.110102707491927703e+02
-1.018362658789795034e+02
6.159318482880397738e+01
1.270022208256324348e+02
1.113100083312772455e+02
6.680548300548784368e+01
-1.231047233329877315e+02
-4.925276184932533141e+01
-3.149189160700723633e+01
-1.238743276965039186e+01
-4.512204010271238275e+01
-1.524547207785447824e+02
-5.382657403046772515e+01
7.887540332340658722e+01
-5.972519714012719305e+01
1.761281620055945041e+02
1.565559506176722380e+02
1.019411895565772852e+02
-7.045523415984555982e+01
3.881616545066365376e+01
5.790648594408487781e+01
3.047682480991102238e+01
1.607796570553960747e+00
1.485934524186781935e+01
9.930458815060416100e+01
-1.250527930884465917e+02
-4.928228430796935555e+01
1.203039087622260617e+01
-3.843508112038080959e-01
-6.113494299009738597e+01
7.067900720290685967e+01
2.347434396979422289e+01
-1.094996297213996996e+02
6.676414130843397743e+01
4.063268220744042480e+01
-9.266623182723093066e+01
-3.779306846482270998e+01
9.586926880120728356e+01
-3.031884605356638573e+01
-1.988346847897410328e+02
-4.606876110146377101e+00
-8.845294103458999757e+01
-2.862042628490999263e+01
1.033435047188244056e+02
-8.888980816124315254e+01
2.212396217006961763e+02
-1.348672222698734231e+02
2.472486981128900307e+00
-1.385834824009640442e+02
1.100497351219646021e+02
-4.096845351524769541e+01
-5.480017501159386484e+01
1.270153774139686362e+02
2.030982549101861423e+02
-5.269262207849511270e+01
4.029109578463518027e+00
1.248985957229404704e+02
2.338952873561365564e+01
-7.752450179482002568e+01
1.329587294599661851e+00
-2.836195583225051209e+01
1.684695536604417399e+01
-3.806836174387245819e+01
-9.659251854163623818e+01
-7.882563023977949968e+01
-3.829309510742820066e+01
-9.529510505951134292e+01
-2.885881026775289016e+01
1.273314545792731849e+02
2.123067625999365760e+02
1.879301339661723969e+00
-5.104958567344014142e+01
1.237678960194597693e+02
4.640300154315735170e+01
-9.403570725880550185e+01
9.817155620691787377e+00
8.004920160712299548e+01
-9.501502251975421132e+01
-2.910025315685603520e+00
2.220514187207577947e+02
7.015899555889880901e+01
-2.797447680091936490e+02
3.209084539128280511e+01
-6.792386614425925018e+01
2.442545479886873139e+01
4.237975114468783744e+01
-4.470754674596000733e+00
-4.899071843222400702e+01
-8.622073533618595320e+01
-2.813611811654968875e+00
-4.310717339846473095e+01
-8.203275824143534578e+01
2.201673286524942057e+02
2.015633327031998689e+01
1.037225110823016792e+02
-1.834240334248482895e+02
-9.268872067950043458e+01
4.866941569746624729e+00
1.296546943392191054e+02
1.661647329833147069e+01
-4.601546919872831864e+01
1.327841374549647071e+02
-4.925613896155260463e+00
1.063114771817931192e+01
-5.819291917528600777e+01
2.424190779467394208e+01
-9.071922189898852906e+00
9.350287933023413700e+01
7.381958892995169208e+01
6.887452456522441935e+01
2.942767030061092726e+01
-4.002235448167472676e+00
-6.546005985917125258e+01
-2.478534857686080883e+01
4.535021052498169780e+01
8.527166332698055840e+01
-7.374966943783698525e+01
-4.852232825849801401e+01
9.088332239481580643e+00
-1.240791741613593899e+02
7.230904752100667565e+01
-1.313784230486804177e+02
-3.500883519911825914e+01
4.906441339597443374e+01
-3.184677865406663599e+01
5.568345717085053792e+01
-3.345533613115517113e+01
1.928113769589074167e+01
-8.664045197975252677e+01
6.523107916449859545e+01
7.511672534992803207e+01
1.747012768127917468e+02
3.801416455697814456e+01
1.902569551032715083e+02
-7.276961082394660707e+01
-8.610364239566260380e+01
-3.742395723512322547e+01
-4.944403732727842993e+01
-1.230196964780116673e+02
9.325466406081079640e+01
-1.034015680382409386e+02
-1.116299046670764170e+02
-5.220900789180036128e+01
-2.162395293367974425e+00
-2.734972761644235462e+01
-1.265468100154462228e+01
-4.070529271086565259e+00
2.549300918071978828e+01
5.749524523191210790e+01
1.293986145870459552e+02
5.411046387098419785e+00
-1.363357096906321715e+02
-3.038030216932214245e+01
-4.857147885613211713e+01
-8.404207818047444789e+01
3.809808540419759026e+01
-7.625627331289001631e+01
-1.333986845053816594e+01
6.259515929152350822e+01
1.417076570916642879e+02
1.123388664463851860e+01
4.872684097386421342e+01
-7.373795896344439882e+01
-3.239216203987834319e+01
-4.570960346885409109e+01
2.016458676861914867e+01
3.721089026796506971e+01
7.488639795463519988e+01
2.289896749542460253e+00
-1.044134780451739317e+02
-6.967714119013254503e+01
1.062153481102912451e+02
1.465172387025501735e+02
-3.823618839081252219e+01
5.541006334016470447e+01
1.492459467497336050e+02
4.350862755748276101e+01
8.805647382077304997e+01
-8.331727220141502688e-01
7.185147472703360449e+01
-4.675984396314886027e+01
-6.192180827745012550e+01
-1.096470146700162118e+01
1.036423585418957742e+02
-1.266627101200888035e+02
1.842694287473028680e+01
-6.594806597830192629e+01
1.186947832310588495e+02
2.142106597750668584e+01
-4.318986143882982986e+01
-1.041716867812625935e+01
-6.229888868167840599e+01
-5.841575681113538820e+01
4.086014164678869243e+00
1.328914110153150308e+00
-1.679271244627199735e+02
1.888408122357597474e+00
-1.919751514570100710e+02
-1.233172788798813997e+02
7.670341952907988059e+01
-1.680946058462737653e+02
2.386838317723415770e+01
7.810306988207639733e+01
6.739487543532368363e+01
4.707341003081635478e+01
-2.509012028642912284e+01
-2.340775162287466316e+01
-1.318254597325296231e+02
5.415609365593108748e+01
-1.175641325326571405e+02
-9.689179907408899339e+01
-1.897979007343192279e+02
2.043396966177482454e+01
2.092104127752001830e+01
1.191963639651697093e+02
2.434088009573612510e+01
-4.393749373550004833e+00
6.670110442372330084e+00
-5.419540535141270254e+01
-5.501363940456093360e+01
4.962620324508038472e+00
8.865749983826705716e+01
4.059408348838275948e+00
-1.952584410603341869e+00
8.762685635659285310e+01
-8.618988166884564350e+01
-5.572499488182582184e+01
-3.118715825226233207e+01
8.583947637985711765e+01
1.464000565959539699e+02
-1.715897129183080096e+02
5.938932723872573405e+01
5.829622484415537542e+01
-1.146422690756109253e+00
3.551575183081940423e+01
1.256131799068905934e+02
-2.279510426275663448e+01
6.013575345729428534e+01
-5.048368883668649332e+00
-1.245124842653284958e+02
1.029615243208507422e+02
7.025554692229945886e+01
4.487987518007437870e+01
4.160654812017188675e+01
-1.474037347980884682e+01
3.944883238631558697e+01
-4.139104921435835394e+01
2.919753606038045035e+01
-8.202740280301330245e+01
-9.981330223640991051e+01
-1.110822645830889570e+02
-1.239640200022312655e+02
-1.043932666322533898e+01
-2.392469578407144937e+01
4.706303475579991513e+00
-4.052198697147402839e+01
-6.359682468925573318e+01
1.997619234963522103e+02
-9.030995096286140722e+01
6.224066409317863702e+00
-5.299257756888185611e+01
1.521294243091157625e+02
-1.886417474802721870e+02
-3.800104074389816589e+01
1.221560609584107340e+02
-5.063960587140656600e+01
1.553325395144664611e+01
-9.341659961913934751e+01
8.377406168899513261e+01
5.997977446545664293e+01
-7.212489917286443131e+01
-4.510737531596460315e+01
1.604834262212883402e+02
5.496378329339849955e+01
7.351824584835137344e+00
1.839043747578274122e+02
-1.938675244764830552e+01
3.202899269288258743e+00
-3.074434610271727664e+01
-2.096804298768675423e+01
4.948748979280699345e+00
-2.606593414190869318e+00
-1.637876619796261082e+02
5.908883980672562330e+01
-1.185857970133803674e+00
-1.060380356235468327e+02
1.736158843999706960e+02
-2.401576182944916482e+00
1.872269814302867417e+02
6.021125809576768972e+01
-3.136672208108445759e+01
-6.203331067357386530e+01
7.806281738854028163e+01
-9.210229397881971636e+01
1.795594010145128294e+01
-1.745880660104388085e+02
-9.394649633717534698e+01
-6.526057884060654146e+01
1.489404179615627868e+02
-2.153030668891651178e+00
5.782840180947920317e+01
1.310690396660069723e+01
-1.272093847012390029e+02
-2.234800964593084984e+02
4.500852738564577038e+01
-7.894917388307677975e+00
9.609120918250084742e+01
-1.622916937150695844e+02
-1.516922967089244594e+02
-9.700003330719221140e+01
1.057329874721278706e+01
1.089941088067994883e+02
-5.441664157549530501e+01
-5.391393032553530418e+01
-3.508752179549296102e+01
1.724098820677792787e+02
-2.588881171325461850e+01
1.470078270894923556e+01
1.680928331250617873e+02
-1.748385868110538865e+02
-8.336488843221606260e+01
6.562575609561326928e+01
5.182120545348319496e+01
5.065085195564114429e+01
7.112613235632680642e+01
-1.446745908684000597e+02
-1.437292515936996153e+02
1.700834095730775744e+02
6.279379561876713645e+00
-1.582326023597086362e+02
5.322589840386349636e+01
9.756876522415856812e+01
3.355202797306574780e+01
5.944186590678939286e-01
5.806988097498477330e+00
1.690544300665978028e+02
9.316023568179664949e+01
1.427164737959806189e+02
-6.324733814969658141e+01
3.216996025210632126e+01
7.861308085816149571e+01
-7.582398940986119840e+01
1.834545839881919846e+02
1.406941668094637805e+02
-6.462461330557633232e+01
-2.242374031732215656e+01
7.701839045537417405e+01
-5.205472515322662730e+01
-8.016118317690093420e+00
5.957148540043352369e+01
-4.265556649683785650e+01
6.913106410253870138e+01
-1.171011314801174876e+02
-9.625135826905214742e+01
3.053304849385461317e+00
-1.991838100521783872e+02
-3.100183655832783813e+01
-2.868364107872770319e+01
-9.132229852202286224e+00
1.918502859075642277e+02
-1.596444759662209556e+00
-2.209928975436915266e+01
4.099496872389436675e+01
5.839740086754448001e+00
-1.188126190280171528e+02
-3.109784474941872645e+01
-1.888031770253983765e+01
1.430416170171913279e+02
1.054576418516998793e+01
4.880882517705090606e+01
-1.664858913948901886e+02
-4.447154320004409556e+01
-3.893825777436818925e+01
-3.064414768331584771e+00
-2.313399642789836719e+01
-2.943678035275679150e+01
1.861903628437464064e+01
2.564307113408531791e+00
-3.489785438916695881e+01
-1.321003125965123957e+02
-5.230405192984179763e+01
-6.083268588537628574e+01
1.571754537278913517e+02
5.683216023987789356e+01
5.443149477573992101e+01
1.210295712858242609e+02
-1.386613841394497726e+01
3.905400962666220721e+01
-3.029893653805162046e+01
1.278447314465820028e+02
3.241396358999576677e+01
-1.954015352018562135e+00
-5.936221971747887238e+01
2.017955854520636194e+01
-3.215415393050079018e+01
1.149760645295841641e+02
4.210751235073946219e+01
8.657470750561282458e+00
-1.143212797025497878e+02
2.356142415642780819e+01
-6.058430255572396561e+01
2.753553845943083278e+00
1.402607781334953607e+01
3.395586974893722498e+01
6.009433006204765348e+01
1.549187710330995138e+01
-1.411570158157321657e+02
7.952221819041152173e+01
1.167263333688929237e+02
1.046899864086749830e+02
1.769875798819118984e+02
-1.742272455249802121e+01
