5.551809738413574280e+01
7.090758149458814330e+01
7.480638233550223504e+01
-3.065298520957816208e+01
5.387004188811777006e-01
5.636976505864860343e+01
9.222706160772385431e+01
9.767154220826381561e+01
1.717523644405098793e+01
5.371004179784083732e+01
-4.070930148788594494e+01
7.259618774867509217e+01
-1.720180215077874095e+02
7.748794465037366308e+01
4.161965712804587270e+01
1.225782007186298017e+02
3.685013432466854510e+01
1.147136390507453569e+02
-1.404325013951230403e+02
-2.942484793234198648e+01
-3.037998046187469825e+01
-1.341351724568014561e+02
-2.323873190272123850e+02
7.004204436132545197e+01
-4.697552594488988120e+01
1.746238413598506156e+01
1.480930071719167529e+01
9.816291954066340963e+01
-9.108016299534978089e+01
2.623856259229879129e+02
6.425056835526306998e+01
-4.768879076177898924e+01
9.666772675215261756e+01
1.566126855123781638e+02
-2.921605662514369328e+01
3.742167421724045795e+01
-6.730452326396947171e+01
1.191803099014209977e+02
-1.276536199575778170e+02
1.233898469059594731e+02
-7.018705229190480566e+01
4.084663801563681318e+01
9.394057743205172528e+01
2.648185431657008237e+01
1.943386540432337029e+01
-1.279006811306616527e+02
1.071769962160812639e+01
-1.447795074057003539e+01
-7.771396910905610866e+01
-7.664440935540616806e+01
-6.585830897963268171e+01
-1.145353536768635081e+02
1.526648651092255307e+02
-1.372064988225739057e+02
1.826576772909728277e+02
1.416915616106266214e+02
1.259379545672776288e+02
2.099169804115052500e+02
-7.005404486484160920e+00
1.406426712030897308e+00
-7.448631356494395561e+01
-2.379696808166577782e+01
-6.035115179845126221e+01
-3.579651342113324120e+01
-3.173514503994214309e+01
-7.704353137483501257e+01
-6.818342008869703363e+01
1.141335834549246186e+02
-6.197455688777885108e+00
-3.406024785065304883e+01
-7.243996859460935411e+01
5.019295624873406325e+01
1.200262293457033280e+01
-1.305986788341460247e+01
1.280078414909627327e+02
8.861414102996074860e+01
6.524231459227787866e+01
7.159362090687598368e+01
4.352249202178440157e+01
1.513177133003068597e+01
-2.430218825208031603e+02
4.664501991013317195e+01
-5.853893171104067150e+00
-1.923204511600821576e+01
-6.531451352251917797e+01
-4.443599744584600941e+00
-3.460779038515193662e+01
6.560147972889527068e+01
-1.391483917343576593e+02
6.433799214327552818e+01
-3.363048980510997410e+01
-8.794159490305058569e+01
4.773839825562468064e+01
-5.809428686128951114e+01
-2.520049608799192598e+01
3.858247322655137168e+01
4.576711000312219824e+01
-1.564082851056853656e+02
6.525853751171271711e+01
-1.405513594801710155e+02
-5.014237966694376780e+01
1.006394121495727205e+02
3.325266526267876088e+01
1.288476751445545858e+02
2.800620259142937840e+01
1.073543281244372878e+02
7.173108269977282703e+01
-2.118266683369094494e+01
1.743277047350948976e+02
-1.644093165710414723e+02
-7.050995982072694801e+01
-1.232808284472754252e+02
-2.073263005180873719e+01
1.976671529150747801e+02
-1.580578081529453982e+02
9.581366574085933507e+01
4.458384866188944073e+01
7.749094960190844006e+01
7.906427630474772172e+01
1.674692506072627793e+02
1.092443099878828292e+02
8.232296692597300591e+01
-1.011783769262296317e+01
2.060609895068232333e+02
-6.633576237646244067e+01
-7.547766377577607955e+01
7.661565358973088280e+01
-1.491205835336766938e+02
4.362670871924527916e+01
-2.497323909490043903e+01
3.974510959536494425e+01
-1.340585893104102766e+01
-1.767458600000225033e+01
-6.971673143019980046e+01
-1.499646352199005719e+02
3.012078480345959974e+01
2.302762772844330641e+01
-8.662380845729011014e+01
-9.403595336830309748e+01
7.893746658970204066e+01
2.917192227879224475e+01
5.882392515955688594e+01
1.467508518408435236e+02
-7.369760395396940389e+00
1.428419295591239546e+01
3.275005806411326148e+01
-2.741351379519824150e+01
-7.674671196994739830e+01
4.993061704594128258e+01
-1.578758602501002315e+02
-1.103180636697976951e+02
7.083373718074459191e+01
-1.258816089517828907e+01
-3.760873646901561784e+01
1.411164206521739288e+02
8.543719426186648036e+01
-2.166769836585880427e+01
-4.465700696924351831e+01
-1.554229885461545102e+01
4.909626145049514179e+01
7.415248023604446814e+01
-6.663521947881902108e+00
8.095204794757390232e+01
-5.484317692592911442e+01
5.403728149797810687e+00
-7.003221905052127738e+01
-5.250609420071682187e+00
-2.880883491055225321e+01
1.847295310702571101e+02
-4.622735587004149949e+01
1.052427809571940820e+01
-4.062441760770343535e+01
4.817655098957146720e+01
-4.882571275722671800e+01
-6.356542331496041243e+01
-5.532895037836465235e+01
8.127237849321244312e+01
2.576001803367279663e+01
-1.759469118108608825e+02
-6.204598758300678973e+00
4.925185649635352547e+01
1.390567757675486860e+02
-5.564637706883653578e+01
8.900575977847435638e+01
1.182380879642644942e+02
1.619193630473250494e+02
-6.327031003258471031e+01
-4.776204719849984315e+01
1.183134651729214859e+01
-2.086907625147336631e+01
5.131946191874385477e+01
-3.422023886915340096e+00
-1.680661103560262859e+01
2.883602195936075319e+01
-2.545687264878848737e+02
3.513494107311043724e+00
-7.506641615292539704e+00
3.579737890836179304e+01
-4.325126823874979465e+01
-8.515966332025679719e+01
3.685163756253245992e+01
-6.927221510523861525e+01
5.428222350417038911e+01
-7.366744177007309702e+01
3.222212070874534096e+00
9.056531027404166423e+01
2.842661827999081936e+01
2.396848527055362510e+01
-5.692647279726515563e+01
6.437694834963271262e+01
1.186017785108840705e+01
-3.978379190436504587e+01
4.773035795341830578e+01
2.574833058074119219e+00
4.507558488542038333e+01
3.378947005897710198e+01
4.232022707870070377e+01
1.833395536553449645e+01
-1.020198188836003936e+02
5.894350932588753089e+00
-9.071428481981796210e+01
-9.715346059139793056e+01
-1.726834725934397738e+02
1.825566382235997480e+02
9.755277952462773783e+01
1.264542443871573951e+01
-3.318507376119747221e+01
1.272473200260325825e+02
7.023610911896992093e+01
-4.340496324490351299e+01
1.407215818626661701e+02
5.855738412517992231e+01
-1.513325662671961140e+02
1.120436318014768773e+02
-1.121389873231515253e+02
-1.996828353390237609e+01
3.752242352033650974e+01
-2.675389868449871855e+01
-1.749083636505613413e+02
2.638168940829595499e+01
-1.443131174253814386e+01
-5.626266266444064712e+01
8.719016037086917947e+01
-1.256200129963898320e+02
4.754716300991709943e+01
-1.019055822226412999e+02
3.844228640413426490e+01
-2.103323999214797198e+02
-4.859381327045543486e+01
-1.581772763901026622e+02
-2.089912068693064384e+01
-1.972853689223855440e+02
-9.258467173463620270e+01
6.335023748705805868e-01
1.714881354096671418e+00
3.594293543193192875e+01
-1.540589406025853805e+02
-3.019095162261351462e+01
-9.445274770583792190e+01
8.407263570774220796e+01
-7.457356833304402244e+01
9.409399463443710587e+00
-4.202499906121721551e+01
2.228324028675064383e+01
6.623886146533379815e+01
3.545182448054207214e+01
2.546720416580413016e+01
5.353363885867000960e+01
7.975498590037305746e+01
1.249050771479736568e+02
-1.477442325997362005e+01
1.712048516780029672e+02
-6.319122968663977957e+01
-1.129868427201276830e+02
-7.378300620078069194e+00
-1.010917449433268018e+02
-7.828377835771868831e+01
5.018427863063591232e+00
-7.057507532995931854e+01
-1.095152618925789625e+02
7.240884934419138119e+01
-4.020810205758794353e+01
4.000584954869246701e+01
-2.034430780380677106e+02
-5.364275554938350155e+01
1.222490162730503016e+01
-7.668871612536381122e+01
-1.248348353582761661e+02
-1.463775021204179154e+02
1.147488991586941438e+02
-1.240639287459448639e+02
1.017160711667032302e+02
1.274084477498630541e+01
-4.302905333760072182e+01
-3.963376434130567816e+01
-5.069456643988688427e+01
-6.040069308519490932e+01
5.313615614920828989e+01
-5.323300821283954321e+01
-7.900863862143810934e+01
-3.286154968040474955e+01
6.656220118778433559e+00
-1.415528270157876136e+02
3.016017850587452642e+01
1.230551064983021803e+02
6.051638440976446986e+01
1.753890227558163417e+02
-1.434608910672869619e+01
6.808724995804470836e+01
1.670274136412898542e+02
1.187754784902779548e+01
6.926921763496594053e+01
1.501160155022483025e+02
2.632770089380616696e+01
8.044112309638269664e+01
2.982936337294033180e+01
-1.665206170141755848e+01
-6.810264194937063564e+01
3.494953912602805701e+01
2.552408468531379810e+02
2.286668254943348089e+01
-1.316977430002539684e+01
9.380089784588115265e+01
-1.848061622824872074e+02
-2.219005742230747558e+01
5.928442835559567214e+01
1.086761226519753265e+00
-1.772608248293707049e+02
1.636235542872797453e+02
5.372452733772309585e+01
-8.812425193625782072e+01
-1.184009382856152826e+02
-1.249465208550844721e+02
4.184062448500468889e+01
6.834536338595202665e+01
-4.394853117199845371e+01
1.741868183338156371e+02
-9.853117721057831346e+00
-5.746949723257183251e+01
-9.088898132726285439e+01
8.685419310883202115e+01
-9.579349566747318079e+01
1.603424561727981654e+02
-2.246043986078541721e+00
-2.193094115838414293e+00
-4.804081461115269036e+01
1.265595546544022056e+02
4.269274477658364475e+01
-1.715674917557393186e+01
-1.054307527353853544e+02
4.875458061489457151e+00
1.467952600885055006e+02
8.218038673293669660e+01
-8.104214935629288163e+01
1.347956260341334200e+02
1.062920292723025284e+02
-1.642353464316186091e+02
-7.888575739510073959e+01
1.859106958210090355e+01
5.195891062582599318e+01
-1.173987822869093200e+01
-3.457347531562732712e+01
1.122970166787439439e+02
5.642016711718920163e+01
3.375565533059048562e+01
-5.176751349600018415e+01
8.811368617547562110e+01
1.051068842929105642e+02
8.196895900340312835e+01
1.317572495700845252e+02
-1.321379574429672346e+02
-6.469595006966716255e+01
-6.889132314065417972e+01
-8.290250674694985378e+01
6.583799784722762638e+01
-1.332847758010659618e+02
8.292178829276252827e+01
4.897966652718654501e+01
-1.569567569192837908e+01
5.621034717347286858e+01
-1.422021817256642464e+02
1.143421495199500697e+02
3.548062509831718359e+01
6.539150277446094606e+01
-1.835670812481548708e+01
-8.173488086317887280e+01
9.990099365851779112e+01
4.549490719688017037e+01
2.739971419815764619e+01
4.699610136673859984e+01
8.882585661368443297e+00
3.848923283313757793e+01
6.267918301373411794e+01
-5.370014336425474255e+01
-1.599511098246534857e+02
-1.070583603048237720e+01
1.041935086701508695e+01
5.426749205952983601e+01
-2.060698975114126696e+01
-6.096560038024218642e+01
7.024114711291549895e+01
1.069658404352001781e+02
-6.300309128205401521e+01
-3.542025768790071538e+01
8.880848184341498097e+01
3.526618567403163240e+01
-2.491698927431932375e+01
-3.301192058380382122e+01
-5.979711124222161800e+01
-9.916282212119828898e+01
-9.366726516867615260e+01
1.439619134458621943e+02
1.619591564655974736e+01
9.870746234744102310e+01
-2.222202824303226976e+01
-1.124563508432956951e+02
-1.865551788975204772e+01
9.436965607395799793e+01
5.745909943787789587e+01
3.841650943720266298e+01
8.739736966679453189e+01
-1.058329286372879920e+02
4.635159745014143517e+00
-1.326383014472986304e+02
-1.024585608791644198e+01
-4.201180703768556235e+00
1.109684783867551232e+02
-8.696243244011513696e+01
4.618462421089632564e+00
7.730662618525110830e+00
6.114765503216096931e+01
-5.505658992086931391e+01
5.063474655352096221e+01
8.890253438504478822e+01
1.730230587449022650e+01
3.001746541018965431e+01
-7.843364001879697867e+01
-1.514565050211989501e+02
1.808776057492490352e+01
-1.315887457348861460e+02
4.547590522367609367e+01
3.529369818777681189e+01
-3.274970198125570420e+01
-1.860052252849779464e+01
-8.015763331825864668e+01
1.398170218270666076e+01
-1.681615989761312164e+02
2.531855238196109070e+01
-3.403985303120428085e+01
1.259665480320745417e+02
-5.239343280489055132e+01
1.086251768537540414e+02
6.876864308010979698e+01
1.039228096139639916e+02
-1.205083466353097066e+02
5.591687427918692777e+00
1.191047628782130801e+02
-6.735830244463226535e+00
-4.408806254690745874e+01
1.110224837433454610e+02
4.919176210837069618e+01
1.015690029551949749e+02
2.905739632204815592e+01
4.113711243835566478e+01
6.266389484004033505e+01
-1.089508535301887235e+02
-5.599933432119821930e+01
2.889520785077855081e+01
-1.414759853173449677e+01
-1.020394939647064092e+02
3.354273827420638554e+01
2.283765701751367416e+01
8.362703558638792112e-01
1.924794546523727092e+02
1.510189066093178667e+02
6.098109437332809790e+01
-1.806196351260461341e+01
1.365874593478675365e+02
2.753192182923794817e+01
-7.893590389600646517e+01
-3.795867253382869677e+01
8.766436618317894158e+01
-6.500028953801174225e+01
3.270939147933094659e+01
-1.396024613796459448e+02
1.269436310808681334e+01
7.464325397085082159e+01
-5.863802240854505499e+01
1.088983993199632181e+02
-3.324312831777443478e+01
-6.872704791245857336e+01
3.108371196409621007e+00
-1.195315211710305761e+02
1.120047210955715826e+02
-2.412461521427956157e+01
-3.463900947160420429e+01
1.259211370099926341e+00
-8.906649139720570929e+01
2.209477860861290921e+01
-1.503866800626939693e+01
1.548249968974746196e+02
1.088862581630729807e+02
1.083074770996033180e+02
-5.218068122312428869e+01
5.457624456409303804e+01
2.942822648374290750e+01
-8.440410866513825283e+01
1.255031623691078266e+02
-1.187864556100656159e+02
-1.984748146424252013e+02
7.833242805312718815e+01
-9.884888260838650353e+01
7.189835163600200474e+01
3.506079144266456638e+01
-6.113424475951674708e+01
5.459080123208250512e+01
1.299178889532063863e+02
-4.253154627180155245e+01
2.743201111264730585e+01
1.441339386580425241e+02
-1.456377364935614196e+02
5.496050080360621592e+01
-8.348308263200316048e+01
-5.329562278407181886e+00
4.838325031879038818e+01
-3.516738069360360441e+01
-2.067466312743722767e+02
-5.055251718409616757e+01
2.633446945423071384e+01
1.694358369705681611e+01
-1.392049112343121919e+02
3.009462753697130566e+01
-8.748983322505067406e+01
-1.211873126731034347e+02
-7.846842563996843012e+01
8.997437502899596495e+01
-9.391556567278576040e+01
1.024248224876816060e+01
2.873929435757984052e+01
1.288275807729062592e+02
7.255550016431162419e+01
-6.774168165977322076e+01
8.311242762975912513e+01
-1.554517934635403549e+02
-1.665029696206946994e+02
-2.494599564176896678e+01
-5.557802145827236018e+01
-9.404140018706199555e+01
-4.227731324481421638e+01
-6.913328361401822519e+01
-2.257571857573310226e+01
1.114563897473186103e+02
1.646793085962665089e+02
1.426630992751483973e+02
-3.599639616011894105e+01
8.049468912107248286e+01
-1.414050019733604131e+02
1.684583288279380326e+02
-1.038452064105762815e+02
-2.585963245156055912e+00
1.474494243440833259e+02
1.596853749411504850e+02
-5.216048581083988722e+01
1.129596837036719137e+02
1.192106325604834716e+01
-1.186146900253026928e+02
6.216885542239885432e+00
9.316146142414383746e+01
-2.989353027121827822e+01
-1.273891201889331626e+02
-7.270682108307512159e+00
-7.700148710134766361e+01
1.952571916675824681e+01
-4.838326837698799565e+00
-1.103621730533269982e+02
-1.063895053130614485e+02
-8.808029292078752803e+01
-8.916417517568346796e+01
4.649831093592197817e+01
-3.534965924651564961e+01
-5.837794752213773819e+01
1.018828745365494797e+02
-3.576544066749324458e+01
1.110308214742266983e+02
3.842672746113887428e+01
-3.015464559579472237e+01
-1.790100763016152641e+01
7.736752649675030113e+01
3.093488047220655801e+01
-5.536956799110542171e+00
7.940984498813524795e+01
2.587460277918258384e+02
1.110918116208940543e+00
-5.564309070574810789e+01
1.521464187238180443e+02
3.928147131876082199e+01
-1.109650247021343290e+02
8.950741906399213121e+01
-2.446776926671522290e+01
-1.097207385480746922e+02
1.238577751040693613e+02
-1.133425987429596518e+02
-9.926600079310011893e+01
1.401210448193651246e+02
-1.432336123209577465e+02
5.167401398589959172e+01
-1.505986274825416729e+02
-1.620062289122214167e+02
1.202136488345694545e+02
-5.135864086127808292e+01
-1.320582511488868072e+01
1.365976098469558409e+01
1.774607970520656579e+02
3.651688537702463577e+01
-4.800351736617094645e+01
-9.677871394652912329e+01
-8.017769985990160819e+01
-6.461911696788808968e+01
2.358928240669814045e+02
-5.865639741845816957e+01
-5.859360299912234638e+01
9.003945360698112665e+01
3.311736214211408225e+01
-9.004142826208740757e+01
3.324138584302268384e+01
4.169537154818245028e+01
2.773449052035674711e+01
-8.837796982319878225e+01
3.936926115780628521e+01
2.460216078337805534e+00
-6.741739213266366448e+01
1.229514880721883543e+02
-1.162627629834630767e+02
2.907050284678660290e+01
9.541534608810577822e+01
6.259724137932077781e+01
-8.382001091372082158e+01
-3.197611985615724794e+00
-5.377445181964896648e+01
-2.176842733766645921e+01
1.338639430180101897e+02
-5.895439611290595394e+01
1.883109961463174287e+01
2.290358915712680243e+01
-4.908814951205256349e+00
-2.455122684499520425e+00
3.143697058089000684e+00
6.276946396882627255e+01
2.350981982560306349e+01
7.081610588735118483e+01
-1.613150374605293536e+01
5.230928905139275287e+01
-8.316539655578269219e+01
1.722432839898195311e+02
-3.545347504656687221e+01
3.513059398280626766e+01
-1.201553020779109815e+01
3.765673603111162038e+01
-1.283422358149127547e+02
1.132670572993450691e+02
-8.645749336900043769e-01
-1.904660425124689382e+01
7.333759889985208247e+01
6.622377117392768575e+00
2.869789993749640189e+01
7.316775681014576094e+01
2.142246017435962813e+02
1.929841687521798121e+01
-1.836981131514016852e+02
-1.608216779951890771e+02
3.986780032296784526e+01
6.464520101795041285e+01
2.068092068079450030e+02
1.694443886149685738e+02
1.127484315981847196e+01
-2.257627223403959960e+01
1.587302141919415703e+02
-1.197470436003177596e+01
-7.093065653655874314e+01
-1.242022270001039530e+01
-9.377874823413326055e+01
5.751871005288638372e+01
4.816625082695625792e+01
3.236531552114004739e+01
1.439802057563048550e+02
-8.586432101539209327e+00
-1.441196569870947712e+02
-8.784119040311920701e-01
-2.850749839695855670e+01
7.697065318954456359e+01
2.514519759373566643e+01
2.425539994550817369e+01
-9.322354226521201781e+01
8.233763335420070462e+01
7.601614603600305387e+00
2.975761328849997156e+01
-1.055990826337654767e+02
1.196199473034022276e+01
-2.159075578702158538e+01
-5.024868534212441773e+01
1.932343134944214569e+02
2.799128296494045287e+01
5.058828409406084603e+01
-4.767928368832055952e+00
3.030565171723856821e+01
-5.042012464321729226e+01
-3.798932666021877935e+01
1.851339990852569315e+02
-3.156689808569916877e+01
-4.566367573671088564e+01
-1.602450708583151950e+01
1.651233564069910642e+02
-4.094437872706016179e+01
-8.959355933958423179e+01
-2.608860216065929549e+01
8.953289759489543087e+01
5.792374757215521441e+01
-3.688864326576110297e+00
-2.659883561192875945e+01
-9.158936121705188782e+01
-1.364964596323329147e+02
-4.047296408860209738e+01
-8.550686147484124433e+01
1.461224481955602243e+02
-8.592035018802026514e+01
2.455473768393736123e+01
5.075376169023587636e+01
9.817592127435098348e+00
-1.317340075651999314e+02
-9.111577106989382457e+01
1.195763444877790107e+02
4.474595884939459012e+01
1.606851066491034601e+02
-6.275368515158762506e+01
4.390332180316965349e+01
-6.828426763716737469e+01
1.761660128293270304e+02
-1.260894697069416708e+02
9.672088295902315735e+01
-1.534302041995426258e+01
-7.904761070428882874e+01
-2.709895290838384199e+02
3.613302056695420816e+01
-7.594992750134848336e+01
6.769886170741185083e+01
-6.495164464483018207e+01
-9.518455674409659650e+01
-5.879996534218424387e+01
-1.400020747997282911e+02
-1.753867126104880825e+01
-2.841420356559191873e+01
1.229756549581070004e+02
3.640295565553260104e+01
-3.676915338916073495e+01
-9.821692251896017467e+01
8.262648838257943851e+01
-6.392843396340728646e+01
4.927730836581323359e+01
-1.393177125328986676e+02
1.066117558237033620e+02
2.783579985041939509e+01
-5.058604681322299257e+01
3.475244476440086316e+01
3.847444799902977941e+00
3.988793335343591906e+01
-1.302879552070851901e+02
2.492486856557108510e+01
5.928854363735838717e+01
7.200324986012323336e+01
-7.220338933361239242e+01
-2.383692086383691233e+01
-9.832445449470945675e+01
4.513758293893447160e+01
-2.514882667823058071e+01
-2.565098026931795872e+01
-1.575438520813451326e+01
-5.697357672886106883e+01
2.062715773213479409e+01
-4.112118525289006499e+01
5.688938427403533638e+01
9.837610816114927559e+01
-6.865720706993334943e+01
-1.975564489003772550e+01
1.166233077448145927e+01
4.572803594692683049e+00
1.950715325459071892e+01
1.066503781806922859e+02
1.169454392939489829e+01
-2.460430859328953002e+00
9.161403920856288607e+01
7.119769185148732049e+01
-7.900970919956805005e+01
-9.538534665872167295e+01
7.762604674191348408e+01
-4.675474433094686244e-01
5.419427142516191509e+01
-2.083554310221461492e+01
2.411644074359569512e+00
-3.244869442615912192e+01
8.250980217166491215e+00
-2.163416695745831575e+01
5.895009448038830158e+01
1.241824774854676239e+00
7.749070076073002156e+01
-3.225300391464212169e+01
-7.838005866229310925e+01
-1.139693300383252534e+02
-1.027709132840986150e+01
-1.088402574902101065e+02
-9.227423045409804558e+01
-1.622662195634639204e+01
-3.878009276882107059e+01
-1.421010892990533989e+02
-4.980543380069384085e+01
-3.280285003869314409e+01
7.057182331446125545e+01
-3.875685266444060773e+01
6.708986019522799893e+01
2.903212257273097663e+01
-3.735358707415811352e+01
1.145778568186397166e+02
-1.966313291121350062e+02
-1.787972365092645788e+01
-3.874625673075800414e+00
-2.471768023176921236e-01
9.194352729012945247e+01
-8.080111264479525346e+01
-9.519222494633461906e+01
6.485641780411965840e+01
1.445495186467444348e+01
-8.544157190058751894e+01
-7.307043302535670648e+01
1.691557323097749332e+01
-9.686390236100932327e+01
-7.414269202364309308e+01
-7.625558449504491421e+01
6.943653649115711346e+01
1.286060192433430560e-01
-3.980146006294427963e+01
2.960196687947507144e+01
1.623245477549884868e+02
-1.692291781075193171e+02
-1.602724152195380327e+02
-3.183442411431046182e+01
5.399599020061399557e+01
-7.350371109232947120e+00
1.253774478466183808e+02
1.157421356227686715e+01
1.843732964729397850e+01
-4.307388080978264355e+01
1.875442826830666476e+01
-1.004606407898302933e+02
5.896607094848706154e+00
-7.855602420371081962e+01
-4.518258964935653488e+00
-1.224115772057714793e+02
4.700558987462606098e+01
8.186641068408036404e+01
-1.019450284807065401e+02
-2.763527213151280648e+01
-2.038265768076740514e+01
-1.285270995563755605e+02
1.632049031044369514e+01
6.782078804252518012e+01
3.628943574189045229e+00
2.919394791370512721e+01
1.209144380319147274e+02
4.416515369571936134e+00
1.532817056302448577e+02
-7.100259965988071542e+01
2.017532449982828666e+02
-6.805015385144515960e+01
-1.414426429521674606e+02
4.684074296403269244e+01
1.205583559029414147e+02
4.165197945911275212e+01
-3.385275447189928855e+01
-2.130358257261025301e+01
8.139059598838895226e+01
-1.156637108154029079e+02
-1.472318912210682118e+00
3.571848206366321676e+01
1.274737724803103447e+02
-4.408119141505168415e+01
8.444642454195884795e+01
-1.237648402071573202e+02
-3.496754099063206223e+00
-2.230230009865284302e+01
-1.721168214697080430e+02
1.741597243956269097e+02
1.271239087420984788e+02
1.113066550490454887e+02
-7.906056676462104305e-01
-5.863821894809925084e+01
-1.527422537244461012e+02
-6.607930091333234657e+01
1.141829179817228912e+01
8.051162761367727683e+01
-7.998070425152432961e+01
-5.109265821852721245e+01
-4.862320064123666352e-01
-3.151625664840599228e+01
-1.103653398107024088e+02
-1.638964425964510099e+02
1.256836495680493329e+02
-6.914238773275637584e+01
-2.013435372411690183e-01
-5.380374981037455484e+01
-8.641726174816048456e+01
8.820113435036825322e+00
6.276197182918723882e+01
-5.349051991933205841e+01
-7.062597043868895241e+01
5.615552348424047580e+01
4.515444652032831740e+00
-5.423821077956441883e+01
1.390885334185003614e+02
-9.232144269252285085e+01
1.115977543404172434e-01
-1.003876031568723164e+02
8.248352283611995972e+01
4.120282422090546248e+01
9.589520246962753447e+01
2.287929798264954684e+01
-2.197174889452590918e+01
-3.452455436757951901e+01
-2.384643535660397617e+01
-9.439194768983382389e+00
3.990329031034375085e+00
-1.136676814519527028e+02
1.122027603346457880e+02
2.392416096956634064e+01
3.505319023813854074e+00
-3.003291877673624555e+01
-7.728536172930725456e+01
-1.403265956516711022e+01
4.877147250784996402e+01
9.874512709983571312e+01
-2.378651687598028985e+01
3.841456638589227879e+01
1.084266425377971217e+02
3.911732139789278762e+01
-1.019136274495192396e+00
2.640132803036738451e+01
-7.224158036321100873e+00
1.243114083176366158e+01
2.037449949334989014e+02
-1.573581177066069756e+02
4.872956187616254375e+00
2.730611779641062498e+01
-1.940845132999979228e+01
-2.877412016219841817e+01
-4.961740658180900709e+01
1.243422283489327071e+02
2.201651454384442985e+01
-2.569610657167891787e+01
4.807885118230301913e+01
1.432929276692027543e+02
-8.877553200943337686e+01
4.181690316185841283e+01
4.079786649106371677e+00
6.850283360010186584e+01
2.926495632137680047e+01
-1.342684201348676538e+02
1.045117817613526228e+02
5.255034160678940225e+01
-3.980493108859133855e+01
1.242567577278808066e+01
-2.058978882049147074e+01
2.045226569128635106e+02
2.865604238737454423e+01
-5.247302251119344163e+01
1.637157283786218613e+02
-4.765639747486866895e+01
-1.292739439607542629e+01
7.546722439098707014e+01
1.800625947014168560e+02
1.035296341123905250e+02
3.778047054132041183e+01
-1.777249346165401889e+01
-1.611809815972220861e+02
3.019321388709195020e+01
-4.794729158904185340e+01
1.838476714611363150e+01
-1.446799946763322531e+01
-8.266579127189347176e+00
-3.357604101459254586e+00
-8.232290348354317189e+01
3.187182518846254808e+01
1.225313074106380498e+02
6.868682121806267560e+01
1.018118066888947340e+02
-9.354587902335428851e+01
1.317522060764881644e+02
1.605270019156015167e+02
1.207738499538570522e+02
2.958818979685534956e+01
9.573693326134426229e+01
-1.621086125109415477e+01
3.618803653130235176e+01
