-1.091121155238236895e+02
1.609486134784864078e+02
7.477760491446574065e+01
-1.584686142578487456e+01
1.370824549608851726e+02
2.608274230250239611e+01
-5.647046397258637995e+01
1.502756071287056727e+02
1.888178657781023873e+01
6.122597987039910095e+01
-1.299163183979231349e+02
-1.018304880872728688e+02
2.489127367293164639e+01
6.040263343762582338e+01
1.370099760772445450e+02
1.158152087400350609e+02
9.943746015995817089e+00
-3.235743855470566643e+01
-1.401696503403421268e+01
-2.950896094330135000e+01
3.258773754740519557e+00
-2.024057623896730362e+01
1.568630954202279426e+01
-2.340991675636774971e+01
6.777736489777382189e+00
8.691647199387750788e+01
-2.927279351960457277e+01
6.196153353268463349e+01
8.228182771332092216e+01
-3.152352601075748240e+01
-9.761987573745820157e+00
-8.081676122400655515e+01
-5.747377434487965076e+01
-4.650765163492074095e+01
-2.968538664749703671e+01
-9.350125658246165017e+01
-7.679703056650649273e+01
-9.176575476770273099e+01
-1.553052033390509656e+01
3.074296994730254440e+01
1.733498448240436289e+02
5.302631508582759068e+01
-5.029880723176112411e+01
1.059117979718557621e+02
2.379834395659274549e+01
1.259309347528185157e+02
-2.292967071329462314e+01
-4.563573426552742518e+01
-5.426064376179312632e+01
1.108802149953912277e+02
-1.078318623863600578e+02
1.397920097625652147e+02
1.775331953606226065e+01
-1.660094646302571846e+02
-1.377685173011998927e+02
1.310342911428698471e+02
2.174899376498149550e+01
3.320230076573314903e+01
-4.287713998707602059e+00
1.917577089968794724e+02
1.044020890003709638e+02
-7.398221805858743494e+01
1.533188716900795896e+02
-5.582208849094521241e+01
-7.871607080938926693e+00
1.049748788566514861e+02
-1.828883562050886624e+01
-7.660227656511465000e+01
-4.022480958624324643e+01
-1.042718101031033662e+01
-1.877485531024955989e+01
-3.868231525368292978e+01
-8.252152433384163999e+01
2.976268774464366995e+00
1.380977280882092373e+02
4.016099353320835519e+01
2.297709916672857275e+02
5.470296981659311086e+01
-9.245384266008456109e+01
-6.332432479109326273e+00
-3.960689697145861032e+01
1.031376877066165765e-01
-1.173221684106349869e+02
-2.743164313037710258e+02
7.185478865048362707e+01
-1.889031725755067441e+02
-3.702678757624504158e+01
-1.174695550362533396e+02
-5.015639981635050759e+00
8.740858270683611408e+01
4.872854791950386044e+01
-8.261856798505391453e+01
1.304663572017913395e+02
-6.472312210444370351e+01
1.008970238960717296e+02
5.696875179883970475e+01
-7.659846666752254674e-01
-1.022969282181545196e+02
9.009625561760093149e+01
2.529259151024040264e+01
-4.809192315796022399e+01
3.139983159095602971e+01
-1.892242039865240031e+02
-1.002961490104894011e+02
1.780706014867660869e+01
1.138681824441874113e+02
-7.776138589781535870e+01
1.238030029940377261e+02
2.801187137989100506e+01
-5.851866483030845245e+01
1.400075310229095180e+02
-1.050926428030421107e+02
3.284373909859343144e+01
1.454182774817333268e+02
2.138556128740340512e+01
-9.062306772354622808e+01
-2.659790070328981670e+01
8.994492467078710263e+01
-1.060108806421177263e+02
2.959592550039533521e+01
-2.915588533034068774e+01
-7.150465498465220548e+01
2.816136221154627961e+01
2.298997591454141798e+01
1.527863646726367506e+02
8.094545423658900063e+01
6.025665299297693878e+01
-1.077129425364513224e+02
-3.053496394198207398e+01
2.358726020294025005e+01
-4.275195226430927420e+01
-1.381323139634875474e+02
4.183839074829030835e+01
2.034762539882405008e+01
-2.345524638186501818e+02
6.831412226666192522e-01
8.926472134650119017e+00
1.020519774463928400e+02
-1.596005984988211424e+02
1.048414471938581016e+02
4.065767063957729910e+00
-5.372229625640105155e+01
-3.461527571288238647e+01
-2.717294120574183935e+01
1.102410218705228147e+02
-1.081304161337545082e+02
-1.966674160700006002e+00
-1.619428857260301768e+01
-7.136963115445637129e+01
1.452509419531920969e+02
-9.991796283295728642e+01
-1.688019109335978669e+02
-4.027807937452774922e+01
2.552431483866080342e+01
-6.766090103039591952e+01
1.231542437988306204e+02
-3.481597035425752296e+01
-8.342016963020378739e+01
-1.569097684429731885e+02
-2.501002756695106655e+01
3.874137333953769513e+01
2.987946466117443300e+00
1.432461260350610246e+02
7.082492915536188605e+01
-7.326957045349651310e+01
1.003879410743668643e+02
-1.603324084327483661e+02
1.158849106546716570e+02
1.297702981437855669e+02
-1.505998702549841184e+01
-1.574831988191898802e+01
1.536845368063271700e+01
1.741742966838980067e+01
1.828102501579513151e+00
-1.890829078047621579e+02
1.826881013790340376e+02
4.878656843284589684e+01
1.665005805159799195e+02
7.226934066803927692e+01
1.903688889202010728e+02
2.412450878112240105e+01
-3.906892074009714122e+01
1.796611971214837666e+01
-2.701062459087075496e+01
-6.235052944899116767e+01
1.730959485774586426e+02
1.552744670997929965e+01
-1.265995664951589106e+01
3.792399055250032092e+01
-7.899830244002096435e+01
9.087787102275542850e+01
6.178449741448255850e+01
9.164528619849033930e+01
1.496585616588223502e+02
1.293602909516597776e+01
-8.548898814811570901e+01
1.726079932317942678e+01
-6.424826678116451717e+01
4.511851380386261212e+01
1.218673261295946872e+02
-2.381180084240569883e+01
3.383856379738044495e+01
8.977291336390696586e+01
-3.533338734036941986e+01
1.430976126404450000e+01
-6.560750813891840671e+00
-3.554583717602591975e+01
-4.155397754949346734e+01
1.260474528135371912e+02
-9.580950902833431826e+01
5.780186774252577919e+01
1.845323617838325276e+02
-2.121710043903120493e+02
2.090189368913564749e+01
2.904484236871127223e+01
8.806951346664646962e+01
-7.339633630439861633e+01
3.495941895288698475e+01
-1.090375470458411939e+02
4.950115283793900289e+01
-1.689448477110240106e+02
-1.237159863573450735e+02
-1.505723316216726460e+02
-1.363230290754330554e+02
-9.237540202558405156e+01
-2.699930978091581935e+01
-1.982544503513142331e+01
-5.063652379315389807e-01
-1.565304378278610216e+02
-5.927435563755361159e+01
8.777809341151379385e+01
-2.858769701672592589e+01
9.643410261962011987e+01
-4.441858584678166011e+01
5.375837477118341923e+01
-6.555372709714511359e+01
5.212006385201003411e+01
-6.883702960878021315e+01
-6.840585548028924734e+01
4.449543202765479322e+00
-3.044581205126729628e+01
-1.821983805411582296e+02
-3.872345043219521443e+01
1.399398287757364585e+02
-5.794390146937614361e+01
2.308540047285701391e+01
7.728858541916690683e+01
-4.232698184299280797e+01
-8.500266832836925346e+01
4.791984772039257479e+01
2.657990856365755405e+01
-1.144122241765480084e+02
-7.891709655718372574e+01
-1.006304785907368000e+02
-1.600053097092666121e+01
9.731593329398884862e+01
-2.147045526153930339e+01
-5.490302812175239744e+00
-6.854177836732243634e+01
7.075450009303801835e+01
6.719398180387474717e+00
3.094590650237894280e+01
-2.178490814593053670e+01
1.836163644256946270e+02
1.174189693636698877e+02
5.183875076156047612e+01
-2.451104559287247131e+00
9.642125301285005889e+01
-3.715388527672624264e+01
-2.454398104047088935e+01
-1.581573135788221975e+02
1.438969068615416518e+02
1.767477304516826919e+01
-4.038618625912007332e+01
-4.396756105972784212e+00
-4.410626473078034593e+01
7.787750967422908843e+01
-5.468371468780718203e+01
9.788608943076732771e+01
-2.152702907668394516e+01
-8.381305917778909986e+00
-1.612736221633825551e+02
-1.493691155667766566e+02
-2.126257132901598368e+01
-1.825308685165633449e+01
5.094812886024937093e+00
1.875447001988554518e+02
3.483133526394662027e+01
1.718082944256702760e+01
9.099926533693967201e+01
6.237600322902096650e+01
-7.722068169211527788e+01
1.941410794480137980e+00
4.617904096652938506e+01
-6.400252403496824627e+01
7.565986828981691303e+01
-1.530780000581212974e+01
4.447201726197578253e+00
-5.237879297291559055e+01
4.703564328868149147e+01
-7.752863165975907123e+01
6.610208066116136649e+01
7.031258758502912087e+01
-1.301245763616274189e+02
-2.574100541594019020e+01
-3.261464453624831350e+01
6.629964674198619434e+01
-9.560021162777417203e+01
-6.812897200332604086e+01
3.182452886994470731e+01
-7.322567072243631969e+01
-8.397753486588950977e+01
4.566806820905273412e+01
5.318799949532051485e+00
-1.202574350251893804e+02
4.456849138958227741e+01
2.337951942565804941e+01
-1.573531158807872146e+02
-1.463581538566935194e+02
4.575004500498041438e+01
1.302192874956251387e+02
-1.503502091477530200e+02
-3.477879073672527710e+01
1.202966414155511501e+02
4.838271159758028261e+01
-2.370885702536002881e+01
8.702957635634531641e+01
-2.015615927147528907e+00
-6.070878217494467322e+01
6.841327822654936597e+01
2.208768977779261888e+01
-6.453296205918368855e+01
5.461699385870699786e+01
-9.243437869872465740e+01
6.300937333639245708e+01
2.760203954572615359e+00
-1.495016774436700189e+02
5.322436800602224594e+01
-1.282350831527039929e+02
-4.248591729246182780e+01
-8.755116328472422538e+01
-2.708224667677998099e+01
-1.535082449510984759e+02
3.907615975350759641e+01
-8.671256825538772262e+01
1.001096274813167213e+02
-3.761899080026597009e+00
9.503909945919428992e+01
-5.372552670592480695e+01
-4.345972895745316578e+01
5.270247099946901770e+00
5.744703145329439486e+00
-7.716518091335044005e+01
2.595093379448978155e+01
4.932385533514148790e+01
3.874881733859290733e+01
-1.297617117641833602e+02
6.147687446373254261e+01
-1.452672045993351269e+01
3.142704420254678510e+01
4.184197340241696139e+01
-4.173491980756095643e+01
-1.121347938653687208e+02
-2.084344723213449413e+02
-3.883368587162654961e+01
2.795773841197881637e+01
-2.105734135249330308e+01
-1.966753017746036392e+02
-5.086010937745056637e+00
1.279800753035264549e+01
-3.274182302085399954e+01
1.554296577160014294e+02
-1.097442289789135828e+02
1.092828482414266347e+02
1.280653680383438697e+01
7.825690839550112798e+01
-1.656620660298707648e+01
-7.953618450134698037e+01
1.707218967970533186e+01
-9.001043558496057528e+00
-1.321755088926253663e+01
-3.987963505372196238e+01
8.940389558205919229e+01
9.207793503963952020e+00
-6.481711017223109650e+01
-8.339610119752158823e+00
2.335942867978440418e+01
-4.705732882956338159e+01
-2.524197851055379260e+01
-7.501342873220582419e+01
2.400485696014070669e+01
-7.165329959927359482e+01
-4.074057019386882672e+01
5.114698994322949943e+01
1.634349219903000616e+01
9.714686995440202111e+01
-8.944790948746422998e+01
6.484323600555811140e+01
-8.375014131410463847e+01
1.573209657161345660e+02
6.009116274897861132e+01
7.157680436165324345e+00
-3.750810121310420442e+01
-7.959523446076347852e+01
-4.995957229654749199e+01
-6.574790865121504169e+01
-1.023635324032049931e+00
-1.103056814814412405e+02
4.454489729577453261e+01
-9.825819753993023653e+01
5.357149042420871865e+01
3.194517404264201232e+01
1.382699903940761885e+02
1.632924089370135050e+02
9.637697502955619999e-01
-1.337611822525811789e+01
-3.631788902252658602e+01
-9.259287332144182869e+01
5.809144227731594867e+01
9.286818658143752714e+01
1.099000064215240400e+02
-1.271401664288630506e+01
4.155974962097457848e+01
5.964893445534772809e+01
1.610450381619342011e+02
-6.220032797352375553e+01
5.660598699354506635e+01
-7.484498777949316661e+01
2.803788035549913626e+00
4.924750695602831740e+01
-8.726871743385484592e+01
-6.039937034067207122e+01
-2.594829289370237291e+01
9.667415029452693886e+01
-7.742709027206750250e+01
1.958100533232243734e+01
-8.656967605052061288e+01
-8.251340903292902595e+00
-1.458825512445145023e+01
1.185370058040563066e+02
1.731069152399516327e+02
-4.802836700216638377e+01
1.591253209892619225e+02
7.914331141305977724e+01
1.335331538770614657e+02
4.615161865550873443e+01
-2.835324446199301907e+00
1.191417122280101921e+02
-6.918542264907016204e+01
-9.896631219923824574e+01
-4.354650072420970019e+01
3.732351832730392260e+01
1.854623258078578374e+01
7.177331965547955406e+01
-9.840242448738199244e+01
-6.811969129443183135e+01
-2.543611481341042335e+01
-1.235230115650571179e+02
5.546908752417366628e+01
1.110563351548321975e+02
3.957080987214152579e+00
9.245662674468393050e+01
-6.350353245250475709e+01
2.554524495328175249e+01
1.141280802212485241e+02
1.274514023714141189e+02
-1.662054711540374399e+02
3.178313846184018132e+01
-2.451520378041835002e+01
-1.473217357951193094e+02
1.442993290037755401e+02
8.947109900901767787e+01
1.515272123224547940e+01
2.174524906642041060e+02
4.895247710108279904e+01
1.261536223123795111e+02
-6.957828058363621437e+01
-4.065639914227138263e+01
1.453192552292440780e+02
6.056945960724586797e+01
7.201144325192176154e+01
1.021139017850548036e+01
-3.300683831796455792e+01
-5.663968601327232122e+00
-3.076417278448105108e+01
1.618400183668826173e+02
1.888768514777956042e+01
2.099020601123968532e+01
7.313915943125809349e+01
8.615637278649731456e+01
3.525432068284766274e+01
-6.616557637097324118e+01
7.700304750185200930e+01
6.545840584117841843e+01
4.175874269875105682e+01
-6.059006490034485637e+01
-6.851902418867835820e+01
-1.047161270184766266e+02
-7.749190723429933314e+01
2.041889090701577558e+01
6.937486889772948473e+01
-1.067155642995719376e+02
5.059056774520033173e+01
-1.677211706214446849e+02
-3.586756514207393387e+00
7.778258376739137248e+01
1.249855125222045160e+01
-8.359466242599944508e+01
-8.503490507149938082e+01
-1.282892253482455089e+02
1.813041194981515218e+02
2.504209958726306340e+01
1.788895206832465021e+02
3.108707619100870900e+01
-6.210038637595354061e+01
9.504184394236261824e+00
-9.043535140699790986e+01
-1.659716666216364729e+02
1.496704927344158023e+02
1.325860248916761748e+02
3.130470246304599691e-01
1.053417528100982139e+02
-5.179094511203617657e+01
-4.580967775843400602e+01
8.784402618411674268e+01
9.578349797918774300e+01
4.442159121960467161e+01
-6.126373231465394298e+01
7.704577854239710177e+01
3.335649162928350364e+01
-1.204448483953903235e+02
-5.795841986893062625e+01
-1.134894113140846486e+02
-4.144079761958670360e+01
-1.118789963490918780e+02
1.032378986071737756e+02
-5.102348885872650186e+01
4.652862738549600863e+00
-1.392550888987707935e+02
-2.057917662009505193e+02
-3.647090747934852573e+01
3.502835466724361879e+01
-4.693313306596243706e+01
1.176215561960257006e+01
-8.808241265020306798e+00
1.807327720210635960e+02
6.577417186623033984e+00
6.172613920861916625e+01
-9.461283176636904102e+01
-6.182353641000342037e+01
6.954212975537737407e+01
1.458051876762803261e+02
9.089109004640775424e+01
-5.382677723534844461e+01
-2.895338755834288946e+01
5.754841933841031931e+01
-4.750084838484860228e+01
1.135780738936469447e+01
-3.951143551089381134e+01
-8.326011887092900565e+01
-4.554097621503670368e+00
-4.070383622496837006e+01
-6.792772853995649029e+01
-1.911305255131345149e+01
7.969046044548110785e+01
2.170786067741985050e+02
-1.254455613392590330e+01
-8.323014127401985718e+01
3.794499580678817097e+01
2.510834647625712535e+01
1.500907941455469654e+02
4.746844679932085853e+01
-7.688154087132299708e+01
-1.741778272026053855e+02
-1.584638838061370620e+02
9.142526785994851579e+00
-7.219301638125070042e+01
9.334510936259251324e+00
-1.294989178704221331e+02
-5.169051286498242526e+00
-1.278001853394369469e+01
3.061928199459058320e+01
3.253862892573082632e+01
8.944491161351403719e+01
2.724792223729012086e+00
-4.044616753244547880e+01
-4.661213211183042660e+01
-1.390953124071728553e+00
2.072235078188542445e+01
-1.354818657976163543e+01
-3.269622159895905433e+00
-4.686062693309909832e+01
5.140771115495174115e+01
4.150336210535328973e+01
-1.082414832492045917e+02
-3.800046282760603411e+00
-1.068980656886923128e+02
-5.802780982629980144e+01
-5.988718138544057723e+01
-2.325746115007476433e+01
4.620317558670365798e+01
1.750454991871717141e+02
-1.486885194709862219e+02
-6.655249842969810814e+00
1.231333996000549433e+02
6.619642614465131203e+01
-1.745449950238293013e+02
8.348255531914567484e+01
-6.741765319518414401e+01
6.925155953850746471e+01
-4.850750082650586137e+01
1.779412644798836425e+02
-1.138432246449101939e+02
-1.960642586408726231e+02
2.267691195719806103e+02
-2.034098650593433177e+01
9.049480062141151393e+01
-4.664218081425168805e+01
-7.645251926342426430e+01
-2.781692251293555884e+01
-1.489823122142441036e+02
-6.702347915717193416e+01
1.136365389555975867e+02
-1.038652356230610110e+02
-2.027398748192474187e+01
6.833527945134768800e+01
-1.200611827434047569e+02
-3.920498593951010236e+01
-3.731771759277406630e+01
1.877408642451745280e+01
6.768045169504254943e+01
1.535553512172162982e+02
-8.251357463337845388e+01
1.697188349450356384e+02
5.570855262552252896e+01
-7.593147621007236836e+00
4.105267313437320098e+01
5.873933785142499886e+01
1.696049720281149575e+02
-8.994947265993943120e+01
1.150426757126859059e+02
8.799197379053191526e+01
-2.416852440271656377e+01
-7.195944856227585262e+01
-1.131003115118427189e+02
-9.093727895218567880e+01
-3.758065427819826709e+01
-7.189132634738204786e+01
-6.087858102367241031e+01
2.434971634531457951e+01
3.962118864491229520e+00
-3.084345294798222881e+01
6.680228808564776521e+00
-4.878021444095589487e+01
1.379540982201610007e+02
-7.900771639517438416e+01
-7.724830395724872290e+00
1.813212319871639409e+02
1.040547919417692810e+02
-6.406806755104888396e+01
-2.092805641481269561e+02
-1.403514516340532055e+02
4.949724860263134474e+01
-1.728105024896052555e+01
1.605406212704790292e+01
1.037030579358205387e+02
1.077013501700686362e+02
-6.794809446986282353e+01
-1.628512972005671031e+02
-7.654970669230338753e-01
-2.063165876132335939e+02
6.890404691149961991e+01
5.357084682137779552e+00
-2.071642204206588733e+00
-3.153909460280645050e+01
1.066087734825685942e+02
-1.240133703099361071e+02
-5.079481009844725392e+00
3.597226512960438782e+01
-4.732782341086503664e+01
-7.574093650866082328e+01
8.951942864387582688e+00
-7.929903657253500171e+01
-6.890989977935335276e+01
-2.489168150532692803e+00
-4.271300171911335042e+01
1.131397385680494381e+02
-1.118832902216704781e+02
-3.371199131108883051e+01
-4.002699029657638619e+01
4.118344606634445171e+01
5.697025861383527712e+01
3.831981938977310875e+01
-2.248055237717867882e+01
-3.667133335944915018e+01
-1.193456596758311434e+02
2.913505209199692558e+01
-2.014925004253745655e+01
-1.155989633174257847e+02
-1.920825438051805634e+02
2.377692547939911805e+01
-1.809661666268190174e+02
7.131389231886666380e+01
-1.610330237149571246e+02
-1.736367899311674137e+02
7.680786541632338071e+01
3.115612804045633055e+01
-1.521784512128860172e+02
-3.799027785889531117e+01
-4.076797149417902943e+00
-2.223310600995698394e+02
-2.328896110267886144e+01
1.517900246022415445e+02
-8.772369158774817777e+01
-6.534615664250281952e+01
-9.428262885020765793e+01
-1.343123860054793894e+01
-8.602075801118891363e+00
-4.498723970504057945e+01
2.052523468676637108e+01
1.161923565731757080e+01
7.453195323085599000e+01
9.143830078542994499e+01
-4.657719333084930469e+01
-1.125919077350736046e+02
6.528454190886796482e+01
4.970978543580608289e+01
4.052732356600964181e+01
-5.564298633306729869e+01
1.092229159800438936e+02
4.154012229584613891e+01
-1.207593903091853105e-01
1.088165120351844308e+02
4.249051210622717889e+01
4.165642749468552353e+01
-1.796042994286900978e+02
-7.791021790320748153e+01
2.162309248074909984e+00
-1.617632639408454907e+02
-9.443744111162816424e+00
-4.837362618233591149e+01
-1.643694567979795451e+01
-6.337702931360172443e+01
1.193321292124093134e+02
2.492797975205657579e+01
1.005961309935445485e+02
8.231973849318575276e+01
7.966113634690095147e+00
9.808477028211106585e+01
-1.321071914708903989e+02
1.914196304826727868e+01
-1.081699533992227344e+02
-2.434570787175625739e+01
-8.907332298674459992e+01
4.955565186456957605e+01
1.329775883315805984e+01
-1.718036493556969049e+02
2.102962059400896777e+01
-1.210285563098415054e+02
-2.237451991833413558e+02
-2.474917597310360762e+01
-4.564036286607652215e+01
1.958996376298329523e+01
-4.185032599071396930e+01
-3.063236833171899676e+01
6.060421366972337864e+01
-6.932493572613526567e+01
5.977285572123845014e+01
1.357477790515954439e+02
-6.834277386988989456e+00
5.345097771243951001e+01
-1.079361402196095909e+01
3.929650606848765193e+01
3.396262396883912515e+01
6.619263945378426683e+01
1.000114404756102715e+02
-5.101295252900965238e+01
-3.835059487725335003e+01
7.934915217972923207e-01
4.049653271261381349e+01
1.041666145243572288e+02
-8.212800041868372602e+01
-5.054966285926583680e+01
-1.974711785509348374e+02
-4.653237976352454552e+01
-5.646387165061464231e+01
3.555279581655191379e+01
1.545665252637054152e+02
3.160081952463469435e+01
7.603408879173542800e+01
-1.109045671374316981e+02
5.128202876984236269e+00
-1.508664399710445103e+01
-1.278339569743927484e+02
-3.738386957699896929e+00
1.657730120642150595e+01
1.089016546374688090e+02
-2.047002281718798500e+01
-2.517064791560345682e+01
1.534357472851238526e+02
-3.732073506438902655e+01
-5.987659784333175139e+01
9.441780218181089879e+01
-5.408185096662378299e+01
-5.602446088807114677e+01
-6.744265635680760340e+01
5.729476540974808074e+01
-3.815148584180008129e+00
2.610197763846222330e+01
-1.439117357835789051e+02
9.515951987176953253e+01
6.974640900237432106e+01
1.334362867084113624e+01
1.696021642315387368e+01
-6.350292351853965300e+01
1.231498405804551055e+01
1.378585088827778975e+02
3.456422085262423849e+01
5.996441575062410578e+01
6.039585906018967876e+01
-3.033439349365750104e+01
7.220297332541679936e+00
1.075677042153730412e+02
1.415187593519780762e+02
-1.704611764220934731e+02
-6.792140765854537676e+01
-4.933013638362722020e+01
8.555089964996730600e+01
4.295371866149517359e+01
3.479935804404664879e+01
7.938942971486551414e+01
1.586654465169272044e+02
-2.194521664923110649e+01
-4.337975634103825584e+00
4.665447298230466799e+01
-2.857010089351460991e+01
-6.838178594367585106e+01
1.110226731978100956e+00
-6.480350491014986858e+01
3.865342491248953571e+00
-5.200202309986441662e+01
-1.033063795510364997e+02
1.075200692159608984e+01
2.501803250587179832e+02
-1.306448377905098539e+02
4.942441024008387984e+01
8.548970690106210668e+01
1.388107631862632445e+02
6.620858360544075083e+01
-7.686205505595246734e+01
1.291079169212509470e+01
7.819045175860742347e+01
-6.903878159473832454e+01
1.547960630744575994e+01
5.297391663536143369e+01
3.406161776642284167e+01
-8.655412564478422155e+01
2.721685769405842947e+01
-4.836959822242533846e+01
1.659720774979087707e+02
7.749370163994208305e+00
1.821602748347736735e+02
-6.915227620471310388e+01
-6.483740651626104068e+01
-6.549865042513626179e+01
-7.018408412710523692e+01
2.187736448560850278e+01
1.490147213434393905e+02
-8.133982988456125440e+01
-5.135819976379742258e+01
-6.230087880655133858e+01
-3.143690984181144898e+00
-2.584269975659786667e+01
6.534129014445922223e+01
-3.552567848634999592e+01
-1.287151898771154208e+02
-4.416046711018157112e+01
1.033013298437343366e+02
-9.083245713964386425e+01
-1.707251620428275487e+02
9.415374685957782219e+01
-4.770480273842470531e+00
8.204134900725220803e+01
1.452238211323472115e+02
1.225778595475695738e+02
6.736771191427922645e+01
8.857399954235233963e+01
1.743959419284708545e+01
1.291334773584826507e+02
2.563872009876737934e+01
-4.104025617615288724e+01
-9.465347964521762947e+01
-1.897873883070170820e+01
-8.129924024189335796e+00
7.846354440776254080e+01
-1.483195285116476327e+02
-1.051852774476529788e+02
-7.080954459959556857e+01
-7.666825810517825346e+01
9.750376642122450477e+00
1.482992989789318550e+01
8.188031513767437986e+00
1.464530000664398912e+01
1.231608117839118393e+02
9.839081048415302178e+00
-5.932609933375201194e+01
5.885497396559507877e+01
2.671791061637626186e+01
-1.953391784913524276e+01
3.970096252347671140e+01
-1.464523729056432799e-02
-2.350571238478891800e+01
-4.851570717813695666e+01
1.131199816879238682e+02
6.467415489197327894e+00
-9.959541277597504916e+01
6.788963606993137390e+00
-1.191670486453941358e+01
5.174298111960368374e+01
-4.917871603063695574e+01
8.900381117288431199e+01
-3.115393573383703085e+01
1.168585177872554937e+02
1.080661055076390653e+02
-1.446222931067276996e+01
-5.556555962016060590e+01
-5.699080897576295968e+01
1.048257154941659763e+02
-5.107292008288683149e+01
-6.048036984921662906e+01
-4.446437962152123902e+01
-2.810912071716835570e+01
8.242203382576032311e+01
8.443399276678897891e+00
-3.390694540829142056e+01
-7.936048621233913991e+01
-1.373905126722456203e+02
-4.116869938240984084e+01
-1.180882969312488200e+02
3.811705723261692924e+01
1.121683472949441018e+01
-8.447460757237794837e+01
-1.487684490121257568e+02
-1.084865687302231692e+02
2.014358508746967047e+01
1.175337970770392371e+00
-2.084850017528570021e+01
-4.209300149907127775e+01
4.715360186652893049e+01
4.295858710059437158e+01
-1.176550302291038008e+02
9.383784720844755611e+01
-1.372946390212996093e+01
-1.259493818226940647e+02
2.190453829707179878e+01
1.827582244783100052e+01
8.103755979376310847e+01
-4.365445659906502840e+01
-1.500206999898941262e+02
5.607761774682881395e+01
4.297924541803404708e+01
9.356652585745447936e+01
1.461666373081113193e+02
1.042062474190814925e+02
-9.379360730990575235e+01
6.301324569422569510e+01
-1.212696618907359323e+02
-7.666647181216910667e+01
-6.145533979598766905e+01
7.730103201875171237e+01
-4.508080083785340975e+01
1.438235895066018486e+02
-7.350654565038260557e+01
-2.408913779661840238e+01
-8.702651575970256204e+01
-3.621135157510152425e+01
6.158251173829951597e+01
-3.344197896178324214e+01
5.056750294987453032e+01
-1.168443102960090698e+02
-3.419939072693477300e+01
2.520926559709637260e+01
1.540381897908145277e+02
2.504660498627308840e+01
1.112647909747265231e+02
-2.516706647123569596e+01
-3.669756355229112046e+02
4.024859680070547086e+01
-2.909000066527913830e+01
5.373716167614973926e+01
9.050796418930749709e+00
9.456606602036082165e+01
1.471391890531775459e+02
5.717568620531427115e+01
1.638395719822966043e+02
9.032229300778692505e+01
-1.476168559063063981e+02
1.127666720835979497e+01
1.826985662463374354e+02
1.240729764866944862e+02
