4.751443558853185323e+01
1.023815995865990125e+01
-3.848548522694962770e+01
4.780459198492940942e+01
-7.492972096805425508e+01
9.809519622409739625e+00
3.682173058480397110e+00
9.128043192083818980e+00
-6.270040555545381977e+01
-6.578449333327799309e+01
4.835917190842577540e+00
-2.232160198103352116e+02
-1.227639234812200471e+02
4.599649385102399890e+01
-1.182698394219436899e+01
-1.509579043431166951e+02
-7.868313775699193968e+01
3.583636262403284434e+01
-8.358631193544374582e+01
1.631062978489967108e+01
-1.155733098195458552e+02
-4.980533882060302631e+01
1.632533695309516588e+02
1.036698766752524392e+02
-2.964530474098060608e+01
1.525554473274805467e+01
9.685812422429248159e+01
-8.808484736292322737e+01
1.025208205455419019e+01
-5.907062893386100910e+01
-1.107239128037220723e+02
6.676346149014032960e+01
-3.235755418848627585e+01
3.968928932777135543e+00
7.294317571983584969e+01
2.277495346808239276e+02
-2.009487342968495227e+02
-4.631750031133849532e+00
-4.671498361217875583e+01
7.160367930368674649e+01
9.982980280471947765e+01
-9.649053983226487219e+01
-1.562920382590627639e+02
-1.932638969049142119e+01
6.324878922118488589e+01
3.595031024746277382e+01
-7.109139029025008938e+01
-2.380453065191313300e+01
6.141989298108484974e+01
-3.511807763913729019e+01
3.849290875650790866e+01
-4.625077196291353232e+01
-3.641332414754442937e+01
5.166034899893992893e+00
2.223514082178483875e+02
9.011636522547125594e+01
1.588435296314102345e+02
-2.464202138695226196e+01
-8.412016272396900263e+01
3.620336959776135899e+01
3.403558711319615071e+01
-1.781993799857986716e+01
5.658866446174778986e+01
-5.184204929958367813e+01
1.308864156363926554e+02
8.436031642881911807e+01
2.438730113334523963e+01
1.237072258314990592e+01
-1.338628227636110068e+02
2.810262784641734513e+00
1.771479543557697056e+01
-5.403614615400660881e+01
-8.333969662673683843e+01
6.711767316711961939e+01
-8.459429834998758224e+01
-1.126785483811410415e+02
2.390044364228915441e+01
-7.414097566324736022e+01
-4.596739139568259702e+01
-2.308079606308946197e+01
7.330397450648004565e+01
-1.241601131254013666e+02
4.913311888980002351e+01
-2.246192574908767767e+02
6.864421612532065353e+01
-1.143098641821386394e+02
-2.503075579304262721e+00
8.878009124247674322e+01
9.128788914238011643e+00
-9.491790968658634142e+01
1.707554858069576653e+01
5.417082764941068973e+01
-7.580889964169354300e+01
1.081046608083015848e+01
1.874472876679579514e+01
-7.290352197276247637e+01
8.559152122475847335e+00
-5.130481399776676454e+01
1.010431544087687001e+02
-7.778940151211044451e+01
6.832922750614724805e+01
8.268161855331798904e+01
-6.727281048056381962e+01
-9.682962425162179443e+01
-6.050256420211189834e+01
-1.503012339739788672e+02
-1.859124808352782310e+01
-1.579684322866463830e+01
4.108491958041811642e+01
3.806408207901291263e+01
4.129037696034306748e+01
-1.077624610817695583e+02
-1.833571959238436477e+02
6.055132248229098124e+00
9.599290695699976084e+01
-8.968219012628875930e+01
-6.224991161619769287e+01
2.583448744099705436e+02
5.826465432835531288e+01
1.356418393794483563e+02
-6.043692877603385227e+01
-5.830705082218820223e+01
1.028193741121607019e+02
-1.518142459244680431e+01
-4.748965360259430213e+01
9.710720744994536346e+01
-5.991175287613056355e+01
7.260572817034901050e+01
8.419464759099594175e+01
-8.544697279529462719e+01
2.977088289545659805e+01
3.150311253497288799e+00
-5.680482931526823620e+01
-6.068538311309026057e+01
9.459129889882719056e+01
-2.971063279921841982e+01
4.596187489511902413e+01
2.248875863743540648e+01
-3.265601848134544127e+01
-1.174783816779346211e+02
4.425944877806329458e+01
-1.503500686533668329e+02
7.528083244050603184e+01
-1.390777903494395007e+00
2.202809346224358222e+01
-6.044752878735591395e+01
7.547646860926833767e+01
-1.126782833512883144e+02
-6.255153114448065210e+00
-7.819847485769275863e+01
-7.415762313522031945e+01
7.181239455457478016e+01
-2.320171998403505853e+01
6.043156985183943064e+00
-1.098961689908224315e+02
1.401244933992095412e+02
2.534755962266633489e+01
2.012484328139656142e+01
1.284618432445725489e+02
-7.312581588697047330e+00
-8.753121316648794448e+01
-8.473450577174833143e+01
-1.312356623737680934e+02
9.130163234834884634e+01
-2.589517991734320290e+01
1.594695735384561885e+01
3.063563405892266900e+01
2.029477184407492132e+02
-1.246931587499645211e+01
3.815038499719180010e+01
-1.928592786680766267e+02
7.017670468188286748e+01
-4.016012059551739100e+01
-7.753417675261101749e+01
1.066038192461630807e+01
-5.631800522773347950e+01
8.927417132903282493e+01
9.103136979151900121e+00
-2.630541366235974721e+01
3.322156308249299173e+01
1.315151827788202183e+02
-1.421992430354286263e+01
3.784531701799904368e+01
-8.982601309881788154e+01
2.531897071883900452e+01
2.588456784778700808e+02
-3.955867290563091387e+01
-2.208177238400608999e+01
-8.387348944225054481e+01
-2.012725527145375395e+02
8.575833705041830513e+01
1.332165544696137829e+02
-1.065565847533698332e+02
9.326310026539408682e+01
-7.211916460242359506e+01
-1.897730051020867847e+02
-1.356024912426445326e+02
-1.924806812097156126e+02
3.607357836763302572e+01
-2.171471528321220035e+02
-3.509302720437811018e+01
9.240415314891659193e+01
-7.339234044465776208e+01
-5.377357986788069866e+01
1.264275946894305633e+02
6.250385479420800294e+01
-9.106146455710120335e+01
-7.031799159154564904e+01
-5.376300758748190134e+00
-1.406689101292195403e+02
7.496171037699622275e+01
1.418214728807264464e+02
1.057187290506466582e+02
-1.131740641383555044e+02
9.661441446124352694e+01
-1.055280571699092995e+01
-6.241200052662389908e+01
1.593906072422571185e+02
-9.897997605057273063e+01
-1.090378766906642340e+02
-6.858542990443643816e+01
-3.663450258156144912e+01
1.467879484536665302e+02
-8.410054645584290256e+01
-7.159685790591986176e+01
1.307592657065555919e+01
1.246843668209298173e+01
-1.293867214919883963e+02
-2.052046263732649436e+02
-7.977609556342171970e+01
1.686186881726671771e+01
-1.951776832122066594e+02
-2.209258121015761844e+01
-7.260938270057950206e+01
1.406963460666099763e+01
9.041024008646957100e+01
7.888954263587086757e+01
3.385526679235783210e+00
-1.452442048907316234e+02
-2.104527745786474497e+02
3.523894027604461598e+01
-5.259453081059466228e+01
-9.487669795778893445e+01
5.582633530375449027e+01
1.580797181245954519e+01
-1.229672205200959070e+02
5.494200747244443050e+01
1.337820043131650039e+01
1.314158232164073183e+02
1.203073242036781636e+02
-1.424712347105963204e+02
-3.952813608355704389e+01
4.852426652756145131e+01
6.154181802231137866e+00
2.548900524067320816e+01
-1.236491488203910336e+02
-1.107217905025625981e+01
2.051048701045156406e+02
-4.724797137284727455e+01
-4.060256331138904073e+01
2.646481044008537964e+01
-1.420622096122844482e+02
-4.088088513318944450e+01
-1.626299802122591132e+01
3.682892998539225005e+01
8.813439200695937359e+01
-1.068318690772955648e+02
-1.663062723312532682e+02
-3.836809871916891979e+01
-5.860596153700746669e+01
-4.899639369497351993e+01
-1.453249726228255554e+02
-6.660059060106364370e+01
9.082177967860941692e+01
-2.032506295351254835e+02
3.757760462754956876e+01
3.048009208930733749e+01
-1.188571014897764115e+02
-7.298420550525226247e+01
-6.296267004000471701e+01
4.433753640191841328e+01
-7.051762841086750200e+01
1.160424941568449100e+02
-2.651231072188160454e+01
1.265006676610772303e+02
-3.988332247792420304e+01
2.843115969555747213e+01
-3.152630863151551832e+00
-1.757463716971276710e+02
9.551544262080622616e+01
1.239176184603746655e+01
6.122139171415049219e+01
-8.788489672858710833e+01
-1.966113982513646619e+01
-2.972903606825502720e+01
1.019683427593408709e+02
-1.195804157021252223e+02
1.207714865445688588e+02
7.008124733870906731e+00
-4.374390439256906404e+01
2.664349622460124323e+01
-5.815636741640651763e+01
1.262660812810427871e+02
-2.375636172917114308e+01
5.761411972439442053e+01
1.596728201587141598e+02
1.065089900990038814e+02
-6.785929956825374632e+01
-1.236074252515248872e+02
2.591894710700879401e+01
1.065057789723048529e+02
-1.636723422426578907e+02
5.409288233112249600e+01
6.368460689423191923e+01
6.949106143629163057e+01
-9.617165662040132190e+01
-1.330807741705105229e+02
-4.095004206772673072e+00
-3.158127794621541184e+01
4.458481571826133205e+01
-1.300631752968465946e+02
1.889463442470015186e-01
-1.839397707009256067e+02
-1.090917741029245320e+02
-1.273375635140514675e+02
1.294069539384656764e+02
1.935735944701866913e+02
-2.440172439889739735e+02
-1.665065775260207488e+02
-8.188527983495325202e+01
-4.760593396324164672e+01
1.724470163545580306e+02
1.945909968429826904e+02
1.430692128601668500e+01
-1.487882068541448461e+02
5.518446026628236467e+01
4.423923034355951245e+00
-1.201900645339636213e+02
7.243788159864151055e+01
1.274689954163227412e+01
-9.917050251704228714e+00
8.889301607321760557e+00
1.154918483049501958e+02
1.001326786708704759e+02
1.610505078949802993e+01
1.332419190072527329e+02
1.072561018756139504e+02
1.698823987035028438e+02
-9.588697143292908720e+01
-3.500237270595327033e+01
3.368034726166591497e+01
-2.032508562260741769e+01
-2.632898637562685096e+01
-7.472263313892716496e+01
-1.225493440531483742e+02
-1.223459363025173197e+01
-4.812984532248963632e+01
2.815059668109407909e+01
-1.462376694577974590e+01
5.772398239961277255e+01
-2.843955538998156118e+00
-5.559488291027079043e+01
-4.967903975565108965e+01
4.749373913765962740e+00
3.645796833416081739e+01
1.908047884263102389e+02
-3.332555097673790812e+01
-5.613246830628813200e+01
3.603384962940451430e+01
-4.038756767667760528e+01
-2.668539462484452329e+01
-7.576035012642792310e+01
3.004808816303909325e+01
2.664785973900798410e+01
2.708580321834231341e+01
-9.498303471073531057e+01
4.725439781666254646e+01
4.228880739185730420e+01
1.085377271237812380e+02
-2.973285255390091208e+01
5.273301240036623483e+01
-1.262682313312474136e+01
-5.606971232661746019e-01
1.658512781426144445e+00
5.078977762729165590e+01
-5.646652580699814905e+01
1.625398647924276929e+02
-6.680760608125643429e+00
-2.415607096946926546e+01
-1.225133915752753637e+02
6.620793526887814551e+01
-1.249217182497326775e+02
3.842910510454549922e+01
3.492302068486488054e+01
1.029618288510464907e+02
-1.489482232140855160e+02
1.688878091258487757e+01
-1.990702038262496032e+01
1.023248251111626104e+02
-8.693480473970180356e+01
9.417129588038022803e+01
1.681904735519324134e+01
1.875605559677902932e+02
-2.090600348750642468e+01
1.606869171987330347e+01
2.015242443416069307e+02
3.436241056680808015e+01
-1.135542725708772593e+02
-1.022134081282232074e+02
4.236132415309782573e+00
5.032534216455584897e+01
-1.385054110412336001e+02
-7.516374363613877563e+01
-1.735935273373648329e+02
-7.849059439236683033e+01
-8.044863878918870626e+01
-1.051671482487961953e+02
1.326676576229332660e+01
1.448296770598839167e+01
4.667613360562344837e+01
-1.337898459853670374e+02
1.242277885140117490e+02
-1.323917043879671667e+02
-1.145049711363313918e+02
5.281844771230948510e+01
1.044682103756765201e+02
-3.094432381287559863e+01
2.146771383635300623e+01
3.442171306430622479e+01
-1.780522542010604923e+02
1.077748876947797925e+02
-2.299695227358451444e+00
-5.346205696972312182e+01
-1.514263320567681319e+02
-3.843177425103978351e+01
1.197731345210882381e+02
-4.395636869869682783e+01
-1.069884833458286693e+02
-1.780051023573493012e+02
-1.820879914381614526e+02
-1.054108481598070313e+02
4.085063231329360178e+01
-2.570256088116560989e+01
-3.829566449953966156e+01
-3.491523764590426282e+01
1.046462328038199274e+02
-1.749103236518996312e+02
-1.205100401421106824e+02
-1.981955593542524809e+02
7.697837988781775209e+01
-6.529724003216099959e+01
7.154754603655324274e+01
4.097693980888384857e+01
1.748583950828852451e+01
-2.074590889482652045e+01
-1.389899722842813468e+01
-1.001035155938716343e+02
-2.509121396342624877e+01
-9.320607727367712414e+01
4.678158045908052998e+01
-9.977375788635013976e+01
1.478933186153075141e+01
2.610444437315911159e+01
-1.096271395535277975e+02
-9.703092721402077814e+01
-7.584721078373554803e+01
1.871606430690343714e+01
-3.726349955612194265e+01
-4.420081589406562017e+01
-1.119424575721439226e+02
1.071667954412605752e+02
4.742382924418320211e-02
6.997387768211514469e+01
1.689173088411839103e+02
-9.045741432475881538e+01
2.080629364871522569e+01
-9.107159616388234724e+01
3.770005244396773314e+00
4.249154227818034713e+01
8.960366870979666487e+01
-9.248829141390429243e+01
-6.353028117828452537e+01
-6.754223029586232485e+01
-8.505868296393350647e+01
3.145733343728440090e+01
-1.837388723265380861e+02
4.458299470358579697e+01
1.313089166899221425e+02
-1.613111546739375228e+02
7.665318459424257469e+01
-2.476340096825284576e+01
-5.963147181461958724e+01
-4.200580573836352727e+01
-1.029178313201042840e+02
7.135907536284051389e+01
-1.656277340738152759e+01
-8.034053305432863112e+01
-6.124515749524302066e+01
1.855743756132735811e+01
1.645440438867476587e+02
7.586075446058269733e+01
-1.549206866444185380e+02
8.346904872413740861e+01
9.415975050310500194e+01
-1.685785555982625112e+02
5.044608317346118298e+01
9.779205448050433347e+01
3.878211750801199287e+01
-1.312525733644668549e+02
5.047099794766916148e+01
-2.590492023685978751e+01
-6.977085932966997461e+01
8.516754639748896238e+01
5.021563371748135829e+00
-3.662775338849666440e+01
-2.792589976154180320e+01
-4.084205583572605747e+01
-1.600662456159178078e+02
-1.452530938843896458e+01
-1.781839734694464710e+02
-6.923148887393669781e+01
4.522652081686829462e+01
-3.364991954282591280e+01
7.978760799141507221e+01
1.300060132220264819e+01
-1.127654901419821165e+01
-1.181601957423144995e+02
-1.450191748014019311e+02
-1.318123189564778102e+02
-6.122741970160242886e+01
5.206494939707413394e-01
-7.929255628843387171e+01
-8.755769031544198810e+01
5.512989552844002361e+01
-2.892351887768022678e+01
-4.210446362499392592e+01
2.499040502839689566e+02
6.123104511752444523e+01
-1.241357361601855480e+01
-3.386854090624095903e+01
1.040475928182978578e+02
-1.541134213938018718e+02
-6.097487957691315330e+01
-1.352550649622035337e+02
2.840177503970732431e+01
5.695386365899486236e+01
-9.566227217701305463e+00
-5.481068904123355878e+01
-1.030684532543209571e+02
-1.402287256472578747e+01
-9.039295538119699813e+01
1.173457575012664904e+02
4.186756451263703127e+01
-6.136443220379080543e+01
-3.176900840294314854e+00
7.359753874426293407e+01
1.360408446477192967e+02
-9.353833334451050519e+01
-3.198458366142662612e+01
-1.418106331668717530e+02
-3.011826225369832244e+00
-9.623491100645702545e+01
-1.070095141848431695e+02
1.080488764931480539e+01
1.207696710737982499e+02
5.007437914338770213e+01
1.259443561238134919e+02
-1.013119744690065716e+01
8.633770350605510657e+01
-1.087900481876156817e+02
1.881152726615942186e+02
-6.059075279931700209e+01
-2.245873217853278163e+02
-8.749234152085837479e+01
3.807902303769281360e+01
-6.058143234777455177e+01
-8.011984791523337890e+01
-1.857335032226014562e+02
4.622504727582414930e+00
-2.540749016936373117e+00
1.292420437682136765e+02
1.286371561836054696e+02
7.813043213164179690e+01
-3.477783048076167205e+01
3.172513542911773499e+01
-1.819134492309044449e+00
5.826376076405619386e+01
-2.073733788090833841e+01
4.465035854753208611e+01
-4.126409323620731584e+01
5.417211649853471300e+01
-5.517213481912158102e+01
-5.974757602790096200e+01
3.125422499364598750e+01
-8.963866536212144354e+00
-2.342783830650138555e+02
-4.687031632128445757e+00
1.647856831390166974e+02
-8.024332051309481528e+01
-2.602830713842416088e+01
-1.537268526206470654e+02
1.588922771331546073e+02
-1.140399067812818856e+02
-1.460675350561164407e+02
2.109655630861531606e+01
-9.363185376343388100e+01
7.346657018452491172e+01
-1.219425069805400028e+02
1.048959324442210317e+02
-1.349057741248372544e+01
9.571351422141503917e+01
-2.652270165786962153e+01
2.460658891025535766e+01
-2.141765071767958091e+02
-1.483023308910379967e+02
-3.166132143798834520e+01
-2.359055881961403998e+02
1.904921459024423598e+02
-9.213048713967516790e+01
-1.992911560391734938e+01
9.370524219364276064e+01
-1.603872732312710170e+01
-3.013442346645090097e+01
8.673927649916741700e+01
1.015846564449930014e+02
1.367778102484627141e+02
1.196515889242722608e+02
1.060243230330168700e+02
-9.589498544193776297e+01
-7.195498706926581889e+00
-1.405363376380373097e+02
3.157874727971319473e+01
2.130495966162053634e+01
-6.291273768490375318e+01
-1.395557310320851911e+02
8.026295210667767321e+01
-5.792369576622185434e+00
8.437774224699120396e+01
6.372975569821865349e+01
9.982729918071218123e+00
-2.470771362621329956e+02
-1.926814584109283999e+02
-1.206817149951775150e+02
-4.544107181866532841e+01
2.605256612012347617e+01
4.200785562590088063e-01
-1.531635912662985888e+01
-9.260722158072734089e+01
-1.318957817714037333e+02
-3.630188129777117467e+01
-4.518124354833059897e+01
5.332177677617234046e+00
-2.882577614731912519e+01
-1.017883300867950567e+02
1.012439109075592398e+02
4.091432150297081449e+01
6.741687801800995317e+01
6.079922126679316108e+01
-1.013932395027908342e+02
-8.104422376737376510e+01
-6.228551531558302656e+01
1.268294090314523572e+02
-1.040157354954827085e+01
6.997601576268365875e+01
-9.673323897791918569e+01
-2.522451921935948249e+01
1.383272944238391631e+02
-9.464490068761651287e+01
-2.744149973124036634e+01
-1.193428437004935034e+02
1.209413164455083916e+02
-2.380817222303614145e+01
-6.238695967807741383e+00
2.216853079825438666e+00
-2.492435140552472319e+02
-2.138590116011018338e+01
-1.973023575885405734e+01
-4.102488673987294732e+01
-3.636331608301776441e+02
6.916394631728513787e+01
-1.136442244140785505e+02
-1.173679550988881886e+02
-1.702152232598437251e+02
-1.550671238269883112e+01
4.812563132962139889e+01
9.789498459565183452e+01
9.031373964124378517e+01
4.471671564462043591e+01
1.147283999505705054e+01
3.736252637499221407e+01
-3.348988039861765031e+01
1.096779226775384686e+01
-3.482575187708261666e+01
-3.053947620586573208e+01
2.267404503407264116e+01
-1.114442082845720350e+01
-1.025045750224333858e+02
-2.234561630181867642e+01
-5.513268821332550118e+01
-2.908493110852801067e+01
-1.122118183130758098e+02
-1.133072824251436401e+02
-6.449632828385428240e+01
1.554586739098282067e+02
2.284431929122764160e+01
1.838786717605287038e+02
9.645836245493535444e+01
-6.469550129933922733e+01
5.366245810328303634e+01
1.076832594580426701e+02
1.564249281095591826e+01
2.058347566902589847e+02
-1.283163265847512662e+02
6.883851315730893816e+01
1.155516657789416399e+02
2.065883331544047508e+01
-9.669533200323581212e+00
-1.473211148890405866e+02
-7.290255293409165915e+01
-8.663388646264581894e+01
6.360644882468374561e+01
-1.660235309077681976e+01
-3.314452716425776657e+01
-4.521844021870854391e+01
2.375370050007321865e+01
-2.811146076437212926e+01
-9.969756053181509969e+01
-4.873737289315592136e+01
-1.665872539131260339e+02
7.358509056030132278e+00
6.435256816383406964e+00
-1.487768844866333851e+01
-5.058765234360751606e+01
-9.289095800236559342e+01
-4.848383575429130588e+01
7.980032080009078754e+01
2.126665749314526010e+01
3.231096635806179052e+01
1.790449513622481561e+02
1.595931127974740775e+02
-6.105294428652288730e+01
6.733089193642182124e+01
9.691996320313562840e-01
-1.766711353598825838e+02
-1.398835275930666278e+01
-5.735848388015839561e+01
7.964602739114101837e+01
-1.218904685732218240e+02
5.957064464807653081e+01
7.745174555812003803e+01
-4.506319529763398180e+01
-1.206309330665136947e+01
8.685593878540046830e+01
-6.965227243098787824e+01
-4.126585480405582018e+01
1.885616004962928685e+02
-1.111316430609845725e+02
-5.890381934146529375e+01
1.517126656426338513e+02
-4.045364348762311124e+01
1.556886982619178355e+02
-5.304176989375127249e+01
-4.613666106381948850e+01
7.186000625306243705e+01
-1.175324866569845312e+02
-8.703266465868142632e+01
-1.503409906121174799e+02
1.646338531000181433e+02
5.486057728209875251e+01
4.922454101240062130e+01
1.481925199735134981e+02
1.199579833633452068e+02
-7.289634382382834588e+01
1.288661312769307017e+02
6.136281160944297142e+01
-5.421808156075395857e+01
-4.121230483367418884e+01
6.211638734978033938e+01
4.266268643427997631e+01
9.040957967799733153e-01
-6.143841961289135867e+01
1.193147108755361252e+01
8.929274916842187793e+01
1.625176090993174682e+01
1.529676969170692757e+02
-8.918834911653738118e+01
4.808475815385687469e+00
-2.399968146893761229e+02
-4.680332630980141317e+01
4.729695774546041775e+01
7.991860215599550088e+01
-7.859195509423095416e+01
-6.937319884008579152e+01
1.164649341377922909e+01
4.778143340512369974e+01
-8.034177354064367194e+01
-1.053739491689730698e+02
-1.872895227520441797e+00
7.493340587832325639e+01
-5.459342363078155103e+01
-7.479288162417030605e+01
4.435868333863828639e+01
-1.962369823808821323e+01
1.146878811741939153e+01
-3.801933599408071274e+01
-1.825362896658744916e+01
5.409398773511912850e+01
-4.164324755365398545e+01
5.672556459445341659e+01
-6.063607958077025017e+01
-5.664992158209629203e+00
-1.026363064943108583e+02
2.639449222160192221e+01
-3.035557312716989031e+01
7.152470858310157276e+00
-1.567277953180338557e+02
4.264756162379860882e+01
-6.024886456415255509e+01
-3.764014104826293305e+01
-1.620970222003627015e+01
8.591809497337666812e+01
1.034242980582703453e+01
2.539711281735443649e+01
-5.261480384720233161e+01
-6.668393077032729366e+01
-8.789410529938959371e+01
-5.078253775084586863e+01
7.394495476895862396e+01
-5.471890737070600608e+01
-5.075054415931919749e+01
1.117683552041049921e+02
3.045008979667827731e+01
1.742908441704024014e+01
1.058660120990918614e+02
-5.839299287099863278e+01
5.059499355650899588e+01
3.117401149722364151e-01
5.573098422635086280e+01
2.775674475032478838e+01
3.072181386869079844e+01
2.098346388541053642e+01
6.907751642804373660e+01
8.498954646774175004e+00
1.170475644731958198e+02
1.078867183941803205e+02
-4.007954199394018957e+01
4.566890835913388713e+01
1.391167023866205739e+02
-1.725790157827812834e+02
1.219813066108401358e+02
1.568444121864844476e+01
4.259592848695523060e+01
1.144498835419545912e+01
-7.271997901615963933e+00
3.408323212289972304e+01
-7.732936051692156809e+01
1.728747647675521932e+02
-1.415342931488942035e+01
-4.119516638074680515e+01
-7.172114782525447652e+01
1.531541006304442654e+01
-8.975735090219721712e+01
-5.978685383508614848e+01
7.969842481709397575e+00
1.640938590570785323e+02
2.217805026673236313e+00
-1.719106323433057071e+02
4.789136004225171916e+01
-9.801160458303421308e+01
-1.432412326849531610e+02
1.525012755892544192e+02
-5.281877233470662247e+01
-6.677355824114266625e+01
1.263741427573626339e+02
1.331074474702237751e+02
-1.212225230940289435e+02
3.565605271049778935e+01
9.873551140651940727e+01
-2.596910683191287461e+01
-1.206761109407173933e+02
-8.173472128202917020e+01
-2.269495288688050039e+01
4.795983894875963216e+00
5.855061115421931817e+01
1.097705670000456450e+02
-2.045444072539017810e+01
1.626239943035251940e+02
8.299555547235776487e+01
5.813819130345402897e+01
4.636873546036611771e+01
-7.223189402578944396e+01
-8.443317899704446461e+01
8.190731872939818459e+01
3.893740008936342178e+01
2.574188521162047749e+01
-2.180827896028025492e+01
4.854866086785604296e+01
-1.350424245647575638e+01
2.572485391693857082e+01
9.358159836472607651e+01
2.167806059800163609e+01
5.744914225984687306e+01
9.591023518325378916e+01
-9.601562157894847349e-01
-6.602029880341694934e+01
2.045063027938761824e+00
-1.022825014228109897e+00
1.189494126540582357e+02
3.647598220687489068e+00
-5.004502978436726579e+01
-8.180679000298856351e+01
-3.123014892446702362e+01
1.230635621333121676e+01
-6.714331254268088855e+01
1.274423470582427953e+01
7.827480103035347270e+01
-1.535982717434459346e+02
-1.373877998232641175e+02
1.179269792570944446e+02
4.092377240574300146e+01
1.849842208998726107e+02
-9.426419704680287737e+01
5.688804902522382179e+01
-8.428274217980930416e+01
4.684948650867044151e+00
1.806802432394452183e+02
-2.298303213013881532e+02
-1.216297898680803371e+02
-7.932739721297319591e+01
-1.073027782356938786e+01
-3.170267290696851603e+01
8.262208587807126037e+01
8.824335555952147558e+01
7.640551495712738017e+01
-5.323499481724270765e+01
5.999219688799875883e+00
-1.848423915664322408e+02
-1.235871214487532086e+02
9.746024232046087832e+01
-1.143287552334531938e+02
1.448500695866705996e+02
-2.387571427550776093e+01
8.663908220736591659e+01
1.459595364098355788e+02
1.934226142413547578e+01
-5.339065752655650954e+01
-6.551768009705175189e+01
-9.009232018444747325e+01
-8.430054868015279368e+00
-5.976315732143265080e+01
3.688165850420931946e+01
-6.224605206733274088e+01
-1.015975232964115946e+02
-7.744176657569435918e+01
-1.720935475793213527e+02
-5.833413062071986133e+01
6.754172980384376501e+01
2.387504782627058830e+02
2.000310122950047642e+01
1.713491891808785965e+02
9.940757430371314740e+01
-7.872032655929861278e+01
-8.261978387331505758e+01
-1.467266564936495143e+01
-1.515048360879602285e+01
3.305781497114391243e+01
-8.466772486165137934e+01
8.114008939256083863e+01
-9.856591986128847793e+00
5.764818154127868155e+01
5.475909725830553754e+01
-8.695559532753740939e+01
5.946521547581446754e+01
1.814034397576108049e+01
-1.035252909151893164e+02
1.092651703823829834e+01
-4.405559414130758356e+00
-3.236540483852350292e+01
2.740180651874995021e+01
-3.828938842615088589e+01
3.072024909054557895e+01
2.087527475299396862e+00
-5.211987914163226066e+01
-6.281326237877049579e+01
-1.048711778490954885e+02
1.639176267089507633e+01
-7.827980170419722583e+01
-8.576668438638094472e+01
5.511532233924429391e+01
-2.683606101597180071e+01
4.598364020701035315e+01
2.474969871753848949e+01
-8.315862955308590188e+01
-1.092151794712933821e+02
2.651864479330280133e+01
-7.372682607925635523e+01
-8.140836611823755220e+01
8.107385140973255488e+01
-2.296725133505686856e+01
1.169619399156129731e+02
